9419 9 16888
12362 9 12689
9634 9 12689
3231 9 18425
25426 9 19211
4839 9 4801
6927 9 12689
28011 9 31451
30917 9 5491
31113 9 28011
8811 9 12689
32102 9 30797
18737 9 9225
98 9 98
12689 9 12289
16121 9 32575
29700 9 27187
12121 9 28011
17539 9 17655
27015 9 13832
4801 9 9756
28011 9 4801
10509 9 10447
15306 9 9536
28600 9 21021
3697 9 28777
12183 9 24427
12689 9 18013
14832 9 21462
23466 9 24060
21347 9 2792
29650 9 1944
30685 9 10785
16121 9 15375
33251 9 18471
20942 9 24396
12149 9 12689
12689 9 19276
6100 9 6100
18988 9 27350
27477 9 16902
12289 9 28011
9634 9 19211
30797 9 22320
28011 9 4743
10135 9 18929
18737 9 29411
12689 9 4249
12362 9 19633
6414 9 32250
27187 9 12689
14214 9 12689
31061 9 4801
19808 9 30337
9954 9 20570
26623 9 29032
18181 9 8011
12689 9 6821
13874 9 14214
28100 9 28011
18936 9 21629
16968 9 11462
21273 9 19893
12289 9 28011
12689 9 25937
8841 9 31148
10971 9 4801
12689 9 22796
7131 9 28011
28011 9 27660
28011 9 18471
19149 9 12289
31782 9 16363
12689 9 1112
29038 9 20828
28011 9 29076
28136 9 13048
28011 9 28011
1112 9 31151
4014 9 2792
31393 9 24125
27560 9 12689
9419 9 28011
28960 9 3979
28011 9 27660
28011 9 16492
6950 9 29280
32897 9 8466
12689 9 18714
21273 9 8464
24829 9 30797
24517 9 9427
25315 9 12289
4249 9 12046
23667 9 7284
20947 9 24427
2708 9 28777
19025 9 26305
20878 9 30620
12689 9 4905
24651 9 28011
12362 9 3697
13189 9 26506
29700 9 3697
32254 9 11157
14214 9 227
4039 9 28011
8936 9 12689
31075 9 28011
18013 9 29086
20019 9 18013
10252 9 28011
3619 9 9432
2375 9 28011
30115 9 10644
31366 9 9756
18737 9 866
12689 9 21761
19384 9 28011
5637 9 10931
32215 9 27892
28011 9 15520
30244 9 25197
15136 9 18740
2254 9 33319
20575 9 22251
16121 9 12689
12689 9 3619
13796 9 30797
6818 9 28011
20019 9 13832
12689 9 30797
10227 9 9015
1659 9 11548
28011 9 14643
19276 9 10509
16309 9 18737
3206 9 22959
9419 9 9529
16702 9 3952
25958 9 29411
28011 9 21194
14059 9 12689
14106 9 28011
7068 9 14308
4340 9 7223
30010 9 20958
21672 9 8466
98 9 25615
28011 9 15400
3820 9 18552
10150 9 7791
2254 9 12188
14106 9 23598
11029 9 15858
12689 9 6578
7297 9 27892
14214 9 29495
20513 9 30598
10796 9 12689
7131 9 8595
28011 9 18641
13551 9 12689
27024 9 9740
21273 9 9634
28011 9 18174
24093 9 24529
5157 9 4801
5463 9 11462
98 9 4743
3354 9 8968
28011 9 12943
22796 9 12826
16121 9 12689
20958 9 21021
2375 9 12689
12689 9 25315
28011 9 32627
7535 9 32892
12689 9 5248
22435 9 2375
28963 9 21453
21335 9 2708
5658 9 26298
1276 9 13236
227 9 19050
20513 9 28011
7306 9 28011
8595 9 12112
24586 9 32252
12340 9 19211
12689 9 12362
19211 9 12689
31893 9 14353
18670 9 29953
25554 9 24942
12289 9 1112
31293 9 14480
22982 9 12689
29953 9 28011
4014 9 858
16838 9 27226
9669 9 8514
21273 9 9509
12689 9 31448
28011 9 7316
9634 9 20019
2909 9 10110
16838 9 12689
2708 9 12689
30772 9 19415
28011 9 11193
906 9 9457
28011 9 28294
4039 9 27064
12689 9 16093
31942 9 22257
28011 9 32943
28011 9 6398
28011 9 7057
24706 9 1112
27064 9 13131
7241 9 98
18737 9 28926
28627 9 25833
9634 9 21273
23490 9 25222
12115 9 4801
12689 9 15400
12689 9 31599
26982 9 28011
3697 9 12289
12689 9 28011
4801 9 12289
227 9 32414
14184 9 27892
28011 9 9634
33319 9 2446
5420 9 17226
7808 9 18193
18714 9 31785
25084 9 28011
18567 9 9233
28011 9 19732
4249 9 535
23488 9 15847
20610 9 28011
30360 9 1189
29826 9 27365
12689 9 12689
18324 9 25524
4979 9 12689
25772 9 32250
28011 9 28011
28777 9 12689
4743 9 1714
12689 9 1486
3245 9 28011
16287 9 7155
906 9 28011
6414 9 28011
12689 9 24152
15393 9 858
21863 9 32513
2446 9 12362
1619 9 28777
23776 9 20942
10380 9 3619
12362 9 12362
7314 9 33266
19464 9 5768
4979 9 7944
16968 9 31806
18929 9 18929
28011 9 27226
906 9 28805
10884 9 12689
12689 9 9419
7272 9 6100
21672 9 26524
27187 9 12689
20019 9 28011
1112 9 8936
28777 9 23390
17307 9 12289
12689 9 5135
3231 9 6120
14634 9 31209
2375 9 27226
29725 9 12362
10121 9 32099
17798 9 16888
512 9 27794
12689 9 9954
22324 9 24285
4839 9 8466
12689 9 25222
28011 9 2375
4801 9 11643
175 9 28011
22563 9 13534
18425 9 8107
28011 9 28063
7695 9 28011
21057 9 12689
4647 9 29062
14530 9 28011
906 9 9823
12188 9 12035
12689 9 12289
28011 9 28132
12689 9 28011
26981 9 27024
13249 9 10038
4185 9 12689
12689 9 12289
4959 9 25772
12362 9 9756
13073 9 3972
3972 9 163
28154 9 32281
3040 9 28926
2016 9 28011
3273 9 6403
10779 9 6398
28805 9 26429
19057 9 22567
4801 9 28926
4249 9 24811
2528 9 28011
13832 9 353
21574 9 17139
31061 9 29411
16038 9 12689
20513 9 13583
29793 9 16888
12121 9 12689
17226 9 697
3354 9 8968
15984 9 906
19033 9 13489
6314 9 22660
10178 9 27064
19893 9 29083
2886 9 25196
12689 9 30915
2375 9 1067
13741 9 28011
13739 9 28130
30564 9 32897
420 9 24114
17992 9 27226
11156 9 5440
16543 9 3231
17755 9 6289
29086 9 22488
29927 9 28011
12689 9 28011
1115 9 10178
18670 9 202
17226 9 13667
20894 9 12689
12689 9 4637
27821 9 8241
5427 9 10478
12689 9 31075
19211 9 31016
17025 9 15579
14832 9 12689
16121 9 27519
28011 9 33252
28011 9 12689
8936 9 28540
20226 9 19898
14214 9 18936
12689 9 11117
12689 9 5427
12289 9 12289
3336 9 28011
9931 9 14808
27455 9 28011
8466 9 26138
6931 9 4208
27151 9 21437
906 9 28011
18714 9 5157
22022 9 27683
28011 9 12289
12689 9 28664
20207 9 12689
20770 9 3354
28011 9 14184
11426 9 28011
28259 9 11462
23878 9 21437
9634 9 18471
22310 9 28011
10135 9 2375
32885 9 24527
71 9 16309
28011 9 23633
15887 9 18013
9457 9 12289
1567 9 28507
31394 9 28488
12689 9 6818
28011 9 27190
9634 9 19211
28011 9 23914
9419 9 5325
175 9 12689
11106 9 28011
28011 9 28849
4647 9 28011
28116 9 1623
7910 9 204
1173 9 12689
12383 9 12689
21672 9 27226
28011 9 20535
4801 9 29076
28011 9 2535
22982 9 11725
12289 9 18936
8407 9 3569
6032 9 17539
12188 9 30726
11670 9 10417
30609 9 322
12289 9 12689
12149 9 21381
11280 9 28011
19059 9 25958
19233 9 5742
16255 9 25554
15880 9 32585
10796 9 28011
9329 9 98
12689 9 3111
12689 9 12289
18825 9 12689
30446 9 21556
25932 9 29194
10509 9 24517
2185 9 4801
687 9 29411
4208 9 18141
858 9 19384
32501 9 3393
3231 9 18988
28011 9 19722
21428 9 28011
10907 9 13832
24529 9 12689
5742 9 9954
18567 9 5618
24651 9 9634
29134 9 31348
12689 9 28777
12289 9 6503
15842 9 3245
28011 9 30425
12390 9 29062
27420 9 20753
12689 9 17698
9262 9 4764
21273 9 4942
28011 9 15996
30387 9 19072
24093 9 19517
21847 9 28011
27821 9 28011
6578 9 28946
22475 9 25206
28011 9 30726
28287 9 5742
31061 9 14878
12826 9 28011
12689 9 12362
14530 9 28063
26982 9 22435
6786 9 2336
12845 9 18326
19130 9 28011
18013 9 12289
12689 9 20896
31785 9 32235
21908 9 24829
28011 9 9020
2708 9 12689
7503 9 11955
25937 9 6032
15393 9 1482
21907 9 20942
12689 9 23490
12689 9 22982
23575 9 19466
28011 9 17539
21672 9 1721
29700 9 12689
71 9 8935
894 9 17287
17698 9 19732
21273 9 30797
4801 9 3955
12689 9 27930
23449 9 10227
24829 9 28011
906 9 4801
26429 9 21826
27028 9 12689
4801 9 21057
10907 9 10907
3559 9 7794
28926 9 4039
12383 9 19276
16093 9 28011
27094 9 22182
13210 9 25156
23877 9 28011
12289 9 8473
26442 9 11712
16912 9 7145
33311 9 12689
21321 9 29062
28011 9 5461
24829 9 3354
13578 9 21574
17698 9 29424
4801 9 32764
19216 9 30674
32501 9 28011
28011 9 11725
28011 9 7910
20894 9 18929
25315 9 31347
12689 9 26001
12362 9 5686
12689 9 28011
26564 9 28011
15816 9 9419
13131 9 28011
1326 9 12689
21349 9 7808
12689 9 9634
3231 9 6902
12794 9 21879
7131 9 28777
28011 9 24458
17056 9 29487
31922 9 12126
23599 9 11193
27015 9 9548
27519 9 12689
12362 9 21892
1728 9 7651
6989 9 17816
28011 9 15107
9548 9 1356
29411 9 2375
26335 9 27964
28011 9 1567
21273 9 17463
13049 9 7808
4014 9 12689
17867 9 9432
12689 9 28011
353 9 866
12289 9 4249
6858 9 27660
10220 9 12289
21273 9 23877
23449 9 8466
24829 9 4633
1113 9 25772
21864 9 21898
24093 9 12689
15273 9 18567
12689 9 28011
16354 9 2375
28011 9 26008
12289 9 23575
4139 9 28011
12689 9 3534
27844 9 3245
27024 9 12689
22317 9 12115
28011 9 13697
30758 9 31064
8595 9 29411
28011 9 31255
10178 9 18929
28011 9 420
9509 9 10509
12689 9 11970
29958 9 30797
28011 9 29957
19732 9 28011
12689 9 8740
32575 9 28933
14327 9 28011
17748 9 16968
12689 9 4944
30797 9 20877
19229 9 17816
11736 9 32592
4489 9 11800
28011 9 13189
2708 9 12689
25715 9 12689
3959 9 12689
12689 9 9634
26639 9 1335
12289 9 12689
7005 9 26564
9634 9 21273
32252 9 28011
12689 9 15579
8663 9 28011
29725 9 21057
175 9 28011
23266 9 7554
19478 9 18013
16121 9 28011
13697 9 24891
29793 9 12383
15489 9 3245
14384 9 20884
24942 9 3955
12689 9 21847
27852 9 24643
28011 9 30512
31934 9 28011
4205 9 13131
15187 9 12362
28011 9 30742
12689 9 385
20146 9 4801
13354 9 2111
12689 9 323
14386 9 12821
8281 9 31782
20279 9 21907
20207 9 28011
5742 9 5742
8466 9 6711
28011 9 28805
33311 9 16684
4801 9 98
29953 9 7808
26658 9 28540
18936 9 10754
16309 9 21908
276 9 1112
3231 9 29700
26036 9 19464
27477 9 28011
12689 9 12689
11346 9 9634
9634 9 21273
18471 9 4335
28011 9 2538
21321 9 9353
18907 9 21273
12689 9 25315
1112 9 11130
5036 9 26036
28011 9 16309
20483 9 11193
28011 9 6635
24359 9 15922
16888 9 15483
1680 9 28011
2933 9 12149
9634 9 1112
28011 9 27844
18521 9 6943
8473 9 12689
13410 9 17729
16492 9 9634
10959 9 19690
16268 9 4743
10509 9 14059
4249 9 21257
28011 9 18471
21021 9 12188
28011 9 21826
19063 9 12289
13894 9 13131
32250 9 31785
264 9 26982
10817 9 26571
13832 9 10135
27104 9 23159
12689 9 31946
15400 9 5639
25156 9 18670
17950 9 13410
9859 9 30049
28011 9 12289
13210 9 6578
16339 9 28011
18822 9 12689
3354 9 21388
30318 9 21021
17934 9 26001
7651 9 25516
28926 9 26305
28946 9 4801
28011 9 23449
21196 9 18670
12689 9 9756
3245 9 4801
12689 9 32951
12362 9 12689
9717 9 28011
25659 9 18359
18988 9 28764
19050 9 31395
28011 9 9634
5742 9 5742
1788 9 11643
29821 9 6388
2254 9 9756
27892 9 1115
21332 9 31942
13493 9 26124
22331 9 28890
20942 9 858
9669 9 25197
6100 9 28011
23463 9 7651
98 9 4801
28011 9 22322
31785 9 3354
28011 9 8466
12689 9 1900
12188 9 12689
10509 9 18018
12689 9 14807
12689 9 28011
20095 9 12689
10728 9 12689
29796 9 12362
13493 9 27477
32592 9 21847
31061 9 13131
15151 9 17463
7651 9 3244
29311 9 7131
27806 9 21908
9954 9 12689
1944 9 31061
12689 9 16888
8595 9 18013
15165 9 12362
20325 9 28011
6671 9 19387
27697 9 8466
12689 9 12289
165 9 16985
4939 9 11193
27821 9 284
13832 9 14308
13131 9 22997
24060 9 23004
3914 9 12689
6578 9 11807
12689 9 26377
6032 9 25771
8137 9 24829
10156 9 12689
16838 9 3231
2375 9 10235
30281 9 18239
32215 9 19211
32553 9 12689
18110 9 12689
18714 9 25772
33312 9 10227
28011 9 12689
12689 9 12362
4097 9 21273
12689 9 18013
17049 9 12689
4801 9 27669
1623 9 13131
8402 9 12289
13697 9 6391
9419 9 12945
28777 9 3972
21629 9 21388
8936 9 23974
28011 9 4249
27420 9 906
25315 9 24907
12689 9 6994
12689 9 2708
12289 9 16888
13281 9 16309
1909 9 20734
12689 9 4801
20894 9 29194
4701 9 11967
8402 9 30662
28777 9 12289
23452 9 12689
2500 9 28011
28011 9 12844
26442 9 9225
8402 9 12689
14214 9 29086
17867 9 31242
31075 9 25582
9634 9 28011
4801 9 11618
3972 9 12383
4633 9 4801
31903 9 25615
19211 9 9634
12689 9 20268
18567 9 15273
28011 9 29280
31942 9 11156
4433 9 10846
12689 9 25564
12289 9 16378
6100 9 28061
7808 9 12362
32797 9 20019
4014 9 4917
9634 9 16309
14214 9 25156
27139 9 28011
12689 9 16121
6032 9 32943
14194 9 18013
12689 9 12289
13493 9 12689
28011 9 20884
8872 9 12689
10381 9 29311
33191 9 15489
23451 9 27386
28011 9 7651
14214 9 12689
6003 9 29750
30337 9 12689
29413 9 12689
12689 9 7493
9634 9 21864
23458 9 8363
13236 9 17307
24262 9 16821
227 9 10135
24517 9 16795
14530 9 21898
21665 9 24860
9634 9 19211
23575 9 12289
7785 9 2375
1636 9 23780
9550 9 13313
16492 9 10904
2375 9 22488
4161 9 12689
248 9 5904
12689 9 6944
27519 9 12689
14878 9 31946
27064 9 7155
15151 9 9634
16093 9 2375
18988 9 12362
22251 9 28540
29307 9 20325
9353 9 12689
29998 9 13466
13989 9 28011
27566 9 12105
9419 9 28011
25222 9 17867
3769 9 17944
6314 9 23390
19211 9 13131
2938 9 30281
19127 9 29041
6112 9 1271
27519 9 25821
28011 9 4249
12689 9 9557
7618 9 4161
11016 9 28011
12689 9 19732
30269 9 18013
12689 9 12289
25584 9 19464
21332 9 12689
7314 9 2875
5325 9 9419
25249 9 2600
8041 9 14214
18013 9 21283
8061 9 202
19211 9 9634
12689 9 24897
18013 9 4532
10327 9 12689
25315 9 28011
2708 9 4185
29968 9 12689
8936 9 28011
3041 9 12289
6000 9 20894
17946 9 23852
12289 9 10846
28011 9 29445
31934 9 23370
4801 9 8466
2254 9 12362
27477 9 28011
28011 9 22959
24375 9 29086
1524 9 21984
28011 9 7386
28011 9 23490
17539 9 9149
5933 9 14691
9485 9 21021
28011 9 13314
20942 9 17798
16494 9 17139
20826 9 4049
33221 9 28155
2375 9 28011
32859 9 25105
28011 9 12635
27104 9 25156
21908 9 23575
19722 9 30337
13832 9 23855
9244 9 12689
12689 9 5995
9935 9 30269
25374 9 23102
16378 9 28011
9509 9 18013
19343 9 12689
10687 9 12689
29725 9 28011
22183 9 28011
2708 9 31994
5658 9 27566
3336 9 6100
31946 9 31946
10252 9 25315
12362 9 21599
9823 9 25129
28063 9 28011
12689 9 19446
23687 9 12689
12689 9 28011
20565 9 4543
12689 9 32252
12689 9 28061
19211 9 9634
512 9 30953
4801 9 28011
27024 9 12016
20790 9 18484
23855 9 32307
23266 9 23449
24272 9 2327
2345 9 10884
19568 9 28011
16919 9 30258
28664 9 28011
24517 9 12689
19211 9 33245
30512 9 18857
4193 9 8466
28011 9 9669
11213 9 12689
12689 9 12689
23769 9 32561
27477 9 31017
10063 9 23575
28011 9 12689
12289 9 28100
10779 9 20513
10846 9 28011
28011 9 28540
24657 9 24838
17698 9 12689
3245 9 32854
12689 9 19211
33311 9 2938
98 9 12689
11725 9 12689
19059 9 28011
