3314 7 7858
1574 8 8286
16826 3 4249
11664 11 30414
12111 5 25519
7785 0 13882
13022 0 658
17193 11 25092
3909 0 21437
172 11 33305
18325 11 21564
2620 3 9276
23386 0 10233
16515 8 24620
29960 0 17383
13192 11 23781
13444 0 10717
13852 11 26429
11478 11 25472
21937 0 18615
32556 11 21451
10314 8 9838
32554 0 13049
6521 8 15166
18940 0 1738
27786 11 20977
13493 0 7826
1276 1 30782
8168 11 20055
16954 8 3294
28859 0 9191
25070 0 18975
14143 11 25685
30087 8 11790
9737 6 29242
30000 0 18146
4249 0 19022
8623 0 12599
10733 7 16079
22031 0 32447
1691 0 21952
30223 11 24823
26690 7 28460
26926 11 2832
10901 5 22629
3313 11 28248
1221 8 29694
25477 8 26847
32219 11 8444
14602 11 1735
31394 0 21454
11609 5 1221
21571 11 9033
13714 0 22130
16948 11 26920
25236 3 31989
6701 0 14813
12638 10 20947
15408 0 263
9149 0 59
9496 11 16044
29714 11 10801
11222 11 19524
30948 5 17111
8982 10 5451
27630 0 31397
21540 0 20242
19517 0 22751
22290 11 19219
20295 11 9974
1838 8 25075
10467 11 3713
26700 0 28839
5703 11 28517
29177 2 19678
4249 0 25138
32235 4 5740
1621 5 7045
5521 8 3810
19930 0 4734
25115 2 30742
2901 7 9902
14976 0 27251
14715 0 1197
31566 8 20712
3124 11 32488
20795 0 28528
22988 8 16503
2953 7 4267
21270 6 23721
29013 11 17256
15816 11 25997
2193 11 8298
26083 11 11548
4740 0 4401
13280 0 10784
20914 0 25647
25779 11 31515
16071 5 27544
4249 0 21204
32975 10 20226
1966 2 29777
13493 0 17812
11858 11 7767
3620 11 7688
29827 8 30011
28777 0 27028
22724 0 13897
1310 0 24848
6472 0 20382
15995 5 7873
2918 11 9250
9183 4 31271
4895 0 13910
4590 6 5882
8315 6 18737
26887 5 29369
19176 11 5281
12572 5 31492
15558 1 3726
18525 5 15808
5375 0 26582
21801 11 19927
11901 11 19857
24975 6 25959
5796 0 8758
22163 0 20911
24920 3 29977
31722 11 3720
29679 5 9751
22318 11 291
30082 0 13700
20947 2 521
4654 11 17501
13018 6 15871
22600 11 16912
7370 11 23243
18936 0 13602
6008 2 6381
6589 5 21385
30744 5 1221
12882 0 13176
10033 10 4937
7540 2 22965
22955 3 4695
22780 6 10042
19048 11 11807
30269 6 7235
24063 0 18804
1649 0 33133
15964 11 21428
27980 0 11216
12025 11 19973
5681 11 4052
29236 3 17000
16888 0 440
21425 8 23562
4249 0 32200
18929 0 17405
8221 0 24148
21280 0 16330
9573 11 13603
4583 11 14957
31157 11 26045
20985 11 10641
1839 11 13641
19560 11 5281
20718 11 14132
14530 0 1211
4389 10 897
25292 11 22705
7741 0 30211
22984 11 15083
17655 0 22394
32505 11 26795
20015 0 18347
10816 11 16044
22176 11 16237
17197 6 24631
28462 2 18637
32636 0 8578
19057 3 20383
11691 5 24219
25310 0 13183
10685 11 27180
14662 0 3164
19254 8 28706
723 0 30654
22515 3 4249
7464 5 1314
14530 0 14318
7331 11 21194
24154 8 4476
9552 0 1356
16605 11 7452
18529 0 12859
16724 2 16304
9754 6 618
5577 11 18580
10154 11 16496
20402 0 30719
18723 4 14587
22131 0 31320
15670 5 1378
16588 11 14242
15073 0 32050
5838 8 30741
27510 11 32863
27054 5 8786
15543 0 27050
29921 8 25098
30233 2 32790
20637 6 13108
1665 11 23983
20226 2 6286
27907 8 14102
32408 0 23996
23732 6 20999
32102 11 29194
7857 11 29474
24370 8 9480
10013 5 15051
14389 5 32257
9439 5 11877
17041 11 31910
17706 0 6902
8555 11 11097
7290 10 18929
29854 7 7453
27809 11 22346
18867 0 16489
31727 11 22474
23389 0 21905
29391 3 16620
14296 1 8379
134 10 20226
17673 2 23202
16713 11 14242
9145 0 8057
13319 0 12719
327 10 28449
15160 0 30334
15144 7 4030
31626 10 15650
12711 7 6746
1282 0 9392
16389 3 4249
26179 11 30767
33253 11 22724
32440 0 7757
22964 11 20488
33084 11 20742
21432 7 21772
8357 5 8607
11212 11 29990
2350 0 22252
19851 11 20652
8810 3 15774
8281 8 10523
15091 7 1007
6484 7 14158
22336 0 9736
32304 11 27079
22124 11 4580
29184 2 25425
20305 0 31204
3698 8 11427
10484 11 10525
30218 1 2492
32587 0 2557
20093 1 28424
12237 11 243
4742 11 30384
1543 6 10437
3855 3 14976
28777 0 29305
25938 3 19224
18261 0 18476
22031 0 1351
13603 0 17772
24851 0 31524
22764 4 10702
27892 0 25337
21927 6 21927
6475 11 21824
16718 2 32166
23404 11 19205
10308 11 13649
15517 7 15517
5009 0 13732
12511 0 32498
12867 8 2358
19303 0 10812
4165 0 2978
23957 11 25582
3146 10 25115
21655 7 14562
24374 0 2530
19650 5 20748
10619 1 15969
10047 8 28469
29580 7 30463
4735 8 26667
9412 8 12435
29040 7 7310
4044 0 30590
4762 1 8542
14530 0 14072
13854 0 24392
30471 0 20226
3492 11 33326
28777 0 2933
5130 5 31968
19847 11 14824
22129 11 18926
3975 11 33046
3606 0 32785
9421 0 28054
31473 6 18929
26843 6 4015
11484 0 18393
1000 0 16116
29090 0 3897
2186 4 22304
23388 5 11011
28715 0 3599
29411 11 30135
9019 11 18929
4567 11 29700
5209 5 20503
5411 0 18248
8496 10 20226
17976 11 15012
25685 0 19099
13697 0 31828
29667 11 25075
31989 0 30244
1386 3 8670
23763 0 3742
22786 3 7018
5772 0 16237
31080 8 19181
20890 0 10871
14543 7 12689
27986 5 21220
18223 6 9041
33251 0 25139
11382 11 30852
4671 5 17990
6908 0 29775
27772 0 17524
5237 0 32419
30833 0 10159
30171 0 24155
32358 0 9941
21902 11 20244
26779 6 19386
3173 11 24448
28297 5 19840
27500 0 26378
22265 11 12882
30135 0 30096
19715 0 21867
5772 0 8325
28910 11 15520
27504 6 10581
28810 0 30707
6635 0 4404
21780 11 7131
2955 11 2185
23680 11 323
9832 11 11132
25794 4 23400
880 11 6537
916 8 3464
29232 0 3738
17020 0 29467
24573 5 27291
5708 3 264
7560 5 3901
30993 7 1680
24285 0 30981
22493 10 30301
25181 0 32782
7763 0 11721
14598 8 689
14565 5 24542
9798 3 2137
6700 11 15579
14033 2 7090
31462 0 17854
3958 5 25925
32250 11 10570
18935 0 11156
12282 11 32863
27017 0 15327
18105 0 5419
1683 0 33211
32575 11 28392
21373 11 20920
3909 7 21926
3079 11 16044
22176 0 22055
21069 7 25055
9347 11 30421
31934 3 31955
25050 11 6599
17954 11 20732
23767 8 29776
15330 3 13697
21937 0 25735
32525 0 13665
1910 8 29099
32264 0 16558
4297 0 20050
7871 0 31969
23282 0 19114
7972 11 28277
5565 0 21673
27639 7 21481
22125 5 28216
29637 5 12208
31926 11 25267
6074 5 22542
938 0 11135
9196 7 18929
19074 0 32585
27221 11 7677
23262 0 5254
10923 0 16578
23480 11 15842
18576 5 26568
13808 10 31191
29088 0 32517
21908 0 17702
25949 0 3121
22037 0 19663
7484 0 5070
6841 0 23277
1567 0 12485
16365 6 19870
18919 11 2317
31783 0 5995
13252 0 4027
16227 6 3697
18482 0 6200
12906 8 29458
6435 11 9963
31852 11 1162
6510 6 19431
7131 0 3858
17797 2 587
1343 5 24396
22290 0 17249
7901 0 20915
27890 7 8142
22142 11 27046
32445 0 25565
20211 11 11085
2792 6 29130
11073 5 9677
24567 5 2314
5968 5 29734
3207 8 8004
22890 5 16810
13493 0 22096
31721 11 17224
9213 0 3590
7351 7 12968
24409 3 27284
19909 0 12085
29656 0 7452
19539 11 17256
17858 11 4598
24140 0 1357
20512 0 22185
8688 11 14662
13123 11 17962
10085 11 3468
23073 11 19259
1648 8 8498
7592 5 18560
29671 7 11526
17403 5 332
10934 0 17069
5337 5 22885
25595 0 22338
14419 0 32138
21113 11 4536
23412 6 31690
22680 0 23778
8732 11 22724
13864 0 20913
23828 8 9494
3703 5 1922
22071 11 24509
10389 8 26409
18840 5 11957
20226 2 7203
5443 11 24960
1691 0 15366
29147 8 29858
4497 8 9280
6980 0 28333
32467 7 2417
22665 0 32434
22749 0 32507
10529 8 6791
13832 11 22474
16316 0 3838
1691 0 30898
20591 11 20576
30898 8 9049
3502 10 27644
3628 5 21486
8385 11 20814
22217 5 15631
8076 0 621
13314 0 71
26832 11 23034
10758 1 4884
5894 4 28144
30620 0 956
24484 4 320
22367 5 18074
170 11 15225
27801 7 10631
8332 5 14531
30172 8 15879
4249 0 11238
31430 11 10062
21561 6 21561
5667 8 27795
7953 0 29285
1888 11 24964
11642 0 29153
3266 3 6635
20362 7 24343
31526 11 3519
32402 8 941
18125 10 9915
17839 7 17383
6771 11 13126
25981 7 14534
25399 11 1691
8194 5 28647
4249 0 22619
30301 2 5705
4712 2 4778
1529 11 26111
4249 0 26280
29806 5 13485
17922 11 8789
30743 0 3545
20848 7 19784
11509 7 11509
21771 8 32335
12411 0 30762
10648 3 32636
4153 11 20926
17739 8 24718
466 10 18760
22137 0 33249
6906 11 27660
28135 3 22547
24019 11 25835
28883 0 28012
19253 11 4553
24517 6 2921
10330 5 18548
14620 0 11586
30658 7 1266
18279 0 29440
13487 0 28195
29632 3 438
17432 11 18518
13479 10 27386
22370 11 22034
17436 6 830
2455 11 28225
27796 11 24839
19896 0 18976
3425 11 8317
15471 11 6786
29748 5 26568
13944 5 19539
30833 0 27602
2983 11 1623
8693 11 3699
11128 0 25241
15716 5 7202
9854 11 13219
25494 11 4743
26609 0 16093
243 0 14776
14804 10 12693
31593 11 1691
2398 11 13090
14033 0 3782
9455 11 11736
118 8 508
7242 1 27618
30168 0 20122
10044 11 25829
13506 0 15961
25797 0 2116
4249 0 26777
15557 0 26839
2265 3 13697
26088 7 9754
32863 0 311
10262 11 13714
8906 10 20226
10877 11 31074
18723 4 28379
33280 3 4249
19267 11 22093
727 6 17322
23230 11 24956
16496 0 18849
16212 11 25674
22685 11 15602
4044 0 27395
20217 11 5127
15895 5 21341
30212 11 32063
16234 0 30693
32994 0 25141
24936 7 22065
23103 5 14973
30491 8 14907
15643 10 6590
11961 3 13493
28980 11 10591
19033 11 22990
26124 0 28695
15327 0 2027
19332 11 20920
30779 0 1562
28664 7 11608
4292 5 21127
19095 0 18058
9881 11 16044
6910 11 6902
28347 11 32929
24851 0 16913
2185 0 26113
27653 5 29187
13359 11 29129
759 0 29690
27821 2 27821
19973 0 21357
2008 0 33193
26833 11 12090
10641 0 26346
9786 11 22031
24459 11 20069
3856 6 23506
13032 8 13204
17557 3 4249
27718 10 28650
1375 6 16873
15138 0 24231
12810 2 27762
32023 5 22778
15633 0 1924
4249 0 10603
25137 8 23966
16465 11 6956
11828 2 11695
20226 2 134
25914 11 21723
28365 0 24128
8327 7 1093
20983 10 12345
5350 10 31785
2748 0 4882
5729 11 20844
8789 11 26981
27200 0 22062
31729 8 19598
31760 11 14987
28154 1 6048
23789 11 24839
28444 11 906
9245 0 7507
12798 5 25234
6200 11 16337
19662 11 8095
5490 11 2238
12372 0 15545
32192 5 17098
16238 0 32920
7022 0 21246
2949 0 31784
27926 11 355
3388 0 23673
641 11 31134
29637 6 26644
2633 10 21854
22674 0 22198
26046 6 32533
9487 0 23154
32235 4 7819
23806 0 8887
21428 0 16279
16167 6 12002
14976 0 22941
21863 0 3444
4910 5 3657
16496 0 17953
30471 11 5871
10104 6 17671
20649 5 6220
776 7 11955
18228 0 15640
28498 5 19840
29068 11 6003
10572 11 10170
2086 11 6908
8349 3 20792
8563 5 8237
2542 3 26124
32668 11 13231
26097 11 29700
9285 0 28468
8752 11 3558
2866 0 32592
27892 0 23986
19861 11 32686
1452 11 13060
15284 0 32016
20855 6 16132
14251 0 20913
4706 5 2075
29141 11 25633
12470 2 4534
3901 8 18464
22282 0 6484
12804 8 20863
14777 6 24984
7248 11 23242
20804 0 16649
11359 0 6459
15750 0 29686
18949 10 20482
25753 11 20523
7866 0 27042
2314 11 22031
5307 11 29137
6008 2 18105
29791 11 32440
12432 3 6635
32444 11 24492
1924 11 27046
3063 11 6484
20639 11 4727
3821 11 10796
23271 7 19459
9712 11 33094
23166 5 4450
26899 11 23781
10432 11 17259
25183 11 31309
9285 0 21316
33317 11 11807
29311 0 6555
5119 0 5651
17218 7 13832
6796 0 27165
682 0 17943
2708 0 13268
9456 5 22005
16238 0 1398
7688 0 6934
27083 1 17457
11274 1 975
9379 5 25671
16137 0 2232
10811 5 24299
14990 11 24733
6030 5 1071
11828 2 21057
17963 8 29987
18306 0 19969
28375 2 4562
28731 6 7591
26639 11 29903
32440 0 14531
394 7 32815
14019 0 5135
20448 8 2426
2364 0 29058
6299 11 23282
14000 0 31143
12021 5 17465
33215 8 24181
29102 11 28862
3289 8 3775
24922 11 22130
32227 3 27729
12328 11 5816
28449 2 6423
8097 8 31537
33040 11 23934
32738 0 18851
27377 5 25399
7462 11 27413
15047 0 19914
9159 11 32005
27924 8 8629
3671 11 31189
5080 5 28308
24154 8 20979
21587 5 4200
11999 10 98
24140 0 5863
2566 11 4161
2869 11 6943
11943 5 8498
17064 0 27156
21276 6 27895
19615 11 29045
30417 5 16303
15232 11 21981
31251 8 1542
12970 11 13252
29861 0 28699
1788 6 1782
12677 11 9635
22981 0 25596
5320 11 29793
24547 0 24563
5461 11 30941
31361 11 16918
28282 0 6094
32573 7 30695
26884 0 3199
14464 11 25070
32396 11 5980
14169 5 17222
23986 0 14175
21956 0 14332
25269 11 2538
24254 0 30566
2254 3 1220
2118 11 24839
16064 0 10976
32138 7 16255
5777 7 8276
2666 11 3167
26001 6 519
13941 8 7448
10470 8 19007
17519 1 1364
18331 11 29821
22990 11 6725
2432 5 2688
246 6 18580
9193 6 30563
20226 2 23186
6173 11 15324
16101 10 98
11489 0 1890
24093 5 12018
6079 0 891
25391 5 11957
12009 7 5157
10840 11 33251
1212 11 7688
22724 0 28281
752 0 2635
7695 0 3134
27577 0 23042
20718 0 1481
13583 0 32916
8152 5 16215
18784 11 25772
21839 11 26857
15 7 33319
4981 0 5364
14977 11 31946
30476 5 4709
11585 11 10796
18096 3 15773
18633 4 26440
19433 0 24237
8855 10 6008
25867 1 32079
13529 7 28506
18537 11 4217
5828 10 20226
11577 11 15702
18637 10 28462
26138 6 21239
8137 0 17987
15734 11 16127
17111 8 5714
4249 0 23759
7721 0 29060
12267 3 4249
1377 11 32863
17140 11 17895
5889 0 13579
24193 6 23844
481 11 8134
30726 11 13739
14033 2 8199
30938 11 26327
12994 1 31045
32543 5 12169
4145 11 15633
17323 7 10067
918 11 22418
12480 11 10931
13875 0 30743
8797 6 32514
14976 0 11653
1362 11 21981
16651 5 11580
7205 0 21757
19894 11 30278
3209 5 17849
4249 0 13061
25406 8 12867
11725 0 19027
30826 7 846
6943 0 16032
4161 6 4506
13037 2 30786
16990 11 1780
29886 11 29680
19043 5 5095
2890 11 17555
30466 11 3535
15564 11 22031
25593 5 2316
24586 10 25837
707 8 26354
33063 0 16812
29096 6 29441
8820 3 4695
22047 6 22656
14480 11 19059
16487 5 27038
13697 0 11316
19194 0 30569
32891 0 21363
26001 6 19748
16496 0 24150
13007 0 22861
11861 11 24547
28503 11 19384
32863 0 15798
4199 0 23529
32235 5 12208
22031 0 3251
17110 0 29761
20269 7 17433
14390 11 24229
873 6 13763
5867 0 26445
18193 0 11216
6908 0 9709
23997 0 29504
22250 8 10381
9524 11 15767
20200 11 30109
32921 5 27765
30652 5 19874
10481 8 11641
6361 8 18955
27821 0 25414
22337 0 3224
30516 5 22471
8980 11 4152
7049 8 2092
26568 8 8297
26239 7 21312
21890 11 23391
4009 5 17077
9145 0 117
1998 11 11269
22848 5 21942
15841 10 20226
24132 0 11934
2909 11 22747
29581 10 8323
16581 11 369
19826 5 849
23626 11 25107
1868 11 13252
23457 3 4249
28101 8 981
1207 7 18633
31917 8 2862
3161 0 32178
30935 0 24957
27600 0 26645
25710 0 28124
