12234 9 4249
23575 9 12689
13956 9 14480
4049 9 28011
12689 9 32660
2641 9 12689
30425 9 16600
12689 9 22036
9509 9 6297
25615 9 98
10509 9 27226
12689 9 906
9723 9 15969
28011 9 31368
18013 9 12689
10014 9 12689
21908 9 4743
21370 9 21370
13249 9 4655
12689 9 22022
14214 9 28011
14214 9 28600
9225 9 19130
25715 9 12689
22427 9 10380
27669 9 18013
12689 9 28011
12689 9 12289
12689 9 29653
24284 9 27794
9795 9 12689
32885 9 28011
6100 9 18988
8514 9 8514
3955 9 12689
12383 9 28011
12689 9 23449
3169 9 28011
29725 9 7009
17698 9 21984
23824 9 28011
25937 9 18670
13419 9 8101
33319 9 1115
17698 9 12009
12689 9 6092
29328 9 19690
31065 9 14703
21221 9 28011
2375 9 16287
440 9 21879
98 9 5997
2375 9 5439
6835 9 26982
21388 9 14878
16314 9 18929
13755 9 8895
12689 9 12689
28011 9 18162
28011 9 906
12689 9 4905
31181 9 26564
8402 9 12196
7452 9 21908
6954 9 11596
12689 9 28011
12000 9 28883
5427 9 12689
12689 9 23855
2375 9 12606
29411 9 9954
30749 9 27669
8409 9 32414
28011 9 20958
12689 9 1623
19413 9 9634
26377 9 29968
14106 9 9634
6021 9 32861
12351 9 6058
24262 9 10796
18714 9 12362
12689 9 32951
15815 9 28011
8240 9 13493
12289 9 3354
24643 9 19025
12689 9 15273
2375 9 32673
10596 9 11280
28011 9 8041
12689 9 17226
227 9 6989
28011 9 9823
9225 9 2375
9144 9 17934
12689 9 1339
8466 9 28849
16093 9 28011
16287 9 23490
5157 9 5157
28011 9 20908
28011 9 12689
26445 9 27024
18929 9 23592
28011 9 17552
4874 9 19286
6711 9 4905
12689 9 32277
18951 9 7563
7711 9 1829
28011 9 25084
18013 9 23746
29608 9 32951
28011 9 29547
10178 9 14879
16684 9 12689
6629 9 12689
1523 9 16838
28011 9 13048
24907 9 20884
27660 9 4039
32592 9 19072
28011 9 9078
23449 9 98
12689 9 2254
30512 9 13164
4900 9 31942
9711 9 11462
16121 9 29086
12289 9 12689
17297 9 6118
2590 9 15349
25821 9 28011
28011 9 12289
28063 9 12689
12689 9 1201
8896 9 30830
17729 9 29367
29978 9 33197
10227 9 12689
21892 9 21556
31782 9 3954
24527 9 19732
21564 9 4694
7808 9 9457
4405 9 33191
29009 9 12689
10752 9 906
7808 9 12689
2708 9 8402
7808 9 28011
28777 9 16309
27409 9 4401
8402 9 18013
13131 9 587
19351 9 28011
30523 9 4014
28011 9 27024
12689 9 28723
19383 9 12689
28011 9 1084
28011 9 12689
440 9 12689
4838 9 16378
6578 9 24737
17054 9 12689
15165 9 12689
1902 9 12689
9823 9 28011
12362 9 21257
9457 9 28011
15887 9 12725
12390 9 19204
30115 9 28011
7493 9 12689
13989 9 13048
28011 9 2375
30286 9 12689
15225 9 6273
33311 9 10235
8992 9 9756
1112 9 12689
20958 9 25821
19690 9 19059
23490 9 28011
3972 9 4014
8473 9 26429
27064 9 31347
10960 9 17934
536 9 30003
21381 9 12689
12689 9 28063
30869 9 25315
32892 9 10796
12689 9 18970
5845 9 13410
28011 9 27477
26982 9 1112
19211 9 18936
26396 9 28011
17957 9 28011
18670 9 8466
3697 9 12689
12289 9 4772
22803 9 28011
28011 9 12689
30749 9 33311
4562 9 19690
5618 9 12627
12689 9 1721
17002 9 26982
20896 9 12689
506 9 14214
31393 9 12689
5618 9 2629
32277 9 15423
10907 9 12689
28600 9 13874
20958 9 2375
25514 9 17063
9457 9 12689
1255 9 28011
17207 9 28664
17698 9 28011
18013 9 20878
28011 9 6980
930 9 16121
12689 9 22918
3336 9 11807
33319 9 10644
28011 9 12689
19384 9 12689
12689 9 24829
8041 9 3697
10509 9 3534
3972 9 20942
12689 9 31123
18976 9 9823
5402 9 12689
8238 9 8304
19452 9 28011
2708 9 12689
31017 9 28664
7910 9 4866
32215 9 12689
28011 9 6980
25156 9 12689
385 9 3952
10959 9 1084
28154 9 28011
9550 9 10092
30142 9 28011
28011 9 20878
12689 9 9634
2446 9 28011
28011 9 12945
21892 9 27821
25400 9 6908
12689 9 21331
9669 9 14384
20549 9 28011
28011 9 28011
6100 9 12689
28011 9 19072
12689 9 27024
12289 9 12689
12689 9 18567
28011 9 20814
1112 9 18737
32235 9 25902
17376 9 19296
13493 9 12689
16309 9 10917
3972 9 6913
30434 9 24878
28011 9 27574
10456 9 30797
24507 9 12689
3972 9 28011
5836 9 12289
29062 9 12689
15732 9 8807
27362 9 6902
18552 9 31848
9419 9 4694
19690 9 12689
12689 9 31994
9225 9 25993
2375 9 12689
2148 9 5084
21057 9 25772
23159 9 31064
12689 9 17748
14723 9 3924
29821 9 28011
17315 9 20920
24378 9 31143
13131 9 4014
28011 9 12689
3569 9 4433
21057 9 12689
9550 9 12689
12689 9 12689
7131 9 12689
26793 9 2680
10509 9 14059
13551 9 28011
29280 9 8904
8904 9 21273
12689 9 29020
12121 9 12289
29411 9 9820
20612 9 28011
7808 9 28777
12689 9 22324
33066 9 12689
6745 9 2708
31946 9 8968
28011 9 3912
19343 9 3231
33191 9 10235
18723 9 4917
9509 9 7223
13854 9 28011
29898 9 1115
7910 9 14214
12689 9 12689
9859 9 9457
21321 9 17139
12362 9 28011
18885 9 8041
1251 9 10289
10846 9 12689
15690 9 2375
23449 9 12689
30269 9 28011
27341 9 10269
12689 9 27466
9225 9 21540
27187 9 31061
17698 9 7808
11456 9 22460
20906 9 20906
4743 9 4330
16378 9 4804
30826 9 5762
14530 9 21273
12689 9 11280
12689 9 12689
22427 9 28011
21908 9 329
16492 9 24085
18269 9 33161
28011 9 28011
32255 9 858
12689 9 14691
9823 9 5845
29177 9 12689
18698 9 1728
28946 9 23770
29279 9 12289
12689 9 22515
20894 9 28938
12362 9 16121
28011 9 8767
25386 9 32592
12362 9 18013
2375 9 12188
17063 9 4801
28011 9 14663
18201 9 8466
31286 9 5639
13210 9 18141
580 9 15762
9225 9 16492
28011 9 19276
16309 9 32501
9634 9 3886
4014 9 32278
20491 9 18979
3697 9 12689
32309 9 25315
11762 9 33046
13037 9 5795
21915 9 27798
28011 9 21672
15664 9 13228
1112 9 6282
12689 9 25902
30434 9 15701
18714 9 16435
12689 9 28011
28011 9 12196
2375 9 9823
1567 9 98
7354 9 12689
4433 9 18737
33245 9 12689
23466 9 15664
12689 9 6927
25043 9 25156
4748 9 28011
14059 9 11732
1084 9 587
10580 9 25084
12362 9 5834
21273 9 10796
18567 9 17698
12411 9 13359
27400 9 28011
4801 9 13739
29092 9 12689
31064 9 11213
12016 9 22015
7681 9 4732
3448 9 21672
31934 9 6954
25301 9 29725
18737 9 18013
31017 9 23391
4293 9 9515
18714 9 11044
8525 9 10381
32277 9 28011
7608 9 12289
26001 9 28011
14151 9 22018
12689 9 4633
894 9 12689
28011 9 21057
2327 9 17307
12689 9 28011
9823 9 12055
8912 9 8414
12689 9 12289
32250 9 697
14530 9 3559
12689 9 1567
24829 9 25315
27477 9 12689
12689 9 12345
27187 9 12289
9421 9 7910
3231 9 11193
2391 9 29411
28011 9 28438
25315 9 10135
31946 9 7436
26036 9 12689
10478 9 21875
31887 9 23449
12362 9 19060
12689 9 12689
12069 9 18013
25315 9 2375
13048 9 33313
9593 9 29927
28011 9 18425
17867 9 17867
10135 9 12689
30669 9 8322
28011 9 30258
27024 9 12689
28011 9 6902
7314 9 2875
17611 9 20325
4039 9 28011
16309 9 26445
14111 9 31946
12794 9 25374
3245 9 3697
12689 9 28011
4212 9 9285
12046 9 858
2792 9 9634
6100 9 12115
12689 9 24427
2254 9 1220
12289 9 27660
28011 9 33011
5545 9 19751
29038 9 25658
12689 9 7184
32246 9 28011
12289 9 12689
31782 9 282
28160 9 21667
25514 9 12689
12689 9 32200
12505 9 31393
12689 9 28011
23148 9 23877
19690 9 12689
12362 9 8657
12689 9 16458
25454 9 13131
12362 9 12289
858 9 6578
13493 9 12689
6927 9 28011
9225 9 27697
20917 9 27110
22475 9 31922
10197 9 27532
11095 9 28540
32047 9 26483
28540 9 6250
23466 9 27187
28011 9 5742
30742 9 25953
28011 9 21273
28011 9 8240
12362 9 18093
28011 9 12289
28011 9 12289
15969 9 7329
28286 9 23449
31343 9 16121
26442 9 12289
9515 9 28600
32592 9 12689
30337 9 26097
28011 9 7946
24093 9 31753
13384 9 12689
15178 9 28011
15489 9 14289
7131 9 28011
9711 9 11942
12289 9 12689
24093 9 6100
19464 9 6016
12689 9 16888
26008 9 31393
8740 9 12689
33319 9 10336
12689 9 29062
32669 9 28011
30434 9 18670
28011 9 29966
30360 9 18013
22919 9 3155
28011 9 30168
28011 9 16093
3333 9 28011
28011 9 12289
28011 9 19568
16684 9 2938
6950 9 12689
29559 9 28011
5440 9 12689
18737 9 12689
7131 9 28011
12689 9 21388
27477 9 16378
20894 9 33311
14776 9 17748
25113 9 28011
28011 9 30049
12362 9 26982
15483 9 28011
12689 9 29821
11596 9 28011
3697 9 4647
22183 9 10817
18698 9 23466
14530 9 7147
18013 9 12689
24396 9 17418
15856 9 858
12689 9 27794
18929 9 17748
4615 9 26377
15349 9 10110
6100 9 8904
98 9 28011
29927 9 4801
28011 9 12689
21948 9 9711
12383 9 29793
12689 9 16121
1189 9 7314
2375 9 8402
27347 9 7498
2569 9 12362
16378 9 16097
12362 9 520
9756 9 13946
28744 9 211
20698 9 4647
18594 9 18344
14214 9 12689
6635 9 12689
18416 9 22018
12289 9 4801
4801 9 10706
26564 9 10596
8797 9 12689
31123 9 9457
24527 9 32951
32429 9 1093
12689 9 21574
4801 9 29140
28011 9 9154
31075 9 9823
22982 9 28011
22565 9 12289
3374 9 27013
17254 9 12689
12689 9 12362
17906 9 9020
6902 9 2933
27003 9 12689
282 9 11193
32592 9 8763
28136 9 14032
28011 9 28011
28011 9 9315
420 9 12689
16684 9 13423
22064 9 14184
31091 9 31940
28154 9 31285
6288 9 12689
7695 9 12289
24829 9 12794
28011 9 33251
20745 9 12689
6112 9 3169
26084 9 29846
8904 9 25945
21864 9 7861
18620 9 7948
12289 9 6362
28063 9 29257
15641 9 31304
27013 9 25559
12689 9 28011
28011 9 17241
1861 9 9634
4839 9 12689
33191 9 18737
28011 9 11725
1500 9 16968
28011 9 27463
13236 9 4801
28011 9 16476
8402 9 9634
12289 9 6578
28011 9 33319
25222 9 26985
3245 9 12689
28011 9 12689
129 9 12362
8514 9 3955
1728 9 3231
30797 9 12289
32592 9 8589
2391 9 19050
14024 9 28011
29750 9 3448
13127 9 12689
28011 9 32106
12689 9 10227
20610 9 5901
21454 9 12689
6950 9 21388
26036 9 5084
12689 9 24419
31782 9 1189
17054 9 27892
28011 9 20866
9634 9 28011
9823 9 23575
353 9 28011
12689 9 21257
22251 9 9174
12689 9 28011
13048 9 28011
11890 9 25358
21221 9 2375
16255 9 12689
10509 9 28011
30258 9 14241
27794 9 12689
12689 9 29086
2972 9 28011
23727 9 12689
25715 9 13419
25575 9 12689
24285 9 16161
18714 9 2792
13131 9 28011
28011 9 20483
13131 9 3955
12962 9 17139
12689 9 10779
12289 9 31065
6414 9 11426
12689 9 9194
12289 9 4433
23855 9 12689
11106 9 12362
12689 9 12289
3231 9 23041
9973 9 15419
18670 9 33311
28011 9 9509
22251 9 15579
9834 9 2377
12289 9 25559
13384 9 906
25315 9 28011
30779 9 6303
15273 9 9634
25315 9 4801
24942 9 17805
28011 9 26564
28011 9 2708
14663 9 28777
29032 9 12689
16204 9 12689
29608 9 12689
21908 9 27844
12689 9 28600
7227 9 28011
12689 9 8595
22982 9 14214
16684 9 21335
3231 9 398
12689 9 20281
28650 9 12289
25715 9 23449
2446 9 12689
9501 9 16301
31113 9 27477
12289 9 12689
21908 9 30797
1669 9 20652
19208 9 17867
18936 9 21907
9634 9 1112
21574 9 18567
25554 9 20913
17519 9 14530
11701 9 1093
12689 9 18269
12689 9 15126
9823 9 3619
7651 9 30024
7256 9 12689
26124 9 17463
16287 9 906
26651 9 18616
28011 9 3972
27953 9 22729
28011 9 12362
8187 9 12362
12689 9 13048
12689 9 31946
15579 9 858
6112 9 26305
12689 9 16070
5293 9 23729
28011 9 12689
3914 9 24023
21574 9 11426
29318 9 32570
8473 9 28664
33177 9 7910
17934 9 3354
105 9 9624
3914 9 20575
7695 9 12689
9823 9 28011
2972 9 23612
12046 9 29637
22183 9 15200
12030 9 28011
29868 9 28011
25222 9 33313
29038 9 32592
5961 9 9329
16097 9 8904
4743 9 28011
19211 9 26315
12689 9 20698
25973 9 16979
24855 9 24686
9509 9 9285
6118 9 9669
28063 9 10038
12689 9 3245
9769 9 28011
12689 9 10917
6980 9 23066
9634 9 29267
15690 9 6288
28011 9 20770
3885 9 1112
19387 9 11762
6578 9 3354
7284 9 21291
12689 9 12689
16968 9 5440
16093 9 29411
12689 9 4743
21273 9 9634
24829 9 28011
12289 9 4433
14068 9 19956
10917 9 12689
12289 9 12689
15489 9 28011
6100 9 12689
28011 9 29038
12362 9 28777
29821 9 33191
25964 9 22982
28011 9 3972
12087 9 12689
8264 9 2557
6100 9 18988
21812 9 28011
5618 9 6100
18331 9 10580
9634 9 12689
1523 9 16287
28011 9 27669
22105 9 12689
12689 9 7009
12689 9 1326
11213 9 9634
28011 9 12689
25772 9 12689
12289 9 32414
2375 9 6179
2396 9 29346
1636 9 12689
27892 9 4039
1635 9 5674
30384 9 28011
7110 9 6954
28723 9 28011
12689 9 9634
6954 9 9548
32278 9 906
23715 9 6711
28011 9 23449
4917 9 12472
6578 9 17950
6100 9 12689
12517 9 28011
28011 9 16378
1335 9 12689
1204 9 2137
14214 9 10907
31347 9 11106
12689 9 16963
98 9 12121
15797 9 6270
12689 9 16838
30655 9 12689
27015 9 230
3245 9 15242
14214 9 31785
23519 9 9634
12689 9 2941
9189 9 12689
19211 9 18201
13372 9 29656
25337 9 906
14032 9 26920
4801 9 7316
6016 9 28011
2645 9 14462
1331 9 12689
17698 9 29616
11213 9 28375
22919 9 27104
12689 9 26008
12689 9 19690
15722 9 23034
25770 9 10893
12689 9 25220
16737 9 19722
18269 9 32429
12689 9 28011
29041 9 28011
9859 9 18193
28011 9 13455
12689 9 12362
9149 9 3506
7563 9 1112
10846 9 30625
22982 9 4185
32897 9 21672
28011 9 11725
8253 9 15634
28011 9 28155
20906 9 20906
2924 9 28011
26099 9 28011
4743 9 28011
8740 9 7651
4801 9 3354
31347 9 12689
28011 9 4039
12791 9 22757
32501 9 28011
28011 9 16378
8759 9 28011
32138 9 21056
1523 9 28011
31756 9 7519
4801 9 22990
7651 9 11205
23599 9 16838
19732 9 32885
12689 9 18737
26982 9 12689
28011 9 21900
32 9 9754
22488 9 8402
31038 9 25426
29725 9 16684
12689 9 5768
1740 9 21629
27028 9 19033
29616 9 15393
1497 9 14551
1112 9 13625
24651 9 12689
21726 9 6282
28011 9 25772
20011 9 12689
10893 9 12689
6617 9 28011
27015 9 3697
18936 9 5796
8670 9 4077
28011 9 16093
20901 9 28011
23877 9 17789
18414 9 22183
24829 9 25315
21046 9 6112
18714 9 13444
31123 9 16902
31946 9 3004
6858 9 20513
31061 9 14308
9634 9 12756
31451 9 98
11213 9 21370
9457 9 4801
28849 9 17539
4647 9 4132
14214 9 29700
9634 9 1112
14878 9 25937
353 9 28011
13603 9 2375
30209 9 27660
3972 9 22237
12689 9 24727
9634 9 22022
15273 9 12689
24942 9 29927
31946 9 19025
12689 9 5618
12689 9 22522
21908 9 3937
28777 9 18988
32592 9 8277
28011 9 29092
22296 9 4801
9634 9 19211
30168 9 15483
29953 9 28011
13236 9 19804
14462 9 26758
28011 9 17226
8523 9 18641
3697 9 27519
9154 9 14934
27425 9 12791
16309 9 12689
21273 9 30389
22251 9 24860
4801 9 5742
28011 9 12689
12689 9 12689
9457 9 28664
3046 9 27477
8277 9 28011
5084 9 6930
13048 9 23411
15862 9 12689
