12234 9 4249
23575 9 12689
13956 9 14480
4049 9 28011
12689 9 32660
2641 9 12689
30425 9 16600
12689 9 22036
9509 9 6297
25615 9 98
10509 9 27226
12689 9 906
9723 9 15969
28011 9 31368
18013 9 12689
10014 9 12689
21908 9 4743
21370 9 21370
13249 9 4655
12689 9 22022
14214 9 28011
14214 9 28600
9225 9 19130
25715 9 12689
22427 9 10380
27669 9 18013
12689 9 28011
12689 9 12289
12689 9 29653
24284 9 27794
9795 9 12689
32885 9 28011
6100 9 18988
8514 9 8514
3955 9 12689
12383 9 28011
12689 9 23449
3169 9 28011
29725 9 7009
17698 9 21984
23824 9 28011
25937 9 18670
13419 9 8101
33319 9 1115
17698 9 12009
12689 9 6092
29328 9 19690
31065 9 14703
21221 9 28011
2375 9 16287
440 9 21879
98 9 5997
2375 9 5439
6835 9 26982
21388 9 14878
16314 9 18929
13755 9 8895
12689 9 12689
28011 9 18162
28011 9 906
12689 9 4905
31181 9 26564
8402 9 12196
7452 9 21908
6954 9 11596
12689 9 28011
12000 9 28883
5427 9 12689
12689 9 23855
2375 9 12606
29411 9 9954
30749 9 27669
8409 9 32414
28011 9 20958
12689 9 1623
19413 9 9634
26377 9 29968
14106 9 9634
6021 9 32861
12351 9 6058
24262 9 10796
18714 9 12362
12689 9 32951
15815 9 28011
8240 9 13493
12289 9 3354
24643 9 19025
12689 9 15273
2375 9 32673
10596 9 11280
28011 9 8041
12689 9 17226
227 9 6989
28011 9 9823
9225 9 2375
9144 9 17934
12689 9 1339
8466 9 28849
16093 9 28011
16287 9 23490
5157 9 5157
28011 9 20908
28011 9 12689
26445 9 27024
18929 9 23592
28011 9 17552
4874 9 19286
6711 9 4905
12689 9 32277
18951 9 7563
7711 9 1829
28011 9 25084
18013 9 23746
29608 9 32951
28011 9 29547
10178 9 14879
16684 9 12689
6629 9 12689
1523 9 16838
28011 9 13048
24907 9 20884
27660 9 4039
32592 9 19072
28011 9 9078
23449 9 98
12689 9 2254
30512 9 13164
4900 9 31942
9711 9 11462
16121 9 29086
12289 9 12689
17297 9 6118
2590 9 15349
25821 9 28011
28011 9 12289
28063 9 12689
12689 9 1201
8896 9 30830
17729 9 29367
29978 9 33197
10227 9 12689
21892 9 21556
31782 9 3954
24527 9 19732
21564 9 4694
7808 9 9457
4405 9 33191
29009 9 12689
10752 9 906
7808 9 12689
2708 9 8402
7808 9 28011
28777 9 16309
27409 9 4401
8402 9 18013
13131 9 587
19351 9 28011
30523 9 4014
28011 9 27024
12689 9 28723
19383 9 12689
28011 9 1084
28011 9 12689
440 9 12689
4838 9 16378
6578 9 24737
17054 9 12689
15165 9 12689
1902 9 12689
9823 9 28011
12362 9 21257
9457 9 28011
15887 9 12725
12390 9 19204
30115 9 28011
7493 9 12689
13989 9 13048
28011 9 2375
30286 9 12689
15225 9 6273
33311 9 10235
8992 9 9756
1112 9 12689
20958 9 25821
19690 9 19059
23490 9 28011
3972 9 4014
8473 9 26429
27064 9 31347
10960 9 17934
536 9 30003
21381 9 12689
12689 9 28063
30869 9 25315
32892 9 10796
12689 9 18970
5845 9 13410
28011 9 27477
26982 9 1112
19211 9 18936
26396 9 28011
17957 9 28011
18670 9 8466
3697 9 12689
12289 9 4772
22803 9 28011
28011 9 12689
30749 9 33311
4562 9 19690
5618 9 12627
12689 9 1721
17002 9 26982
20896 9 12689
506 9 14214
31393 9 12689
5618 9 2629
32277 9 15423
10907 9 12689
28600 9 13874
20958 9 2375
25514 9 17063
9457 9 12689
1255 9 28011
17207 9 28664
17698 9 28011
18013 9 20878
28011 9 6980
930 9 16121
12689 9 22918
3336 9 11807
33319 9 10644
28011 9 12689
19384 9 12689
12689 9 24829
8041 9 3697
10509 9 3534
3972 9 20942
12689 9 31123
18976 9 9823
5402 9 12689
8238 9 8304
19452 9 28011
2708 9 12689
31017 9 28664
7910 9 4866
32215 9 12689
28011 9 6980
25156 9 12689
385 9 3952
10959 9 1084
28154 9 28011
9550 9 10092
30142 9 28011
28011 9 20878
12689 9 9634
2446 9 28011
28011 9 12945
21892 9 27821
25400 9 6908
12689 9 21331
9669 9 14384
20549 9 28011
28011 9 28011
6100 9 12689
28011 9 19072
12689 9 27024
12289 9 12689
12689 9 18567
28011 9 20814
1112 9 18737
32235 9 25902
17376 9 19296
13493 9 12689
16309 9 10917
3972 9 6913
30434 9 24878
28011 9 27574
10456 9 30797
24507 9 12689
3972 9 28011
5836 9 12289
29062 9 12689
15732 9 8807
27362 9 6902
18552 9 31848
9419 9 4694
19690 9 12689
12689 9 31994
9225 9 25993
2375 9 12689
2148 9 5084
21057 9 25772
23159 9 31064
12689 9 17748
14723 9 3924
29821 9 28011
17315 9 20920
24378 9 31143
13131 9 4014
28011 9 12689
3569 9 4433
21057 9 12689
9550 9 12689
12689 9 12689
7131 9 12689
26793 9 2680
10509 9 14059
13551 9 28011
29280 9 8904
8904 9 21273
12689 9 29020
12121 9 12289
29411 9 9820
20612 9 28011
7808 9 28777
12689 9 22324
33066 9 12689
6745 9 2708
31946 9 8968
28011 9 3912
19343 9 3231
33191 9 10235
18723 9 4917
9509 9 7223
13854 9 28011
29898 9 1115
7910 9 14214
12689 9 12689
9859 9 9457
21321 9 17139
12362 9 28011
18885 9 8041
1251 9 10289
10846 9 12689
15690 9 2375
23449 9 12689
30269 9 28011
27341 9 10269
12689 9 27466
9225 9 21540
27187 9 31061
17698 9 7808
11456 9 22460
20906 9 20906
4743 9 4330
16378 9 4804
30826 9 5762
14530 9 21273
12689 9 11280
12689 9 12689
22427 9 28011
21908 9 329
16492 9 24085
18269 9 33161
28011 9 28011
32255 9 858
12689 9 14691
9823 9 5845
29177 9 12689
18698 9 1728
28946 9 23770
29279 9 12289
12689 9 22515
20894 9 28938
12362 9 16121
28011 9 8767
25386 9 32592
12362 9 18013
2375 9 12188
17063 9 4801
28011 9 14663
18201 9 8466
31286 9 5639
13210 9 18141
580 9 15762
9225 9 16492
28011 9 19276
16309 9 32501
9634 9 3886
4014 9 32278
20491 9 18979
3697 9 12689
32309 9 25315
11762 9 33046
13037 9 5795
21915 9 27798
28011 9 21672
15664 9 13228
1112 9 6282
12689 9 25902
30434 9 15701
18714 9 16435
12689 9 28011
28011 9 12196
2375 9 9823
1567 9 98
7354 9 12689
4433 9 18737
33245 9 12689
23466 9 15664
12689 9 6927
25043 9 25156
4748 9 28011
14059 9 11732
1084 9 587
10580 9 25084
12362 9 5834
21273 9 10796
18567 9 17698
12411 9 13359
27400 9 28011
4801 9 13739
29092 9 12689
31064 9 11213
12016 9 22015
7681 9 4732
3448 9 21672
31934 9 6954
25301 9 29725
18737 9 18013
31017 9 23391
4293 9 9515
18714 9 11044
8525 9 10381
32277 9 28011
7608 9 12289
26001 9 28011
14151 9 22018
12689 9 4633
894 9 12689
28011 9 21057
2327 9 17307
12689 9 28011
9823 9 12055
8912 9 8414
12689 9 12289
32250 9 697
14530 9 3559
12689 9 1567
24829 9 25315
27477 9 12689
12689 9 12345
27187 9 12289
9421 9 7910
3231 9 11193
2391 9 29411
28011 9 28438
25315 9 10135
31946 9 7436
26036 9 12689
10478 9 21875
31887 9 23449
12362 9 19060
12689 9 12689
12069 9 18013
25315 9 2375
13048 9 33313
9593 9 29927
28011 9 18425
17867 9 17867
10135 9 12689
30669 9 8322
28011 9 30258
27024 9 12689
28011 9 6902
7314 9 2875
17611 9 20325
4039 9 28011
16309 9 26445
14111 9 31946
12794 9 25374
3245 9 3697
12689 9 28011
4212 9 9285
12046 9 858
2792 9 9634
6100 9 12115
12689 9 24427
2254 9 1220
12289 9 27660
28011 9 33011
5545 9 19751
29038 9 25658
12689 9 7184
32246 9 28011
12289 9 12689
31782 9 282
28160 9 21667
25514 9 12689
12689 9 32200
12505 9 31393
12689 9 28011
23148 9 23877
19690 9 12689
12362 9 8657
12689 9 16458
25454 9 13131
12362 9 12289
858 9 6578
13493 9 12689
6927 9 28011
9225 9 27697
20917 9 27110
22475 9 31922
10197 9 27532
11095 9 28540
32047 9 26483
28540 9 6250
23466 9 27187
28011 9 5742
30742 9 25953
28011 9 21273
28011 9 8240
12362 9 18093
28011 9 12289
28011 9 12289
15969 9 7329
28286 9 23449
31343 9 16121
26442 9 12289
9515 9 28600
32592 9 12689
30337 9 26097
28011 9 7946
24093 9 31753
13384 9 12689
15178 9 28011
15489 9 14289
7131 9 28011
9711 9 11942
12289 9 12689
24093 9 6100
19464 9 6016
12689 9 16888
26008 9 31393
8740 9 12689
33319 9 10336
12689 9 29062
32669 9 28011
30434 9 18670
28011 9 29966
30360 9 18013
22919 9 3155
28011 9 30168
28011 9 16093
3333 9 28011
28011 9 12289
28011 9 19568
16684 9 2938
6950 9 12689
29559 9 28011
5440 9 12689
18737 9 12689
7131 9 28011
12689 9 21388
27477 9 16378
20894 9 33311
14776 9 17748
25113 9 28011
28011 9 30049
12362 9 26982
15483 9 28011
12689 9 29821
11596 9 28011
3697 9 4647
22183 9 10817
18698 9 23466
14530 9 7147
18013 9 12689
24396 9 17418
15856 9 858
12689 9 27794
18929 9 17748
4615 9 26377
15349 9 10110
6100 9 8904
98 9 28011
29927 9 4801
28011 9 12689
21948 9 9711
12383 9 29793
12689 9 16121
1189 9 7314
2375 9 8402
27347 9 7498
2569 9 12362
16378 9 16097
12362 9 520
9756 9 13946
28744 9 211
20698 9 4647
18594 9 18344
14214 9 12689
6635 9 12689
18416 9 22018
12289 9 4801
4801 9 10706
26564 9 10596
8797 9 12689
31123 9 9457
24527 9 32951
32429 9 1093
12689 9 21574
4801 9 29140
28011 9 9154
31075 9 9823
22982 9 28011
22565 9 12289
3374 9 27013
17254 9 12689
12689 9 12362
17906 9 9020
6902 9 2933
27003 9 12689
282 9 11193
32592 9 8763
28136 9 14032
28011 9 28011
28011 9 9315
420 9 12689
16684 9 13423
22064 9 14184
31091 9 31940
28154 9 31285
6288 9 12689
7695 9 12289
24829 9 12794
28011 9 33251
20745 9 12689
6112 9 3169
26084 9 29846
8904 9 25945
21864 9 7861
18620 9 7948
12289 9 6362
28063 9 29257
15641 9 31304
27013 9 25559
12689 9 28011
28011 9 17241
1861 9 9634
4839 9 12689
33191 9 18737
28011 9 11725
1500 9 16968
28011 9 27463
13236 9 4801
28011 9 16476
8402 9 9634
12289 9 6578
28011 9 33319
25222 9 26985
3245 9 12689
28011 9 12689
129 9 12362
8514 9 3955
1728 9 3231
30797 9 12289
32592 9 8589
2391 9 19050
14024 9 28011
29750 9 3448
13127 9 12689
28011 9 32106
12689 9 10227
20610 9 5901
21454 9 12689
6950 9 21388
26036 9 5084
12689 9 24419
31782 9 1189
17054 9 27892
28011 9 20866
9634 9 28011
9823 9 23575
353 9 28011
12689 9 21257
22251 9 9174
12689 9 28011
13048 9 28011
11890 9 25358
21221 9 2375
16255 9 12689
10509 9 28011
30258 9 14241
27794 9 12689
12689 9 29086
2972 9 28011
23727 9 12689
25715 9 13419
25575 9 12689
24285 9 16161
18714 9 2792
13131 9 28011
28011 9 20483
13131 9 3955
12962 9 17139
12689 9 10779
12289 9 31065
6414 9 11426
12689 9 9194
12289 9 4433
23855 9 12689
11106 9 12362
12689 9 12289
3231 9 23041
9973 9 15419
18670 9 33311
28011 9 9509
22251 9 15579
9834 9 2377
12289 9 25559
13384 9 906
25315 9 28011
30779 9 6303
15273 9 9634
25315 9 4801
24942 9 17805
28011 9 26564
28011 9 2708
14663 9 28777
29032 9 12689
16204 9 12689
29608 9 12689
21908 9 27844
12689 9 28600
7227 9 28011
12689 9 8595
22982 9 14214
16684 9 21335
3231 9 398
12689 9 20281
28650 9 12289
25715 9 23449
2446 9 12689
9501 9 16301
31113 9 27477
12289 9 12689
21908 9 30797
1669 9 20652
19208 9 17867
18936 9 21907
9634 9 1112
21574 9 18567
25554 9 20913
17519 9 14530
11701 9 1093
12689 9 18269
12689 9 15126
9823 9 3619
7651 9 30024
7256 9 12689
26124 9 17463
16287 9 906
26651 9 18616
28011 9 3972
27953 9 22729
28011 9 12362
8187 9 12362
12689 9 13048
12689 9 31946
15579 9 858
6112 9 26305
12689 9 16070
5293 9 23729
28011 9 12689
3914 9 24023
21574 9 11426
29318 9 32570
8473 9 28664
33177 9 7910
17934 9 3354
105 9 9624
3914 9 20575
7695 9 12689
9823 9 28011
2972 9 23612
12046 9 29637
22183 9 15200
12030 9 28011
29868 9 28011
25222 9 33313
29038 9 32592
5961 9 9329
16097 9 8904
4743 9 28011
19211 9 26315
12689 9 20698
25973 9 16979
24855 9 24686
9509 9 9285
6118 9 9669
28063 9 10038
12689 9 3245
9769 9 28011
12689 9 10917
6980 9 23066
9634 9 29267
15690 9 6288
28011 9 20770
3885 9 1112
19387 9 11762
6578 9 3354
7284 9 21291
12689 9 12689
16968 9 5440
16093 9 29411
12689 9 4743
21273 9 9634
24829 9 28011
12289 9 4433
14068 9 19956
10917 9 12689
12289 9 12689
15489 9 28011
6100 9 12689
28011 9 29038
12362 9 28777
29821 9 33191
25964 9 22982
28011 9 3972
12087 9 12689
8264 9 2557
6100 9 18988
21812 9 28011
5618 9 6100
18331 9 10580
9634 9 12689
1523 9 16287
28011 9 27669
22105 9 12689
12689 9 7009
12689 9 1326
11213 9 9634
28011 9 12689
25772 9 12689
12289 9 32414
2375 9 6179
2396 9 29346
1636 9 12689
27892 9 4039
1635 9 5674
30384 9 28011
7110 9 6954
28723 9 28011
12689 9 9634
6954 9 9548
32278 9 906
23715 9 6711
28011 9 23449
4917 9 12472
6578 9 17950
6100 9 12689
12517 9 28011
28011 9 16378
1335 9 12689
1204 9 2137
14214 9 10907
31347 9 11106
12689 9 16963
98 9 12121
15797 9 6270
12689 9 16838
30655 9 12689
27015 9 230
3245 9 15242
14214 9 31785
23519 9 9634
12689 9 2941
9189 9 12689
19211 9 18201
13372 9 29656
25337 9 906
14032 9 26920
4801 9 7316
6016 9 28011
2645 9 14462
1331 9 12689
17698 9 29616
11213 9 28375
22919 9 27104
12689 9 26008
12689 9 19690
15722 9 23034
25770 9 10893
12689 9 25220
16737 9 19722
18269 9 32429
12689 9 28011
29041 9 28011
9859 9 18193
28011 9 13455
12689 9 12362
9149 9 3506
7563 9 1112
10846 9 30625
22982 9 4185
32897 9 21672
28011 9 11725
8253 9 15634
28011 9 28155
20906 9 20906
2924 9 28011
26099 9 28011
4743 9 28011
8740 9 7651
4801 9 3354
31347 9 12689
28011 9 4039
12791 9 22757
32501 9 28011
28011 9 16378
8759 9 28011
32138 9 21056
1523 9 28011
31756 9 7519
4801 9 22990
7651 9 11205
23599 9 16838
19732 9 32885
12689 9 18737
26982 9 12689
28011 9 21900
32 9 9754
22488 9 8402
31038 9 25426
29725 9 16684
12689 9 5768
1740 9 21629
27028 9 19033
29616 9 15393
1497 9 14551
1112 9 13625
24651 9 12689
21726 9 6282
28011 9 25772
20011 9 12689
10893 9 12689
6617 9 28011
27015 9 3697
18936 9 5796
8670 9 4077
28011 9 16093
20901 9 28011
23877 9 17789
18414 9 22183
24829 9 25315
21046 9 6112
18714 9 13444
31123 9 16902
31946 9 3004
6858 9 20513
31061 9 14308
9634 9 12756
31451 9 98
11213 9 21370
9457 9 4801
28849 9 17539
4647 9 4132
14214 9 29700
9634 9 1112
14878 9 25937
353 9 28011
13603 9 2375
30209 9 27660
3972 9 22237
12689 9 24727
9634 9 22022
15273 9 12689
24942 9 29927
31946 9 19025
12689 9 5618
12689 9 22522
21908 9 3937
28777 9 18988
32592 9 8277
28011 9 29092
22296 9 4801
9634 9 19211
30168 9 15483
29953 9 28011
13236 9 19804
14462 9 26758
28011 9 17226
8523 9 18641
3697 9 27519
9154 9 14934
27425 9 12791
16309 9 12689
21273 9 30389
22251 9 24860
4801 9 5742
28011 9 12689
12689 9 12689
9457 9 28664
3046 9 27477
8277 9 28011
5084 9 6930
13048 9 23411
15862 9 12689
28011 9 12046
27566 9 12689
12121 9 32277
19413 9 3448
12289 9 23268
28011 9 11213
29559 9 27519
12689 9 7183
24427 9 30153
6980 9 12689
4801 9 31017
12689 9 18929
29725 9 4014
16262 9 8595
6173 9 22606
16378 9 12289
23524 9 11271
12689 9 5276
28011 9 12689
28011 9 23575
7155 9 28011
3972 9 29086
23449 9 16093
4562 9 33319
4801 9 9634
14508 9 21672
12689 9 3697
5440 9 28011
25105 9 10796
12872 9 9834
4801 9 27794
12689 9 6566
13697 9 15273
28011 9 25993
7131 9 20800
20770 9 20098
28011 9 27187
12689 9 26442
17867 9 4448
14593 9 4606
10475 9 28011
8657 9 28011
6118 9 28011
22982 9 25964
23449 9 22565
4801 9 10785
21273 9 10183
7110 9 8514
12689 9 4633
16378 9 26429
14402 9 21826
13048 9 9634
13551 9 12689
3569 9 8407
9225 9 26877
7552 9 28011
23488 9 12689
8011 9 8402
9419 9 26036
14214 9 13801
13359 9 7808
1173 9 18326
5742 9 5742
22036 9 21672
4014 9 858
12188 9 10230
16287 9 1331
5742 9 12689
3658 9 5430
8705 9 12689
3405 9 21908
31934 9 10227
30434 9 12689
28011 9 23650
19420 9 98
8895 9 28011
14530 9 30049
8473 9 5465
28011 9 12689
20513 9 906
7910 9 9669
3004 9 15969
12046 9 12362
15814 9 22886
28011 9 17748
28011 9 23877
28011 9 9397
4847 9 18929
12289 9 23746
4014 9 5157
9309 9 9823
12689 9 16103
12689 9 12689
12689 9 26090
3914 9 28011
9634 9 19216
858 9 1115
2708 9 23769
4562 9 10213
14214 9 31946
28011 9 3619
12003 9 12289
25958 9 1115
19211 9 5618
8514 9 28034
1043 9 19728
12689 9 22565
28011 9 21057
27892 9 10796
12689 9 23855
13493 9 12689
28011 9 12689
5481 9 32554
28011 9 11643
12689 9 12289
29864 9 12689
30726 9 2375
4655 9 31368
12000 9 19211
906 9 9823
12689 9 9015
16121 9 15375
7695 9 3697
28011 9 13131
12689 9 12140
12689 9 11846
32108 9 23824
4801 9 28011
4874 9 6578
19276 9 2446
18699 9 28011
12689 9 227
27794 9 9273
12289 9 9980
28011 9 23851
27067 9 1084
28011 9 15815
32040 9 11426
2336 9 27386
31908 9 28777
10644 9 14214
11426 9 27024
28011 9 12689
27466 9 13493
21370 9 4900
19399 9 12689
27409 9 19204
28011 9 24696
12689 9 4249
4489 9 28011
14184 9 25222
21575 9 13625
1112 9 8277
12689 9 28172
3697 9 20048
19799 9 28011
19059 9 28011
18567 9 8466
2938 9 12689
28011 9 22018
29411 9 22251
4039 9 2337
18013 9 32138
23449 9 12689
30209 9 33245
28011 9 32594
15393 9 21984
8101 9 28926
9104 9 19464
3697 9 28061
18471 9 12689
12689 9 26564
12689 9 906
32049 9 28011
9634 9 19211
21863 9 23873
8240 9 9634
12689 9 227
31143 9 28531
27821 9 11807
15273 9 27519
12689 9 28011
12689 9 3271
1635 9 10197
28011 9 10200
21273 9 9634
26377 9 12943
28011 9 12689
14723 9 19523
30360 9 12689
19690 9 16378
12689 9 6297
12689 9 30269
17307 9 23252
5742 9 4532
2680 9 9756
12289 9 12689
12289 9 12689
25156 9 6032
12689 9 7190
28011 9 22251
98 9 8492
98 9 31368
23877 9 23877
2375 9 19130
12689 9 28011
12689 9 19909
27660 9 12689
14691 9 27532
28011 9 353
28011 9 11762
19799 9 28061
31064 9 23159
31209 9 12689
12149 9 23642
5420 9 12689
32321 9 16121
4185 9 28011
21574 9 20365
2933 9 30726
10252 9 28011
28011 9 3072
28155 9 10686
4405 9 12689
5538 9 788
10846 9 33191
32594 9 16718
2933 9 12689
12689 9 28011
31667 9 12689
7306 9 28011
17907 9 10644
15626 9 27669
323 9 12689
25554 9 9285
9634 9 20019
26008 9 12689
13106 9 98
19130 9 31782
23575 9 98
12689 9 21437
13313 9 22037
13125 9 12289
13525 9 25678
10038 9 19387
27797 9 538
12689 9 27223
17846 9 27460
28011 9 3245
906 9 9149
30512 9 32554
1900 9 23496
20019 9 25772
31075 9 28011
29998 9 5425
9859 9 20958
4900 9 9634
28011 9 12689
7811 9 17957
12689 9 12289
9756 9 28011
9634 9 19186
12689 9 12689
11044 9 16684
17982 9 28507
23564 9 17698
28011 9 12289
13102 9 28011
33313 9 27104
28011 9 12689
28664 9 10014
7910 9 32134
11148 9 28365
16195 9 14840
21429 9 1567
12689 9 23107
3914 9 9652
16121 9 30915
28011 9 16888
6635 9 30434
28011 9 24629
9162 9 12689
6818 9 3972
3858 9 3858
23159 9 6926
11106 9 11086
25562 9 27844
2375 9 15984
5742 9 5742
28011 9 23490
25953 9 10790
23684 9 4778
16038 9 28782
28011 9 13460
28011 9 5995
15289 9 1623
353 9 27477
1944 9 6696
1497 9 6100
16378 9 28011
20770 9 18507
12689 9 23855
18614 9 5463
12689 9 12689
28011 9 12689
20698 9 18740
25744 9 12689
9419 9 28011
9225 9 10830
28011 9 12289
25985 9 24093
8240 9 14858
13314 9 20878
4039 9 1115
9634 9 12689
24586 9 30194
12689 9 28011
19722 9 9309
21575 9 12689
15579 9 18723
28011 9 16838
13989 9 28011
12521 9 6926
28108 9 5427
3231 9 28011
16121 9 19898
24268 9 18976
17287 9 28011
11269 9 24868
4979 9 18929
15039 9 29062
8523 9 9557
12689 9 23855
21705 9 27420
21907 9 14726
22679 9 22679
14214 9 25681
28011 9 8424
5868 9 25156
8219 9 14033
28011 9 24860
12940 9 28011
4249 9 13993
12689 9 30758
9509 9 4619
2007 9 7651
30434 9 1728
28011 9 12689
10893 9 32622
9634 9 19211
3448 9 23914
19732 9 11016
13384 9 10509
12689 9 29411
17884 9 11886
13423 9 28011
21908 9 8936
9669 9 9550
28011 9 4039
21892 9 28011
30669 9 12069
28011 9 13989
12449 9 10796
19690 9 32885
12689 9 27892
12689 9 13127
27806 9 27806
4801 9 20946
23466 9 28011
28011 9 26855
9509 9 17867
11462 9 15581
21257 9 16378
4562 9 15701
9438 9 13236
21057 9 9634
31946 9 12689
3709 9 12689
5742 9 2185
1173 9 27844
994 9 26357
27318 9 16634
9634 9 839
3914 9 23390
16579 9 21021
16377 9 13359
19297 9 7009
22251 9 18453
10225 9 21984
12689 9 19216
28011 9 12689
27389 9 25337
12689 9 7808
12689 9 22320
12289 9 12689
30464 9 7808
2191 9 21287
15136 9 12689
23775 9 9104
33311 9 26036
4801 9 21057
12689 9 8402
12689 9 6927
12689 9 12289
6467 9 22068
21273 9 17463
28011 9 8129
28782 9 12806
12592 9 28011
27844 9 23490
6908 9 20652
28011 9 27793
24375 9 13832
21021 9 12289
30115 9 21257
24512 9 28011
20555 9 3308
28011 9 26124
31293 9 12689
14462 9 12289
20894 9 26429
9548 9 28011
12689 9 29793
28011 9 12689
2420 9 2254
13131 9 12689
28777 9 353
31782 9 28011
18760 9 27794
2792 9 14369
10235 9 11596
21772 9 906
28633 9 23855
398 9 2336
12689 9 3169
1944 9 30434
33311 9 8456
29725 9 27892
4089 9 25141
33313 9 21280
7110 9 29209
11656 9 18326
8409 9 12689
12689 9 28011
4743 9 12689
26255 9 30941
19276 9 12289
11213 9 21257
29821 9 21321
12689 9 10197
18013 9 17226
28011 9 19130
12689 9 12289
12689 9 9324
28517 9 7003
12289 9 19130
4801 9 27669
12689 9 32854
25454 9 27697
28011 9 28011
27703 9 28011
7239 9 28011
13409 9 6118
19732 9 28011
12689 9 23449
28011 9 3336
14384 9 30049
25315 9 18714
9634 9 12362
1335 9 3245
22982 9 13894
28011 9 12689
10220 9 15017
3697 9 6100
1611 9 12689
21273 9 23877
28011 9 15695
30049 9 3354
5127 9 2296
5463 9 5179
12689 9 12289
12689 9 27024
33319 9 8604
7145 9 15816
11799 9 12383
12289 9 12689
33191 9 6902
17748 9 12689
12689 9 12689
8811 9 16880
25695 9 18714
11171 9 29793
7284 9 28507
28011 9 6100
4654 9 28011
27110 9 14214
23598 9 17539
587 9 4839
13832 9 22251
28011 9 4905
28011 9 20222
26778 9 32272
4637 9 12689
28744 9 16968
12362 9 12689
12289 9 31064
12289 9 12689
1112 9 31893
6661 9 3972
16121 9 14854
2018 9 28540
28011 9 13471
12689 9 29927
23490 9 28011
1112 9 26982
28011 9 21908
4896 9 17139
28011 9 17748
1112 9 28011
14370 9 28011
28011 9 12689
3231 9 8968
8595 9 12121
28011 9 24098
12689 9 16224
11016 9 7183
3245 9 13359
31075 9 6100
28100 9 441
28412 9 9973
28930 9 28011
12482 9 11055
13236 9 26985
28651 9 9823
13131 9 31123
18471 9 7910
26982 9 12289
1112 9 7563
1084 9 4715
28011 9 4049
28011 9 12689
12689 9 9457
8595 9 15984
4801 9 12289
16684 9 13469
31909 9 11156
19276 9 3402
4801 9 5465
28011 9 12495
11596 9 12689
23411 9 12689
4532 9 28011
9531 9 9262
30151 9 8740
9634 9 10860
28011 9 27892
21331 9 5440
16968 9 9438
21863 9 28011
13832 9 71
10917 9 4940
28011 9 12383
20878 9 21900
4801 9 21365
16354 9 21335
12689 9 29038
2254 9 13463
13127 9 30003
13105 9 18514
2375 9 28926
28011 9 22488
10197 9 12689
3902 9 12187
12689 9 792
28011 9 16093
3697 9 21021
12689 9 20942
22982 9 98
27028 9 12689
4633 9 12689
7695 9 28540
8514 9 2933
14158 9 7009
3534 9 12689
24124 9 2446
12689 9 32250
4801 9 24878
31304 9 18018
3231 9 10509
27660 9 27200
12689 9 28011
7695 9 31038
27892 9 24651
1112 9 12289
28011 9 12689
8686 9 31946
12449 9 16378
17748 9 1112
12188 9 21273
28011 9 9419
7808 9 31370
4839 9 29725
12689 9 4764
21672 9 9823
28011 9 12689
19452 9 4900
16968 9 23855
13493 9 24829
3559 9 24527
19677 9 4549
12689 9 30318
26506 9 26319
10785 9 12689
20513 9 13484
10336 9 32673
4801 9 12505
30742 9 2375
3604 9 14723
28011 9 12689
31782 9 17934
12689 9 27015
18013 9 28011
12289 9 24293
31934 9 6923
12689 9 19211
14485 9 13314
27341 9 17402
28011 9 7223
24829 9 31922
9823 9 6100
9823 9 18018
4801 9 5465
28011 9 21273
23514 9 12689
12689 9 11807
28011 9 18714
4532 9 21429
28011 9 9973
27700 9 11157
4636 9 27150
21826 9 12289
16121 9 12689
28600 9 12689
27669 9 8904
12689 9 13131
11807 9 7808
25807 9 9509
12383 9 12689
9602 9 9754
25315 9 28011
32721 9 8253
15200 9 28011
21273 9 12689
27015 9 18471
13131 9 7695
12289 9 17783
8657 9 13410
32501 9 26340
5188 9 25973
28172 9 28011
12289 9 227
12121 9 25461
17950 9 29076
12689 9 25197
9634 9 8523
27669 9 24829
32553 9 12689
12689 9 12689
21370 9 12689
12689 9 5906
29472 9 19808
24547 9 9634
1714 9 24829
12362 9 8456
28011 9 12289
13189 9 12689
11725 9 2375
9225 9 10907
16599 9 11130
28011 9 22576
13048 9 2336
12289 9 12689
11462 9 12689
2391 9 32592
22018 9 1112
29608 9 21672
17226 9 18425
9634 9 12362
27187 9 14458
28011 9 12289
8009 9 18193
8414 9 13236
12689 9 8658
12689 9 7016
9419 9 30
28960 9 28011
9634 9 1695
4801 9 25615
28011 9 10014
14363 9 6118
8240 9 22183
13750 9 12689
1558 9 21672
6100 9 12689
16287 9 33313
2290 9 18425
28011 9 18471
29671 9 11213
12689 9 10062
21021 9 18013
32103 9 12689
13228 9 24547
12689 9 1220
24152 9 12689
10235 9 12689
28784 9 19296
21331 9 3914
12689 9 25514
25803 9 28643
12289 9 30793
26138 9 14510
2777 9 10931
16309 9 12689
27892 9 28011
12289 9 12689
29725 9 12689
22982 9 4553
13236 9 1115
29608 9 28259
19204 9 16968
3954 9 16363
14363 9 7110
21672 9 12689
18951 9 12362
8740 9 4249
4633 9 12689
26316 9 32592
28011 9 6950
4014 9 3231
18081 9 28011
16492 9 4900
12689 9 16492
9531 9 9008
3914 9 30244
21672 9 8514
12289 9 6503
21335 9 16538
1036 9 18425
18331 9 9464
7131 9 28011
29280 9 28664
2909 9 26506
30625 9 7314
5906 9 31710
28011 9 6919
9634 9 25315
19808 9 12689
12689 9 23449
19059 9 28011
23411 9 7223
28011 9 4905
8473 9 12689
587 9 2336
16737 9 12289
32902 9 28011
3697 9 16093
440 9 27660
28011 9 30258
8523 9 5440
29088 9 13532
28011 9 20062
13131 9 20942
22036 9 3392
3972 9 28011
7808 9 12689
28011 9 16492
28011 9 27892
32499 9 32307
12689 9 3697
3697 9 13189
28011 9 15379
3354 9 13826
6032 9 28011
12689 9 906
15633 9 9634
23851 9 27015
12274 9 25772
24829 9 26616
28011 9 28011
9509 9 28011
24829 9 21331
12689 9 5420
6950 9 33251
12689 9 7329
10220 9 28011
23449 9 8936
12689 9 31061
28011 9 26699
28011 9 29153
18901 9 28011
28011 9 14884
27015 9 31148
25770 9 17867
25454 9 13131
12689 9 33319
23466 9 2844
28011 9 21335
27892 9 28011
12689 9 30151
19384 9 25599
26982 9 1112
2375 9 7808
3354 9 23852
18988 9 894
21574 9 98
20925 9 28011
12689 9 16121
28011 9 28480
12794 9 23266
23490 9 23466
18269 9 19211
28011 9 32414
31038 9 11426
28926 9 2933
28011 9 9754
15483 9 12689
4801 9 19063
25197 9 10213
28011 9 8414
13359 9 23878
4014 9 33313
8989 9 1093
17919 9 8264
18081 9 27016
12689 9 5995
1721 9 8240
28011 9 30674
18471 9 12689
12087 9 28011
10135 9 28540
6954 9 2427
27028 9 5084
32204 9 3954
11157 9 21672
17816 9 28011
2375 9 12841
13048 9 5354
7290 9 18344
29547 9 7910
16255 9 12689
16968 9 9552
9073 9 7651
16684 9 10876
23449 9 12689
30387 9 1112
18181 9 28011
20513 9 8523
21381 9 98
26981 9 15003
9144 9 12689
29132 9 29700
21273 9 14530
6118 9 16309
8473 9 21672
28011 9 17698
24909 9 906
12689 9 29367
16378 9 28777
15175 9 28011
906 9 7519
25229 9 4205
17096 9 4405
11807 9 7808
5624 9 20805
12689 9 30327
29307 9 10381
28011 9 28011
16737 9 24449
2649 9 26483
9865 9 13551
24563 9 30564
6100 9 9823
7341 9 23490
14703 9 3914
11750 9 7654
18322 9 12689
18269 9 28540
3231 9 27466
20770 9 22257
23449 9 19205
10178 9 9740
420 9 12289
7421 9 29038
4917 9 2792
13532 9 29088
26124 9 31942
28011 9 12689
13210 9 353
32943 9 7221
19211 9 13236
7153 9 28777
16121 9 28011
20826 9 12689
3245 9 6858
28011 9 8895
22803 9 12689
26110 9 2648
14879 9 28011
25386 9 13127
28011 9 12689
24630 9 28011
23598 9 2501
20095 9 4014
17846 9 27612
8595 9 12105
12689 9 12289
12689 9 6721
9661 9 33243
1567 9 10235
11147 9 27649
8466 9 20521
12289 9 28011
19722 9 25315
14869 9 28011
24891 9 28011
1112 9 1944
4039 9 9557
12689 9 12689
17412 9 23159
9823 9 28011
28011 9 12362
19276 9 25196
6598 9 19387
14466 9 12289
20734 9 12689
12689 9 31129
1137 9 28011
3697 9 23832
7009 9 11323
12689 9 3227
27844 9 12689
13697 9 12689
17307 9 32852
11016 9 9809
8246 9 28011
22488 9 24396
12689 9 12289
18269 9 3902
2375 9 15367
13035 9 7939
12689 9 27844
3231 9 6969
17463 9 385
28011 9 17867
28011 9 2708
15151 9 994
20325 9 2375
14273 9 33245
6179 9 12689
26377 9 17507
12289 9 2708
25454 9 12689
28011 9 12689
19050 9 5886
18641 9 10509
31386 9 27794
21948 9 240
28011 9 29134
12689 9 9634
12689 9 12689
7808 9 27892
28011 9 27844
28011 9 282
12689 9 32582
28011 9 1952
26001 9 7910
4249 9 25196
3955 9 21273
18929 9 33071
27844 9 8904
12689 9 10907
26138 9 23855
2645 9 1112
28011 9 28011
28777 9 17307
8466 9 22183
8363 9 12689
21273 9 12689
26564 9 3231
6919 9 4406
12689 9 16087
28011 9 1356
19033 9 25833
14776 9 24651
6100 9 12689
12689 9 25893
12826 9 28011
7563 9 1523
19276 9 28239
19204 9 28011
31785 9 12689
688 9 28011
30258 9 31395
12689 9 23712
23466 9 11213
2375 9 12132
28011 9 33319
28011 9 15178
29038 9 26982
25770 9 28172
5880 9 32892
12689 9 12149
29038 9 4249
27219 9 13106
12689 9 28011
13463 9 13463
28011 9 18641
906 9 9324
23683 9 28011
28011 9 9688
4772 9 12689
12689 9 13466
28011 9 12289
8523 9 19073
23718 9 8872
29088 9 12689
30772 9 6908
2375 9 17226
2487 9 27844
32414 9 23878
7755 9 9823
28011 9 21908
28011 9 28011
4801 9 3231
28011 9 9667
10917 9 28011
30258 9 29957
30049 9 5273
28011 9 19343
12689 9 1523
28011 9 9320
19399 9 7329
4161 9 28011
12289 9 28011
27821 9 26982
2041 9 12689
25315 9 28011
10509 9 4801
858 9 14214
9435 9 20480
12689 9 20011
7952 9 14878
28890 9 4615
9457 9 18013
9756 9 14691
26780 9 16363
26001 9 12689
28011 9 28011
32250 9 12689
26815 9 14184
6950 9 28011
32252 9 23185
28011 9 31946
9634 9 3902
25715 9 12689
24517 9 12689
12289 9 13131
11462 9 26224
9634 9 19211
19063 9 6566
18929 9 29038
9149 9 26958
10252 9 28011
10918 9 28011
6578 9 12689
28011 9 12689
18740 9 21556
12689 9 16309
12289 9 29720
2933 9 16287
4249 9 24811
11280 9 27187
12362 9 21257
410 9 16121
9457 9 30049
12086 9 28011
18970 9 5427
19722 9 12689
17937 9 13714
21428 9 12689
9548 9 12689
12289 9 17624
885 9 20946
12689 9 29385
858 9 13048
16159 9 12689
23967 9 5238
2375 9 13236
5886 9 1189
2938 9 23855
14235 9 994
32554 9 11725
28011 9 2629
9634 9 6617
20555 9 17698
28011 9 18013
14032 9 9529
1523 9 12689
22660 9 28777
23855 9 8466
19568 9 28011
28011 9 30669
12362 9 98
32277 9 4743
28011 9 28744
12689 9 12289
25659 9 9396
24303 9 29092
12689 9 20894
23449 9 4433
10985 9 12689
12689 9 32660
14530 9 3124
23781 9 28011
12689 9 23620
16684 9 4433
12362 9 28011
13883 9 20513
32250 9 3354
7695 9 24829
23567 9 3902
5618 9 28011
12689 9 15579
23855 9 25615
7910 9 25902
1002 9 15136
12689 9 28011
12126 9 27658
18557 9 12689
12689 9 3619
4801 9 12689
23729 9 4874
20884 9 3697
12289 9 22354
11213 9 16838
11228 9 12689
6913 9 13424
12689 9 30269
25197 9 29583
23766 9 28011
12689 9 12689
31825 9 7223
12689 9 1067
2538 9 28011
28757 9 2336
1623 9 12689
175 9 12362
32278 9 19059
28926 9 28011
31946 9 6977
27477 9 943
12689 9 12689
536 9 21574
27362 9 27362
538 9 906
17698 9 12984
6954 9 9509
4694 9 13493
30434 9 4801
21248 9 8514
6901 9 8514
12289 9 12689
21381 9 19211
12289 9 32951
15794 9 27844
14184 9 14032
20434 9 19050
906 9 8428
15273 9 12689
6954 9 4801
9634 9 28011
6503 9 4185
32250 9 3354
28011 9 5440
7808 9 21907
11163 9 29725
12689 9 6786
12689 9 22336
9634 9 25414
21273 9 8402
5179 9 1790
21770 9 28777
23855 9 32321
17226 9 12689
28011 9 7651
12689 9 23852
4801 9 28011
19384 9 9144
12689 9 1714
28011 9 1084
5465 9 4532
28011 9 17519
5491 9 2694
12689 9 28011
19186 9 12289
9817 9 28011
18670 9 12689
20019 9 3972
29411 9 20291
12689 9 12689
1112 9 25524
28100 9 12289
12362 9 12689
11725 9 28011
14214 9 23449
12689 9 26001
27013 9 7808
30998 9 24284
3354 9 31946
16826 9 12689
19804 9 28011
12689 9 3955
19343 9 3193
15510 9 20894
4293 9 29608
12289 9 28011
16321 9 19732
1944 9 18698
32885 9 28011
28011 9 8456
4801 9 13280
27697 9 25803
7933 9 19384
28011 9 15489
28664 9 12689
30758 9 31064
31782 9 12689
3271 9 12289
27566 9 12689
29311 9 10381
14691 9 12689
13989 9 12689
9634 9 30512
19276 9 12689
27844 9 12180
12689 9 32250
819 9 6578
28011 9 21462
3506 9 21257
28011 9 8658
30475 9 12689
28011 9 31946
12289 9 5210
32252 9 20895
25084 9 28011
14308 9 22518
18201 9 28011
23776 9 19059
2933 9 12689
25902 9 7131
12362 9 28061
26666 9 10846
9634 9 27346
944 9 32277
16378 9 13037
32488 9 28011
6100 9 8187
8595 9 32660
7910 9 227
3569 9 18936
17226 9 12689
9006 9 28011
9634 9 19732
3575 9 28011
12689 9 29062
5157 9 13313
19732 9 12689
28011 9 1336
19211 9 7808
12689 9 12121
9669 9 21428
27794 9 9513
8466 9 2708
23575 9 3697
6617 9 9550
12390 9 8904
28938 9 12689
20878 9 31113
26416 9 12289
12689 9 23466
12289 9 28011
12689 9 24829
18079 9 14308
26001 9 16121
21826 9 22013
28011 9 26110
19063 9 28063
14402 9 2933
12689 9 19986
12689 9 28890
1173 9 15483
26340 9 3548
9285 9 28011
32629 9 2938
9976 9 15107
4532 9 875
3614 9 28011
12689 9 11086
12689 9 10907
6954 9 10177
28011 9 17383
14530 9 3124
28011 9 21388
8759 9 12689
1326 9 27660
12289 9 28011
28011 9 9309
7239 9 13189
12689 9 21847
4905 9 12689
25051 9 17259
13236 9 29998
3231 9 18670
7272 9 23252
1115 9 12689
3124 9 17540
33003 9 22389
12289 9 16378
28011 9 12961
12689 9 5465
12115 9 27223
23490 9 12689
28011 9 7131
27187 9 28011
16093 9 28011
12289 9 31756
31946 9 13551
27064 9 19149
12962 9 27046
4801 9 6908
9669 9 26982
27512 9 4801
20942 9 9740
13874 9 21283
12689 9 8936
18567 9 4014
18567 9 6913
23855 9 13697
19211 9 8595
2708 9 9141
2933 9 29957
12689 9 19276
27028 9 6954
4748 9 12689
12362 9 27024
21273 9 7296
876 9 12689
32594 9 3336
28011 9 28011
4917 9 9419
12689 9 12689
906 9 6848
28482 9 1944
15419 9 9329
12689 9 31946
12689 9 19296
9634 9 12689
10225 9 9634
23766 9 4039
4249 9 14308
9973 9 7354
12689 9 28011
8514 9 27794
12689 9 12383
12689 9 18929
28011 9 15579
7947 9 13384
32594 9 6711
28011 9 29205
12362 9 28011
20170 9 12689
3040 9 3354
31560 9 31560
4511 9 28011
28011 9 12689
13578 9 28011
12689 9 20826
16309 9 13856
19343 9 20908
13578 9 18013
6100 9 9823
28011 9 19204
2933 9 12289
9634 9 28011
26036 9 29608
28011 9 31934
7948 9 2590
8935 9 24860
17172 9 12689
12188 9 25195
32911 9 12689
4249 9 7314
21908 9 2670
14845 9 32513
7618 9 7018
28011 9 28938
12689 9 27024
9320 9 28011
1084 9 24795
28011 9 15349
32852 9 13280
28011 9 21908
4888 9 4937
9468 9 19211
12289 9 17704
12689 9 1869
12689 9 385
12689 9 5827
24775 9 24662
12689 9 16255
8466 9 12689
31819 9 30049
19211 9 9634
20093 9 7183
28011 9 2041
12362 9 3354
28011 9 31113
12689 9 30828
12046 9 12689
28777 9 15090
32108 9 18013
9509 9 28011
28777 9 31908
26880 9 7123
12689 9 30779
12689 9 25315
14308 9 14214
30953 9 23319
27477 9 19383
12689 9 3046
3589 9 28011
10065 9 3276
12689 9 7695
28011 9 26982
17698 9 12362
28777 9 27927
1006 9 19568
6503 9 3955
6100 9 9823
12689 9 30064
28011 9 30
26036 9 28650
21257 9 27024
20874 9 17867
28650 9 30386
32281 9 15107
12362 9 33319
9823 9 13125
18714 9 33311
28011 9 8936
28011 9 19211
12289 9 866
8759 9 18443
12689 9 31451
7910 9 7910
23855 9 12689
33191 9 4801
20227 9 29547
12289 9 26442
12289 9 4801
3965 9 20513
28011 9 9020
28011 9 21057
28011 9 12289
31806 9 28011
28011 9 23902
31599 9 1173
2391 9 16884
12689 9 14314
27064 9 12689
12411 9 13359
12689 9 31934
30726 9 1523
29646 9 21669
16838 9 29953
6578 9 21847
8514 9 18406
4401 9 28011
21529 9 31979
24891 9 2792
10038 9 12794
7256 9 1115
8904 9 30258
26214 9 13493
28011 9 10904
12689 9 858
27028 9 32554
28287 9 17958
22518 9 28011
12689 9 18269
16377 9 25504
7155 9 12689
4748 9 17846
21257 9 28011
25084 9 29796
32414 9 4208
12689 9 28011
10509 9 1139
28614 9 12196
8670 9 4801
28011 9 27844
21756 9 11712
28011 9 4615
4801 9 13127
28011 9 17940
28011 9 17808
28011 9 28116
31123 9 27844
9509 9 12289
4905 9 10846
28011 9 12689
29038 9 18326
5880 9 19369
12689 9 4905
21908 9 12289
12289 9 7792
7279 9 23780
13168 9 26445
24891 9 12689
12689 9 32250
10830 9 12689
9457 9 10904
12689 9 7926
12689 9 31123
8466 9 18081
28428 9 3354
576 9 16224
11195 9 12180
16684 9 12689
2938 9 24829
11077 9 28011
8466 9 29750
28011 9 26982
24517 9 28011
17539 9 25315
18929 9 4847
28417 9 12234
13131 9 29793
13989 9 28011
28011 9 17129
19033 9 26442
23855 9 14059
227 9 4801
31946 9 12689
12689 9 26564
12689 9 16684
12689 9 18714
4743 9 11195
29725 9 30674
18760 9 12689
31903 9 28011
31946 9 6578
12362 9 12689
5465 9 12689
2254 9 19464
28011 9 20917
30758 9 12289
19343 9 12689
20195 9 28011
21257 9 5491
19722 9 22427
7808 9 21332
13236 9 12689
12289 9 1112
23780 9 12689
3569 9 26920
28011 9 19690
12689 9 29318
12362 9 2137
30674 9 12689
21021 9 17830
3914 9 4185
21672 9 28011
22458 9 6954
7910 9 27015
28011 9 23855
3354 9 28011
31368 9 28011
16718 9 6100
3333 9 28011
26192 9 28011
18105 9 29413
18929 9 32278
28983 9 12845
951 9 9634
202 9 17846
30985 9 23855
16568 9 11268
19033 9 13131
12689 9 12289
24427 9 27953
19211 9 17698
9834 9 10711
9823 9 20513
12345 9 12289
9225 9 9634
21863 9 12689
32277 9 33245
28011 9 22123
4249 9 28011
28664 9 4532
13189 9 23466
6902 9 4694
12689 9 5440
8936 9 12689
3099 9 23914
12689 9 12383
5273 9 587
13131 9 18471
12689 9 353
15489 9 13236
15450 9 20513
25315 9 28011
12362 9 28011
12689 9 32951
8759 9 28664
21672 9 28011
27794 9 12289
2750 9 16287
12362 9 4249
12362 9 1201
7980 9 12689
16838 9 12689
28011 9 23633
32252 9 9634
18269 9 32592
21273 9 27697
3402 9 28011
30785 9 15379
12689 9 14319
4905 9 12689
12689 9 33237
6100 9 31979
29820 9 22073
4801 9 11193
9353 9 28011
3448 9 28011
7554 9 12689
12289 9 26001
12689 9 12362
264 9 10235
16309 9 14530
31970 9 9515
18013 9 21388
12689 9 3769
8262 9 20772
8936 9 27028
28011 9 3244
9859 9 7498
11094 9 12689
8466 9 2402
12289 9 28011
12362 9 12689
27844 9 21365
28011 9 10985
15015 9 9464
12362 9 12689
12689 9 2402
1201 9 26298
6969 9 28011
12689 9 11213
12689 9 9792
3336 9 2375
9634 9 28011
2254 9 26982
9225 9 3231
7008 9 9475
7020 9 7020
25803 9 5827
21826 9 12689
6826 9 11120
13048 9 18013
10183 9 21257
12362 9 28011
21864 9 7131
28011 9 7223
22660 9 19081
9329 9 15521
23712 9 7808
21908 9 12689
2375 9 21273
24829 9 32278
29608 9 28540
4801 9 15584
22183 9 29821
12689 9 26138
12289 9 20226
28764 9 22406
26135 9 22179
23212 9 27064
28938 9 2375
353 9 13667
14184 9 11168
3620 9 3620
27187 9 24517
12689 9 14201
27024 9 4801
27519 9 98
31942 9 18737
16309 9 26317
2708 9 4748
9756 9 21192
12689 9 16309
15085 9 23373
7681 9 15178
21908 9 12689
22444 9 22982
12689 9 12689
12289 9 23855
17698 9 11429
8658 9 12689
33319 9 6923
2041 9 29953
2446 9 28011
12997 9 16737
17783 9 14776
9309 9 26880
19543 9 28011
858 9 25772
9284 9 14815
31782 9 6617
32666 9 13755
98 9 12689
28011 9 33311
8920 9 19122
4185 9 4801
11169 9 21370
29038 9 28011
5742 9 5742
14123 9 27697
12289 9 12689
9823 9 7808
28777 9 23466
7808 9 12016
28011 9 31903
12689 9 28011
22919 9 16093
21984 9 32592
12689 9 28926
26036 9 8968
31869 9 18471
26442 9 12289
22796 9 12689
14059 9 10509
21428 9 12689
28486 9 23746
20745 9 26337
18471 9 4801
12689 9 24547
12689 9 23466
18714 9 28011
17307 9 14878
12689 9 4801
27832 9 28011
26442 9 12689
20882 9 12689
12411 9 819
16795 9 28011
71 9 14104
4801 9 28011
4615 9 6092
491 9 32592
12289 9 20867
12126 9 98
26148 9 2708
12689 9 16121
12689 9 28011
25197 9 26138
12121 9 12362
12289 9 12689
20753 9 9757
12689 9 14723
18214 9 13894
28011 9 7329
6902 9 33202
19059 9 8277
6398 9 28063
12689 9 21672
23449 9 12689
28011 9 8514
13419 9 12383
12689 9 16121
12689 9 19384
28011 9 6503
12689 9 3231
2375 9 23266
12689 9 18714
12689 9 25302
8374 9 20281
14214 9 23914
27187 9 29038
17704 9 12689
9509 9 25659
18269 9 27783
18670 9 20325
31942 9 31730
28011 9 17139
12689 9 13125
27015 9 9548
12689 9 1112
28011 9 32252
12689 9 28011
21892 9 1586
16985 9 906
28011 9 31347
31756 9 23252
7651 9 26082
13236 9 27028
8151 9 15284
10904 9 4801
5426 9 12689
8240 9 13493
29472 9 2941
6112 9 28011
29190 9 28061
26124 9 12445
11193 9 14892
22183 9 4665
10596 9 4817
20734 9 23466
9756 9 5440
5702 9 7563
5654 9 28777
12689 9 27821
3972 9 6818
33189 9 20233
8595 9 3206
12072 9 18737
11148 9 471
12689 9 5360
18013 9 20894
2296 9 28011
21908 9 28011
22729 9 9324
28011 9 28459
24517 9 29009
4817 9 28011
1721 9 12689
9550 9 9550
30171 9 1567
12689 9 5276
12689 9 28287
13493 9 29154
13131 9 6314
9634 9 7808
6954 9 18326
430 9 18714
28011 9 6032
18013 9 2402
12121 9 33311
8595 9 12689
8759 9 12689
28926 9 4491
16888 9 20597
12689 9 15489
28011 9 3021
2538 9 2875
2528 9 323
20513 9 10785
6696 9 12689
28744 9 866
12689 9 32660
2728 9 31878
5427 9 28011
12689 9 8107
12689 9 25715
28011 9 1944
12689 9 27028
5440 9 31123
17930 9 15242
12689 9 1115
33251 9 32852
22959 9 29601
6786 9 12689
10904 9 29311
5538 9 10796
6288 9 6463
7272 9 26982
12689 9 1173
3124 9 11055
28011 9 23852
7223 9 32215
33244 9 28011
4801 9 16093
24829 9 31946
30269 9 28011
6927 9 27015
9823 9 8158
4801 9 17626
14267 9 19211
30564 9 25196
28764 9 21574
20906 9 11193
28011 9 11778
28011 9 9823
23575 9 12689
32592 9 18426
25514 9 17816
3619 9 1239
28011 9 6635
12689 9 6503
287 9 28011
26875 9 29821
3717 9 15701
3245 9 22982
13131 9 28011
31038 9 20826
12689 9 27794
18605 9 12689
33003 9 12689
12689 9 18724
3959 9 32429
4838 9 13127
16339 9 12689
3231 9 12689
29411 9 15984
18322 9 28011
27187 9 28011
28011 9 14363
7458 9 12689
19211 9 12188
25650 9 28011
28011 9 2641
12689 9 9419
32640 9 10509
21984 9 19098
9758 9 32250
28011 9 21672
16568 9 4014
29062 9 8703
12689 9 4491
12188 9 25554
28011 9 7306
28011 9 98
12806 9 12689
28540 9 8277
19211 9 23449
28764 9 1331
23855 9 16093
21257 9 4249
9267 9 9267
17672 9 12689
25315 9 24829
26791 9 7121
2909 9 1597
894 9 14106
28011 9 12689
12689 9 1623
28011 9 25953
27104 9 27844
32840 9 28011
7326 9 28011
28011 9 4249
8523 9 18013
14214 9 227
14308 9 16832
17846 9 9329
29411 9 12689
5427 9 16465
29038 9 18929
28011 9 31719
98 9 4249
22099 9 1944
12030 9 181
12961 9 25803
6908 9 860
8402 9 13102
1173 9 31348
3040 9 28651
28011 9 25414
9262 9 4801
28011 9 8936
12689 9 17254
2708 9 27794
28506 9 12689
8903 9 323
12689 9 4801
20325 9 10796
8595 9 19542
28011 9 9481
21218 9 28011
3111 9 6578
26298 9 29009
16684 9 28011
33177 9 12289
2938 9 28011
5427 9 13131
23449 9 28011
12689 9 19315
12689 9 4647
430 9 10220
12689 9 12826
1093 9 12689
13359 9 32942
28011 9 29411
12689 9 28060
28011 9 16492
10687 9 12689
30512 9 26124
21599 9 1523
28011 9 7153
28011 9 21289
9309 9 6297
27187 9 17858
9669 9 28011
12689 9 8604
12689 9 29725
2137 9 13156
7329 9 31123
28011 9 13493
18324 9 30797
29547 9 7131
19211 9 8935
4839 9 26982
4801 9 8811
10634 9 8595
11044 9 10907
15579 9 22640
30258 9 17743
2446 9 12689
10509 9 14059
23597 9 30387
8402 9 7223
11147 9 15579
32943 9 22292
28011 9 28011
6250 9 7755
12689 9 16121
1335 9 32090
22183 9 8402
28011 9 13359
12689 9 1015
9823 9 31366
28011 9 16070
29725 9 25454
28011 9 12689
15481 9 13714
3506 9 12383
3697 9 29472
18936 9 32859
9509 9 12362
4801 9 8473
11130 9 17386
12689 9 21181
14592 9 2375
10178 9 1173
27559 9 28011
20513 9 21321
98 9 16900
398 9 12689
32278 9 858
12689 9 23159
13131 9 1220
6843 9 32049
28011 9 12689
6079 9 6908
21907 9 19568
28812 9 22749
21273 9 16103
13832 9 28011
5402 9 11778
22576 9 28011
21847 9 29616
12689 9 2319
1112 9 4161
7354 9 31979
1623 9 30281
11213 9 12362
7306 9 28011
12689 9 26982
13189 9 12289
29986 9 10220
5496 9 13493
12689 9 13131
30797 9 21273
10557 9 17529
14582 9 12689
8595 9 13750
12689 9 2936
21847 9 27660
12689 9 12689
25973 9 19130
9315 9 16634
1189 9 1695
3954 9 12289
28011 9 9634
3333 9 28650
12289 9 12689
3245 9 13667
21381 9 16684
19690 9 12689
9020 9 18619
32602 9 10959
28277 9 28011
28011 9 20913
8009 9 8776
19965 9 7651
28011 9 8177
30953 9 24651
12188 9 5742
12289 9 17529
5465 9 12689
25833 9 17307
28011 9 10907
31211 9 12086
8740 9 32215
9823 9 14049
16309 9 12289
16287 9 21931
12689 9 27697
15375 9 12689
10959 9 19211
3954 9 31782
15887 9 25772
4014 9 23277
19568 9 28011
2446 9 20549
27519 9 12689
18567 9 32673
7272 9 28011
3124 9 4401
21847 9 21915
11970 9 28011
7808 9 19174
11230 9 13460
19050 9 22131
28011 9 28011
15151 9 28926
6578 9 19352
2955 9 13534
4615 9 16805
21574 9 12689
12794 9 32254
18471 9 7910
19732 9 23855
12689 9 20898
19804 9 4532
28011 9 12289
1695 9 28011
28011 9 353
4838 9 8740
6578 9 29326
28011 9 28011
18013 9 21454
20513 9 21540
28011 9 12689
5742 9 12689
2396 9 27892
9552 9 28011
13989 9 21273
1651 9 98
12689 9 28011
595 9 12390
25160 9 12289
24829 9 28011
28011 9 16121
2375 9 26036
12689 9 14592
12362 9 1623
9661 9 26110
15375 9 21574
27794 9 21908
19690 9 4562
11157 9 25315
4249 9 21257
3231 9 23855
12289 9 25197
25197 9 12362
11606 9 32278
18988 9 16378
31393 9 12689
11156 9 106
17846 9 2777
28011 9 29725
28639 9 3245
28011 9 9397
23855 9 20511
23466 9 12689
12000 9 32640
6858 9 264
6923 9 10846
3111 9 1112
22982 9 98
21540 9 32280
16224 9 31878
31946 9 28664
25599 9 27599
29311 9 33244
16093 9 10796
13697 9 13667
12289 9 4905
15483 9 15483
4014 9 4801
10846 9 27936
4124 9 22606
12215 9 9329
18443 9 25609
28011 9 27794
4983 9 16309
17102 9 28011
7110 9 6307
12689 9 20513
5995 9 16718
3231 9 12689
13236 9 23609
10509 9 12432
5440 9 22159
29052 9 31075
28011 9 18557
12689 9 11750
30385 9 27257
4489 9 12132
12689 9 13493
21273 9 22183
10796 9 22729
12689 9 15083
31667 9 29346
16880 9 20959
17376 9 11163
28011 9 24829
12689 9 136
11762 9 11730
23612 9 6273
4801 9 31451
28011 9 15003
4817 9 18425
17805 9 6297
28011 9 20908
24829 9 19321
3336 9 20894
12689 9 24517
9262 9 18714
7314 9 19386
9225 9 875
7910 9 15408
16350 9 22183
6455 9 14110
12689 9 398
19211 9 9634
13409 9 29750
14214 9 28011
28011 9 866
5941 9 16888
18714 9 23148
12689 9 25973
12689 9 9634
19819 9 17867
12289 9 12689
28011 9 24093
12689 9 28011
8337 9 12689
9954 9 9954
4014 9 13667
11643 9 12016
30269 9 28011
9457 9 12289
28011 9 3619
7910 9 15375
28011 9 3219
12689 9 12689
12997 9 33046
21672 9 12689
25315 9 1173
28011 9 22183
4161 9 21021
12383 9 28777
28011 9 28011
28011 9 11019
25426 9 13493
7947 9 8466
28011 9 2728
28011 9 6927
5995 9 7009
12689 9 2792
21273 9 19296
12069 9 12689
29725 9 20513
11280 9 28011
8936 9 18737
12689 9 23449
5463 9 28277
16805 9 4179
18929 9 31037
12689 9 8604
6100 9 12289
23148 9 16121
12689 9 8253
17884 9 4185
12289 9 28011
9225 9 21907
27028 9 28011
12689 9 4801
5790 9 9457
227 9 28011
14289 9 7563
7808 9 13583
29117 9 21273
28011 9 12689
25772 9 12289
20019 9 26377
2708 9 31946
12689 9 28011
11213 9 6288
12289 9 29086
22292 9 6210
12689 9 16121
336 9 31065
18471 9 10235
14416 9 287
18960 9 32049
12289 9 2375
28011 9 12689
12362 9 12689
15400 9 12689
26036 9 12390
16684 9 12689
12689 9 27477
28011 9 9262
10687 9 18013
28011 9 8936
12689 9 27024
14308 9 9285
27028 9 19033
12289 9 906
23268 9 12289
1952 9 12689
28011 9 29725
12289 9 28011
1500 9 26877
3589 9 28011
28011 9 12289
12689 9 24085
12362 9 12689
9015 9 30554
2402 9 12689
11213 9 29052
23034 9 3914
12689 9 27844
938 9 12689
18714 9 16458
31113 9 10235
1115 9 32572
5742 9 1335
21273 9 9634
12689 9 13697
6100 9 23390
21864 9 28011
12689 9 12383
25271 9 29311
26138 9 1326
23575 9 18714
31129 9 14214
98 9 14885
6157 9 12689
7910 9 227
12689 9 8402
17698 9 24284
14314 9 18406
31946 9 12289
21164 9 17698
16093 9 16888
28011 9 9419
9468 9 18345
13739 9 28011
16431 9 28011
7808 9 19204
14214 9 15481
2375 9 7281
24106 9 12689
11157 9 6179
13667 9 2446
1571 9 21907
24011 9 5742
6388 9 13048
28011 9 15816
25516 9 28011
12689 9 12289
20770 9 12689
28011 9 31293
1830 9 1944
16826 9 4249
8473 9 19722
19373 9 15887
6908 9 13131
28946 9 10779
3577 9 323
30742 9 8240
11345 9 14032
19193 9 27028
12689 9 25714
19550 9 28011
14308 9 12362
11213 9 18567
8473 9 13783
4801 9 22918
12689 9 15521
22597 9 15815
23575 9 16826
2337 9 5880
20365 9 12289
7765 9 12689
29673 9 16684
12844 9 2569
10002 9 12689
28011 9 3717
29411 9 13197
27090 9 6944
32939 9 12689
12689 9 4249
8514 9 12689
27953 9 28011
13410 9 12689
27844 9 23855
31075 9 31942
15559 9 10752
20822 9 28011
1590 9 15126
12689 9 13551
2385 9 12689
7634 9 12362
32255 9 30512
26377 9 8402
9149 9 16435
7329 9 538
14059 9 22183
1410 9 20325
32005 9 18760
12689 9 17513
9457 9 9509
23449 9 11728
12689 9 23390
12689 9 1107
12289 9 26982
27174 9 1170
21273 9 3717
28011 9 4633
22183 9 28011
28011 9 2375
17698 9 9634
28650 9 12289
10523 9 12689
19204 9 25493
12689 9 21672
12689 9 12123
17958 9 12794
12689 9 410
12689 9 12362
7910 9 9557
21568 9 2254
12289 9 2402
4433 9 29038
23185 9 15843
24512 9 22123
4665 9 18737
32951 9 28011
13190 9 12689
12689 9 12289
24942 9 30350
15419 9 22982
28011 9 17307
28777 9 28011
4490 9 4039
23855 9 3206
21908 9 10135
4963 9 28011
12689 9 866
12689 9 8016
15887 9 32943
1636 9 8514
12689 9 28011
28011 9 7554
12689 9 18013
22169 9 6908
1112 9 23058
22982 9 9419
12689 9 30269
13184 9 5941
28011 9 13460
12289 9 11606
12689 9 11762
6617 9 13641
175 9 12689
10509 9 14059
12689 9 12689
26884 9 7910
12362 9 28011
31394 9 1209
26036 9 4801
24829 9 3354
28011 9 19211
9563 9 17463
12689 9 30917
30464 9 28011
28011 9 7272
12289 9 12689
28011 9 12121
13667 9 12689
2041 9 9015
10904 9 12794
31946 9 12289
1523 9 19063
23411 9 14530
28011 9 4801
3040 9 12362
14214 9 385
4647 9 33191
27844 9 23855
28061 9 21672
28011 9 4185
28159 9 15815
26377 9 8616
27420 9 28011
28011 9 14288
8920 9 28011
13127 9 98
12689 9 9531
12362 9 10638
11725 9 12689
30758 9 4433
11280 9 7223
17478 9 17698
17433 9 10381
353 9 18714
28011 9 27478
32592 9 3231
27844 9 32943
12445 9 14214
22068 9 23449
30742 9 27532
24524 9 25997
4801 9 22183
12689 9 23575
7651 9 9823
14214 9 25514
28011 9 2708
30194 9 10478
9634 9 12973
28011 9 29616
13626 9 28011
12689 9 30726
12689 9 27794
22183 9 28011
28011 9 12383
18670 9 28011
12689 9 27844
1336 9 28011
28011 9 5880
98 9 22982
1900 9 7016
29307 9 12362
21665 9 9745
28011 9 9481
7808 9 7952
7110 9 26442
8340 9 12689
12689 9 30425
12689 9 22116
24829 9 12689
12689 9 12689
15151 9 12689
858 9 25772
22944 9 7306
3801 9 28650
3354 9 12689
12689 9 33245
20019 9 15521
21864 9 6858
13629 9 9225
1944 9 25554
8665 9 18425
12188 9 9634
19211 9 7563
12362 9 24630
12806 9 2538
22296 9 30726
12689 9 33046
18162 9 5538
20894 9 22567
21672 9 12121
31942 9 6100
28011 9 27015
28155 9 29660
20698 9 9636
3231 9 28011
6908 9 2375
14308 9 18714
32103 9 906
12689 9 28011
26377 9 12689
3679 9 13119
14051 9 29086
6414 9 3914
18425 9 9792
14273 9 3276
28011 9 15984
4963 9 23855
20325 9 28011
28011 9 20698
28011 9 7972
9284 9 10121
16684 9 7306
4743 9 27477
21907 9 27892
12689 9 71
25821 9 2933
18929 9 33037
8514 9 30387
28011 9 420
20207 9 6980
26323 9 28011
28011 9 12689
18201 9 28011
21192 9 28011
24146 9 28011
3231 9 25222
28011 9 22073
4249 9 7808
11762 9 2375
28011 9 27064
14240 9 12689
21099 9 28011
29311 9 12689
1084 9 30115
2185 9 12689
20840 9 28011
28664 9 28011
7183 9 19204
12689 9 1093
317 9 1571
21582 9 12689
3231 9 6578
21321 9 12689
26148 9 25803
13894 9 6273
19276 9 25524
27187 9 28011
28011 9 4748
11213 9 30828
11156 9 30749
28011 9 12689
8514 9 3955
21021 9 21321
12689 9 12289
8514 9 12689
25315 9 4801
28011 9 12689
12188 9 18181
12289 9 29279
12188 9 12188
16378 9 28011
3333 9 4361
16121 9 12689
28011 9 27423
23243 9 22563
30512 9 24829
6944 9 28011
12689 9 27852
28011 9 18936
4637 9 32414
33319 9 12689
6538 9 11069
12689 9 27660
9533 9 30387
3697 9 3965
21273 9 6210
28011 9 3965
5606 9 15054
28011 9 5440
16699 9 30464
21599 9 4748
12689 9 13551
28011 9 7808
20894 9 12689
28011 9 5420
28011 9 4743
12689 9 12689
11274 9 28011
12689 9 10904
12689 9 18737
4049 9 14106
12689 9 9193
12689 9 31189
28011 9 12289
21826 9 29953
24651 9 12689
6179 9 19690
28600 9 13125
9634 9 15400
13832 9 13048
9194 9 28445
2375 9 23855
28011 9 23055
12689 9 21428
19690 9 28011
25426 9 24942
10917 9 4205
12069 9 6954
28011 9 12689
2391 9 29411
8740 9 12689
6100 9 12689
28011 9 25993
15273 9 18714
19211 9 9823
17139 9 31123
30674 9 10846
2875 9 12689
24871 9 4249
1451 9 24811
27794 9 28651
12689 9 24517
30387 9 28011
31293 9 28777
28011 9 30887
28011 9 12689
25772 9 16968
13106 9 22013
4598 9 276
6923 9 6058
3448 9 28011
21280 9 28011
12689 9 12289
5440 9 9756
31315 9 20244
7009 9 11725
13641 9 28011
12689 9 27454
13048 9 858
19722 9 28011
33161 9 4633
24124 9 11643
28259 9 4801
13102 9 28011
6273 9 31994
30049 9 26036
31462 9 18737
17402 9 14398
28482 9 26564
20237 9 11106
12289 9 7651
3072 9 1635
25315 9 22183
12362 9 7808
28011 9 4801
19149 9 28011
28011 9 2507
9634 9 19211
15400 9 28011
13471 9 28011
26028 9 20805
23598 9 21331
23466 9 27821
23102 9 5299
28777 9 7721
7227 9 6403
2694 9 12689
17226 9 1084
21984 9 2111
28011 9 12689
17783 9 4433
3231 9 32250
1815 9 8238
18013 9 29411
3559 9 12289
28011 9 22982
9015 9 28011
28011 9 12689
4615 9 28011
9634 9 19211
17698 9 19059
4187 9 28011
12289 9 25315
8240 9 28011
6118 9 2254
15368 9 24877
10252 9 28011
3231 9 13832
11670 9 9634
12689 9 2792
28011 9 28011
4888 9 23776
2909 9 28011
28011 9 23159
7123 9 9756
28011 9 12689
9515 9 18641
12689 9 2648
8968 9 14832
26623 9 12689
18013 9 28011
28011 9 20019
13131 9 25803
995 9 12188
16378 9 8657
12689 9 23855
25315 9 28011
398 9 17798
28011 9 12289
18552 9 23490
4960 9 18269
12289 9 12689
28011 9 3409
28011 9 11069
12689 9 2440
28011 9 9419
28011 9 26034
28011 9 25902
25715 9 29086
7223 9 12689
28011 9 4917
13236 9 7618
9634 9 8009
16435 9 24517
28011 9 25337
11148 9 9823
13384 9 21826
6702 9 12689
12689 9 28011
33313 9 18471
2641 9 27341
9756 9 12289
12689 9 3697
4039 9 26623
6578 9 27660
31661 9 12689
9419 9 12689
32393 9 28011
25043 9 28011
2938 9 9457
866 9 20908
12689 9 5465
21672 9 1112
15419 9 28764
12689 9 1084
23986 9 15167
28011 9 16378
14479 9 24829
8523 9 9419
28011 9 17513
12689 9 21540
12689 9 29864
3245 9 12689
7952 9 24011
20906 9 3231
29311 9 29311
20583 9 5807
25902 9 3914
12689 9 27498
12689 9 12689
22660 9 30625
11345 9 24517
28011 9 27844
28011 9 4694
9634 9 3124
2375 9 2725
1482 9 4014
20420 9 18013
12689 9 31515
16202 9 26111
5845 9 3914
3405 9 10907
227 9 19211
24562 9 2375
12689 9 12689
12269 9 26124
16287 9 28777
28011 9 24547
18717 9 9757
12689 9 29318
24547 9 19387
6927 9 12689
24784 9 28011
29062 9 4249
12234 9 28011
21984 9 12689
12289 9 12689
21370 9 17867
29616 9 20349
4801 9 25833
5742 9 24829
4437 9 4532
32942 9 12289
3619 9 28011
8206 9 19211
16737 9 12689
3527 9 12689
16867 9 31903
28777 9 28011
28011 9 27936
12689 9 28011
15521 9 15349
12689 9 12289
21672 9 11712
22982 9 28011
32501 9 18013
9457 9 23667
28011 9 18670
3308 9 19444
23385 9 28011
11778 9 28926
9634 9 12289
21672 9 28287
31393 9 28011
29092 9 24829
25884 9 12689
27028 9 12689
7911 9 7910
25964 9 3245
5440 9 5440
12689 9 12289
12289 9 28011
12841 9 3604
5325 9 8372
3354 9 13210
6100 9 9550
13236 9 12689
28011 9 28764
28108 9 1112
28011 9 9634
33245 9 28011
12689 9 27794
28011 9 29154
33313 9 3043
2938 9 13131
8414 9 28664
12689 9 11712
17867 9 28011
2327 9 21221
21908 9 16684
7110 9 28011
28777 9 23466
9397 9 13599
28011 9 8093
3972 9 4185
10135 9 31719
27821 9 20513
25973 9 18013
21672 9 29637
23746 9 21332
27334 9 15105
17944 9 16844
2375 9 28155
28438 9 4532
12289 9 8604
12689 9 26429
17867 9 21164
2375 9 12215
28011 9 25315
12689 9 19063
5273 9 12689
28890 9 12689
4801 9 10197
13471 9 28011
7651 9 2243
28011 9 21826
23449 9 12289
6112 9 1162
28011 9 12689
12689 9 28011
12689 9 24105
28011 9 33046
23878 9 13551
3801 9 2375
28011 9 7172
4801 9 420
2629 9 24860
3830 9 71
12689 9 13210
12689 9 30337
6943 9 20513
10907 9 4249
9322 9 32309
19059 9 16634
10580 9 906
21847 9 27226
3333 9 16699
16378 9 28011
12689 9 30168
12689 9 7808
12689 9 11725
17729 9 24651
13989 9 3858
16309 9 12289
3231 9 6858
28777 9 7131
21515 9 12689
31785 9 23852
25229 9 11106
21428 9 12689
31793 9 18269
6000 9 29700
25315 9 31856
28011 9 23877
22183 9 16378
4039 9 3697
12806 9 27844
4445 9 28011
21672 9 30564
12689 9 885
14530 9 858
12689 9 23490
28011 9 21672
25315 9 13644
12689 9 14214
12689 9 12016
22551 9 441
12362 9 4615
32642 9 9634
25715 9 12689
12689 9 23466
28650 9 26982
28011 9 4615
28011 9 12689
12689 9 12689
29846 9 12689
23855 9 1115
21574 9 13493
16309 9 28011
28011 9 23914
30487 9 26666
9149 9 26616
8595 9 11785
29440 9 2402
10509 9 14059
18296 9 30882
12689 9 28011
27519 9 12806
16896 9 3354
33191 9 18269
20325 9 3996
6066 9 1112
25315 9 12689
9634 9 18317
28011 9 8936
30861 9 29839
7808 9 12362
21273 9 20155
2670 9 4887
12000 9 12689
28011 9 9419
32277 9 11193
27015 9 6100
28011 9 21370
8595 9 12689
9902 9 12363
29411 9 12362
30554 9 27168
21667 9 12289
5166 9 5166
12689 9 2446
6578 9 27660
18013 9 29958
12689 9 12689
9756 9 538
15393 9 19127
3245 9 11712
27064 9 12689
12689 9 10758
26429 9 27109
21177 9 8091
16093 9 28011
31934 9 28011
2374 9 29826
22324 9 28011
33037 9 11193
7110 9 13049
12689 9 29725
29411 9 32005
25197 9 20942
12689 9 21908
23575 9 1220
26524 9 28011
28011 9 15483
165 9 12689
4801 9 3354
27024 9 12689
13796 9 1112
12689 9 12689
28011 9 13493
7698 9 32488
22982 9 12689
28011 9 14111
19072 9 22068
27519 9 32673
15311 9 25514
28011 9 5713
28011 9 12362
18013 9 23712
12689 9 3193
27420 9 28011
4801 9 4039
8797 9 32660
12689 9 20732
28011 9 264
28011 9 2708
12689 9 28777
28011 9 29608
12689 9 28011
8262 9 4661
9634 9 16097
12289 9 18081
7329 9 11586
17950 9 906
12269 9 3885
21911 9 15151
21574 9 4039
20019 9 12689
24891 9 12689
284 9 12289
28011 9 28938
12689 9 27794
18193 9 28011
21672 9 12689
12689 9 4249
12689 9 30985
12715 9 28011
12689 9 2938
12362 9 9509
27362 9 26340
5127 9 33191
16121 9 12689
2440 9 23466
4249 9 12689
4801 9 32592
8595 9 12689
12689 9 13236
28011 9 7227
30269 9 3972
15163 9 3858
22123 9 4193
11156 9 13184
6100 9 27015
28011 9 11193
12689 9 4249
30151 9 13037
13280 9 20682
8658 9 6414
2041 9 23466
12689 9 3231
30387 9 18567
28011 9 23962
28011 9 13832
6100 9 29209
2936 9 32277
28011 9 18471
12689 9 4437
32554 9 28011
12689 9 9015
12689 9 11015
13755 9 24829
28011 9 15421
3231 9 25156
10907 9 21321
19059 9 3405
21273 9 28011
25222 9 20815
4633 9 12689
12689 9 12689
27187 9 27794
12689 9 17662
28777 9 12689
13410 9 12689
28011 9 12689
32592 9 26036
21454 9 1486
18269 9 20325
12289 9 30269
28011 9 18936
14314 9 12689
12362 9 31785
14776 9 28011
2600 9 25230
28081 9 9902
16121 9 12689
1326 9 23852
7223 9 9636
14878 9 18425
32594 9 3402
25695 9 8528
10200 9 28011
1201 9 32592
16121 9 12689
22435 9 12689
28011 9 25554
22522 9 420
3021 9 12794
23102 9 28011
28011 9 12362
12689 9 31123
30857 9 22169
12689 9 31942
6547 9 7772
12689 9 27454
4801 9 12362
15393 9 22860
12689 9 31347
1601 9 9285
28777 9 18269
2195 9 2137
12689 9 98
28011 9 9509
12689 9 12794
9823 9 32215
17699 9 15273
7779 9 3060
12689 9 4014
12289 9 18013
12689 9 21057
19673 9 2446
32892 9 15996
3245 9 12689
28011 9 9481
12689 9 12689
8262 9 11193
14530 9 28011
18825 9 13048
12362 9 27519
26139 9 16435
9634 9 4372
4801 9 554
23390 9 2708
28011 9 23411
28571 9 33197
17748 9 227
28011 9 12362
13551 9 8523
13131 9 12234
3219 9 12689
18007 9 12345
21599 9 23914
25973 9 18356
26503 9 3405
14530 9 9823
1909 9 32854
27821 9 21280
26192 9 31151
28011 9 28286
17858 9 13359
24902 9 8785
21667 9 14049
31091 9 5358
24427 9 27346
27844 9 9501
5639 9 4801
4743 9 13641
16287 9 7009
4743 9 22803
12362 9 276
4532 9 12680
28011 9 7639
5742 9 5742
18740 9 28011
18013 9 12411
15650 9 15650
28011 9 9634
28011 9 4205
23852 9 28011
21273 9 28096
26377 9 28926
28600 9 28011
20268 9 20268
16968 9 26564
28011 9 32103
324 9 2007
25953 9 12956
16968 9 2567
28011 9 33251
28011 9 19863
6578 9 28011
24093 9 17867
27307 9 7939
32252 9 6455
19387 9 9667
3619 9 28011
12289 9 25315
27599 9 24501
227 9 12689
23449 9 23620
18714 9 5834
25454 9 2375
12689 9 16097
12289 9 30269
30564 9 19343
3709 9 28011
4804 9 19211
25953 9 25694
9669 9 12362
25514 9 7501
6100 9 28011
12689 9 31782
24517 9 28081
12689 9 32554
28011 9 15579
28777 9 5465
16070 9 18988
12689 9 22620
30797 9 9634
30269 9 28011
9634 9 26396
15200 9 7785
12689 9 2875
1112 9 28011
14227 9 5420
12689 9 8304
28011 9 12689
21273 9 25195
20268 9 9921
13409 9 6774
28011 9 21908
21121 9 2102
2375 9 28011
25315 9 1112
12289 9 4905
26335 9 1239
14691 9 9758
2728 9 27015
12689 9 20513
17139 9 24898
26982 9 21984
27015 9 21908
26036 9 4185
12689 9 1112
30628 9 24023
6112 9 10710
9756 9 12689
5618 9 28651
31946 9 12689
4801 9 25315
20958 9 1680
8514 9 7808
12689 9 14530
7386 9 12689
16951 9 30512
24093 9 5764
11725 9 32554
12689 9 17867
9309 9 14319
28011 9 17798
27187 9 29009
8428 9 2938
14106 9 2750
15483 9 28011
21826 9 28011
993 9 9608
28386 9 16716
9419 9 28011
7110 9 12362
12689 9 2402
5894 9 12689
28011 9 23612
12689 9 28011
31809 9 25006
13739 9 227
12689 9 385
28011 9 28011
32592 9 18077
9509 9 5606
12689 9 25560
28011 9 8304
22094 9 28011
28011 9 26124
26429 9 26524
4161 9 16420
3308 9 28011
20815 9 19799
29616 9 9634
24093 9 19799
9262 9 27669
27844 9 8061
12689 9 16097
18723 9 12689
3914 9 23449
12362 9 22488
12289 9 27187
19343 9 9419
16287 9 18567
9548 9 32049
14840 9 10931
12689 9 28136
4801 9 33245
28011 9 7436
6943 9 29608
9634 9 13131
21370 9 19211
26982 9 28011
28011 9 5427
3615 9 12689
26124 9 10437
27110 9 27519
12289 9 2375
4801 9 9634
12132 9 12689
2938 9 33245
12689 9 16634
14235 9 20513
12689 9 26001
4801 9 9634
7155 9 12689
8936 9 6818
33251 9 27634
28011 9 10213
27187 9 8767
23877 9 12689
29796 9 12689
23034 9 28664
12826 9 28011
20033 9 9329
29238 9 25315
28011 9 10509
28011 9 33101
4488 9 19677
15842 9 31942
28011 9 28926
21273 9 6016
1917 9 20325
12289 9 6902
28011 9 28011
28011 9 28764
12289 9 21908
16699 9 14013
12689 9 3189
28011 9 7005
21908 9 21556
30269 9 12689
25650 9 24811
3325 9 28011
12689 9 1721
25222 9 12689
13534 9 14530
17884 9 30269
4335 9 8264
10835 9 20491
5157 9 10178
19690 9 14184
6617 9 14474
21021 9 26564
16458 9 29311
27532 9 10754
26124 9 12689
8693 9 18714
12362 9 12362
12689 9 30915
13131 9 26124
12689 9 3231
28011 9 12689
25156 9 32215
16121 9 12689
287 9 26124
12289 9 8595
18929 9 11462
29725 9 9634
17264 9 16968
10644 9 14214
12689 9 13131
28011 9 12289
12362 9 13493
12689 9 23466
12362 9 7284
21462 9 9634
4812 9 12689
8323 9 15733
10580 9 20908
29528 9 12689
10884 9 28011
12689 9 4405
9823 9 17436
28011 9 22183
28011 9 12689
10523 9 12689
9634 9 19211
12689 9 25197
7155 9 28011
12289 9 19276
7316 9 12689
14059 9 10509
28867 9 12689
14878 9 12289
31088 9 12289
19073 9 21057
18013 9 71
16097 9 16378
3885 9 12689
7284 9 30269
20163 9 14181
3336 9 28011
24811 9 12689
1326 9 12689
5742 9 5742
5564 9 24124
1112 9 21984
11762 9 2733
17307 9 13125
27046 9 7650
858 9 4014
2938 9 6931
27844 9 12689
21574 9 23612
12509 9 29608
29561 9 12411
21556 9 16968
7999 9 4139
24829 9 32429
12362 9 10435
13832 9 30286
3505 9 10227
18453 9 21672
21892 9 6584
23855 9 3402
16121 9 15375
32943 9 30115
12689 9 23449
12961 9 12689
16309 9 12826
32553 9 12689
18929 9 4647
27566 9 21908
28011 9 9509
28011 9 26036
12689 9 28011
28764 9 9309
12689 9 31061
13236 9 12689
31061 9 17560
26958 9 1523
17748 9 4647
31242 9 1220
28011 9 9309
12689 9 20652
28011 9 12689
5157 9 5157
14215 9 28011
8514 9 28011
12689 9 15400
22679 9 19059
25454 9 28926
10183 9 10002
21908 9 27794
28011 9 12362
3952 9 17934
29998 9 1220
14059 9 10509
28011 9 27697
8514 9 19690
10509 9 2254
4905 9 4801
12973 9 32652
29041 9 9154
18013 9 27192
10580 9 7153
12689 9 25191
25821 9 8936
12689 9 19415
7223 9 28011
13131 9 11462
12689 9 13354
28011 9 12689
12689 9 27519
9634 9 4801
4210 9 876
31885 9 25504
29700 9 3697
24529 9 17867
21280 9 7290
30286 9 4801
28011 9 27028
14691 9 28938
21347 9 11967
12689 9 20011
28011 9 16684
4953 9 3979
15225 9 29009
19690 9 13359
15136 9 18471
13644 9 28011
2336 9 17063
4014 9 19384
866 9 4801
7272 9 23575
32859 9 21388
15520 9 16134
16492 9 12689
28011 9 2708
5995 9 28011
25821 9 25821
9634 9 32669
28011 9 19690
9634 9 31017
12689 9 12188
17742 9 29038
12362 9 12362
7814 9 30792
31782 9 12149
31753 9 28011
24629 9 5627
22982 9 28011
16121 9 20942
31075 9 21907
12689 9 12689
4549 9 13282
28011 9 12289
31255 9 28011
12689 9 4905
25197 9 20884
12689 9 3955
13551 9 12689
12689 9 23824
25229 9 9149
14402 9 28011
28011 9 12289
12411 9 25772
12289 9 12689
12362 9 12689
8409 9 28011
33313 9 29608
28011 9 6737
23855 9 6547
13833 9 10846
28011 9 30669
3952 9 28011
15842 9 16684
13977 9 28243
7223 9 8304
23617 9 21255
557 9 7417
10324 9 12689
28540 9 10178
12689 9 28011
12689 9 3231
20896 9 14106
11762 9 14832
28011 9 4562
12689 9 32959
32215 9 12289
12289 9 12689
30258 9 595
12689 9 5276
906 9 7329
28011 9 21273
28460 9 28011
8264 9 26340
28011 9 30049
12689 9 2708
3697 9 12689
18988 9 3231
18900 9 12289
12689 9 3952
6429 9 24547
12689 9 5463
12689 9 10796
28011 9 19276
23185 9 12689
30387 9 21864
420 9 4249
18269 9 32951
16121 9 14854
2375 9 28412
28011 9 13808
12505 9 32250
3092 9 21462
32554 9 26981
3913 9 29280
12472 9 4917
28011 9 12689
25222 9 4801
9149 9 7910
7695 9 28011
4488 9 31934
33245 9 8936
16224 9 26564
25197 9 12689
28287 9 4208
21331 9 12689
10336 9 5397
12689 9 18929
12689 9 32281
11157 9 19804
12689 9 19211
16070 9 3697
18013 9 282
26564 9 3231
2111 9 16202
2375 9 8240
28011 9 7159
15458 9 9634
4801 9 21399
30337 9 11523
30620 9 28011
4562 9 23575
10638 9 12689
28011 9 10907
12689 9 29700
12689 9 29411
6100 9 7910
24427 9 28116
4185 9 24829
7306 9 31785
1336 9 25084
12689 9 13236
12689 9 16121
28011 9 12689
12411 9 28011
21672 9 30512
28011 9 12689
4801 9 28777
7003 9 12689
24206 9 876
19033 9 12289
21273 9 25893
25650 9 29165
13313 9 17937
12689 9 15375
12689 9 12180
4748 9 28011
19211 9 9634
14691 9 28011
12988 9 353
10230 9 28011
6578 9 29221
30758 9 29086
28287 9 12689
6617 9 33312
12689 9 17805
28011 9 12689
32277 9 11193
28011 9 3380
3231 9 26036
3169 9 906
12689 9 28011
15489 9 25249
28011 9 32885
12689 9 8107
9548 9 7210
27794 9 32592
24860 9 11718
1932 9 28011
29062 9 31286
32200 9 5276
21574 9 8740
28011 9 12689
28011 9 10846
1651 9 12689
11213 9 18425
32414 9 21273
24592 9 3231
28011 9 8409
24517 9 31477
12689 9 19157
9315 9 12689
12689 9 17950
22324 9 18714
12689 9 15273
28011 9 19211
3245 9 1482
24643 9 4030
27481 9 5465
23411 9 9634
15107 9 11378
12289 9 28011
19063 9 15393
21908 9 30793
23765 9 25220
32943 9 20682
3308 9 12689
8101 9 3245
4942 9 27794
31293 9 25650
12689 9 16902
32554 9 12689
30209 9 12289
28011 9 3952
12689 9 2375
21280 9 2949
6885 9 858
25524 9 19444
14654 9 17839
16121 9 30797
8415 9 12960
16737 9 26442
7131 9 28011
9634 9 9609
21273 9 7910
28716 9 28650
12689 9 27420
28011 9 1424
28417 9 4249
13367 9 12689
12689 9 2906
12689 9 17265
17433 9 23135
6908 9 12362
27013 9 25156
17698 9 4694
19722 9 7695
28011 9 20155
28011 9 23873
12689 9 23579
14214 9 7794
10509 9 10509
13189 9 28011
14384 9 21556
24105 9 4311
4801 9 26036
13210 9 12689
16985 9 906
25315 9 28614
9634 9 7808
12689 9 15579
32049 9 324
19568 9 28011
18567 9 858
554 9 29958
23855 9 25615
4838 9 12689
12689 9 28011
10111 9 14110
29038 9 28011
28011 9 28011
31123 9 12689
9669 9 31700
28011 9 28063
12770 9 12289
12289 9 12689
23411 9 28011
13359 9 27015
33069 9 28011
2792 9 4014
9634 9 21273
23855 9 5123
16684 9 12689
15450 9 4647
23466 9 12689
12362 9 31785
1567 9 29076
12689 9 4249
21847 9 14214
12362 9 28011
26036 9 17808
10478 9 12689
4942 9 28011
28011 9 25222
22989 9 28011
12689 9 28011
6943 9 3231
9141 9 12689
17433 9 20882
21672 9 12689
19174 9 10846
9823 9 6578
15996 9 12689
28011 9 14151
11643 9 28777
18907 9 22460
28061 9 25833
12689 9 15579
7695 9 22435
23575 9 20219
6509 9 18619
11730 9 15400
3972 9 10985
10904 9 4801
3972 9 28777
1567 9 1112
27187 9 27466
9557 9 4039
12689 9 19276
16378 9 28011
23575 9 13131
2336 9 21031
876 9 28650
11128 9 21416
28011 9 26524
10038 9 12362
7493 9 33319
9386 9 15579
858 9 29700
27794 9 12289
23466 9 23466
24942 9 21273
28011 9 23466
28011 9 15579
2446 9 12689
27110 9 4599
17581 9 906
8363 9 28930
21255 9 20743
12689 9 28011
9634 9 23449
32592 9 12115
12689 9 9309
11730 9 10220
23159 9 12289
12689 9 23466
31289 9 7980
25222 9 21931
18714 9 25129
13127 9 13359
17817 9 12689
13314 9 12689
27794 9 6100
14691 9 18976
28011 9 9704
6931 9 401
4205 9 24192
6016 9 20170
12362 9 15520
28011 9 906
8595 9 2375
31075 9 12667
20652 9 21381
21564 9 12689
353 9 12689
1189 9 20575
4647 9 7131
28011 9 16492
21273 9 12689
766 9 12689
8904 9 5157
5257 9 32278
10200 9 12689
2375 9 5250
31393 9 30194
2708 9 5276
2391 9 9419
3619 9 10846
28011 9 23490
32572 9 24547
7155 9 4039
28011 9 1619
25315 9 8409
10380 9 21269
9634 9 12689
6578 9 3354
12689 9 28417
24811 9 21599
7614 9 16161
17698 9 16699
27024 9 18951
21273 9 21984
6288 9 21564
16378 9 28011
15966 9 353
18013 9 10235
14723 9 28011
21462 9 10817
9419 9 25197
12689 9 5465
27669 9 32894
12689 9 30797
28650 9 14214
28011 9 491
27466 9 3979
6923 9 2327
28011 9 12689
18013 9 2538
3189 9 12689
25197 9 12689
6908 9 28011
12689 9 3914
28011 9 9419
28011 9 11807
28011 9 7147
1438 9 25092
13946 9 28011
18714 9 25197
11670 9 28011
15521 9 22022
6950 9 7155
12289 9 16048
12689 9 9457
4801 9 30368
31922 9 28011
28011 9 24878
10760 9 26623
4034 9 26136
22293 9 227
28011 9 16093
12689 9 2933
14968 9 15375
18714 9 7005
12689 9 4917
25315 9 14106
2375 9 21273
10178 9 10596
16378 9 3914
12689 9 15273
4249 9 30512
12289 9 21273
11169 9 24093
5871 9 15887
8595 9 20451
