25837 2 5174
31427 6 6378
14562 6 21986
17254 6 12124
27170 5 27719
33305 0 172
26983 11 6484
22931 11 21981
16468 6 23359
22821 11 33046
6737 0 31476
27253 0 26498
914 0 28660
20332 10 22811
32254 0 12864
10142 3 4182
3920 8 2308
297 8 3100
3249 1 17340
5045 7 20856
762 0 10120
12781 11 14662
12440 11 2933
26644 11 9263
27284 11 29657
12587 11 14662
13465 0 15579
4249 0 23284
2670 6 19389
16376 11 7744
690 11 11085
16853 8 29104
353 0 27269
25963 0 15537
26831 0 15329
18074 5 22746
9380 11 6173
6427 11 7901
19902 11 30797
32650 11 23005
8930 8 3750
18251 5 8928
7711 0 2244
32863 0 25436
9457 0 29586
16044 0 26662
23970 4 4071
24679 11 14566
7158 11 1216
23417 11 28279
26886 7 678
18829 2 10750
10384 8 19817
3888 11 24023
18072 11 3173
23053 10 30937
17673 2 8662
29449 6 4578
26031 0 16243
5764 10 2886
32146 5 31834
26610 11 18269
7971 5 17097
30110 8 7757
13800 5 5521
6818 10 31785
20093 11 15633
16460 11 21669
32048 0 20280
18017 11 942
4543 0 12914
11773 11 7268
6728 0 31053
26653 5 20013
23187 0 26450
28692 11 32356
10488 11 31869
14662 0 9672
6989 6 18414
71 6 20686
17884 11 9262
14533 11 14679
3615 0 19934
369 0 26331
13933 11 30639
3782 11 14033
8110 0 3577
19600 0 14231
29564 11 13534
1587 11 32388
14897 11 32440
17787 0 25469
32235 4 5221
31229 0 6694
24079 8 716
26319 11 15521
9220 3 28400
2909 11 10535
10796 0 28576
20533 2 29972
9050 11 21735
15301 11 24839
17523 8 27759
18303 8 25149
9285 0 24158
15047 0 1040
13229 7 5157
23635 10 6008
5440 11 21309
4347 5 19508
6274 5 1556
17119 0 16135
16821 11 18833
2492 1 30218
24126 0 20212
17971 11 13252
19967 11 15602
23781 6 1170
17078 11 27232
13420 8 20247
15295 0 27398
9289 11 8260
30554 8 15027
779 0 24274
18228 0 2337
30463 6 14579
13786 11 6537
25070 0 11887
28591 11 9973
30666 0 12035
25283 3 4249
28651 0 671
6008 2 19734
17348 0 10048
24389 8 8560
2074 8 19151
11961 7 7453
27794 1 22944
25837 2 587
8670 0 18804
6870 11 27852
28157 11 17017
16769 0 19233
8108 0 18544
13096 0 2861
28154 3 26124
31143 11 12864
8397 8 12022
1063 0 17108
29220 11 29
20167 7 25761
19690 0 25089
25685 0 17897
21401 7 26001
31437 0 2106
6413 0 21610
29684 5 17760
30683 11 17064
30632 7 3406
33311 0 23560
14105 10 15650
24557 11 31462
6043 3 4249
10998 5 17993
16079 6 12862
31645 11 7311
30757 11 11844
22196 8 8417
22402 3 13493
20982 11 14530
6927 0 31106
13957 11 22031
30414 0 29299
20553 1 12246
19377 0 18397
12605 0 13628
1001 5 10511
29850 11 10610
18084 5 20216
16963 0 31653
15187 11 11911
27004 11 12882
30398 3 4249
23148 0 29288
23986 0 8180
18916 7 5486
16044 0 14779
9754 6 30944
11807 0 12843
13641 0 11646
25040 0 14853
21026 0 31845
4707 11 10796
21362 11 29964
5284 0 17234
23859 7 16718
27656 0 23321
11584 11 15633
18228 0 9285
27364 11 26633
2655 5 20557
11128 0 10177
11110 0 27387
20157 11 26406
29130 7 2792
143 7 19828
16875 11 25070
29308 3 10583
16261 11 22724
32522 0 7056
22675 0 7901
2340 0 21633
16895 5 12053
31091 1 10191
9199 5 22514
10426 11 12826
568 0 14351
12208 6 28402
4757 0 12743
13372 10 6578
3947 8 284
16044 0 11423
20531 0 29092
28169 11 9705
5583 5 15084
23772 11 3924
14392 3 4249
22724 0 24387
8315 11 27688
10067 6 12108
19726 11 30797
16887 0 11246
10557 11 1301
32052 0 10147
30936 0 32101
3962 11 30941
24991 5 3305
6635 0 22342
31875 8 6071
6635 0 23945
691 3 12566
27411 11 9781
19763 11 16432
25986 3 28810
32388 0 1587
14976 0 22941
31191 2 31526
18540 11 1691
22250 8 10381
15778 11 9880
8614 11 9128
3230 5 30416
3914 0 10354
8774 8 30380
30372 11 22606
17589 10 18471
25122 11 25457
21944 11 22240
2456 11 10982
16259 11 9438
15470 11 7741
1691 0 10304
32112 11 25710
9185 11 9320
24671 5 9698
30301 2 4929
5901 1 31893
30308 8 4593
8224 11 3830
13370 7 12613
27202 0 26867
13107 11 30188
22320 11 31234
783 6 2138
15803 0 17894
21027 5 10481
25633 0 13171
15197 11 32525
8930 5 20192
21902 11 12411
28472 10 20226
22547 0 16655
2105 8 20648
20310 11 21670
20813 0 395
7858 6 18282
25946 7 9356
18233 8 4654
23345 5 8063
32098 11 18918
15047 0 25907
19380 11 25023
17701 8 24761
23177 11 24254
1966 0 25635
19490 0 1245
15873 8 3217
1648 8 29744
8035 0 672
6149 10 29106
12516 3 6635
3269 6 5529
31886 3 25171
2985 7 4560
25070 0 2404
9729 11 25472
7593 7 23144
155 0 31671
2221 5 20175
38 7 15910
17851 11 22037
28707 10 9915
16634 0 21777
8530 0 32127
13739 0 9816
6071 11 30414
17205 11 22460
21931 0 18146
1289 0 26765
29061 6 18756
7735 11 13428
11464 6 1234
5156 8 22330
596 10 24213
9181 0 16636
32063 0 16040
21934 5 13276
6902 0 9244
18899 11 6165
9820 11 7064
28462 2 22591
900 5 23740
25869 0 15135
4217 0 3811
30135 0 30096
21309 0 13271
18261 0 18476
10649 10 31444
8315 0 32710
16468 4 4591
22488 0 19856
16895 0 13374
28043 11 9669
27168 10 125
18892 5 2362
19814 11 31340
14089 6 8586
8789 10 25837
31648 0 2815
23881 0 22044
24573 5 27291
7371 8 19475
15764 0 25918
24560 5 4450
13210 2 25763
29693 5 14759
9859 11 26632
22764 4 15026
1699 5 11832
29038 0 2559
25081 11 18777
32259 11 32977
14848 2 1186
3699 11 10827
25006 3 12151
24333 11 31714
29884 11 18141
6348 8 4106
13365 5 31405
6635 0 13446
20237 0 13156
4240 0 30890
25874 0 25176
21824 0 13310
19363 3 27656
9409 5 22763
12537 11 33032
30444 1 17333
10025 3 33311
2185 10 4712
33319 11 16717
645 8 24402
17693 11 13252
14317 0 27800
30781 8 15186
6414 0 21006
32636 0 5882
21786 11 25070
32038 11 4654
3634 3 16646
30639 0 28941
32644 11 6262
27194 8 15778
3375 0 3547
24542 11 25710
27167 11 19692
897 2 9861
31793 2 19871
27498 0 21589
11132 0 9832
29721 0 10352
11004 11 14662
31219 10 897
8704 8 26542
20898 0 1234
3741 6 24495
33209 2 20475
18871 6 25571
9973 0 21803
9622 11 23516
29637 6 25868
27050 0 8167
14251 0 18086
20437 7 26014
15794 0 9111
10962 7 720
23519 11 27477
12579 0 12177
23422 5 10040
2826 11 32863
4269 0 7750
12999 0 20493
22843 10 6008
20539 0 21237
29257 2 30054
27844 0 12247
8409 6 2505
25647 11 20914
17017 0 28157
30443 7 16811
33120 11 15331
16888 0 25599
19885 0 11824
19372 5 14821
19255 6 19084
26203 3 23601
2389 6 27127
15067 7 12080
19938 6 31912
33067 7 16838
32287 6 31523
12882 0 26625
32256 8 2430
12000 0 14097
29111 11 10227
19525 0 23555
27643 5 17636
25454 7 20813
26677 0 5430
727 6 32479
14662 0 20577
13712 11 8850
17826 0 31235
32636 0 19862
24427 0 28816
10360 0 30736
31370 3 6635
31689 11 6842
6397 0 263
5081 10 30301
15334 0 22144
24061 7 846
9193 6 28487
14662 0 5075
19684 11 19252
121 0 5652
20428 0 26705
11462 10 20759
28006 8 7075
5702 5 22708
9291 3 20884
16353 11 27295
4043 0 8011
25710 0 28498
24154 8 18104
7611 11 20844
26847 5 25477
26202 0 4193
28102 11 30550
7303 0 21162
27517 0 18782
26657 5 22386
32863 0 7407
13314 0 32903
19617 3 21460
14469 11 31061
22534 11 15794
7677 0 15736
32585 7 4165
9710 0 3409
23146 11 948
22406 2 30235
29167 1 31383
15525 11 25613
22152 11 30833
24468 0 32645
19315 0 7755
16027 10 25115
32840 6 32316
23781 0 14128
13049 0 12123
10132 11 16376
28468 11 9285
30374 11 13316
31488 8 27213
30861 0 4185
4828 8 7141
856 6 24124
9144 10 9144
21083 11 28639
15352 0 16997
1743 0 17049
19828 2 31058
1498 8 23264
5157 6 18074
11417 8 31152
8850 0 23479
19742 10 23299
30723 10 20226
25725 11 15764
13279 8 11011
21872 5 23469
16064 0 10976
30018 0 29127
11287 11 20160
6877 5 19584
11128 0 19255
15160 0 13749
20012 11 18853
13444 11 30666
20770 0 24794
22776 11 24044
7794 7 32875
30358 11 12305
14423 7 16792
3368 0 16700
28333 11 6980
10672 5 7207
20496 5 24583
30278 0 6041
24011 0 13774
21669 11 25073
18583 0 10264
10936 0 1085
28462 2 9996
12723 7 29454
24851 0 10036
820 6 16273
22 10 19298
9726 6 643
13603 0 32220
30639 0 5388
17963 8 1345
15685 0 25560
9340 11 20779
26470 11 14359
16680 0 24066
5188 0 3446
8493 11 9892
32898 11 3612
9698 8 26836
11234 0 26656
10767 5 2512
19683 3 27576
26124 0 20913
1672 11 25082
24285 0 26968
18183 11 28635
71 6 21010
26842 11 4663
10210 6 1061
22234 11 18580
29232 0 21346
25489 0 28831
20511 0 7711
30111 0 19932
2558 0 32729
27682 11 28805
20844 0 3327
31015 0 8406
11726 7 20303
10949 6 17747
14086 11 30833
7659 8 22180
8214 5 24671
15939 11 13641
18455 11 4642
22488 0 29936
897 2 13622
15437 6 1106
12647 8 22922
268 11 23411
25835 0 24019
32252 0 13428
15450 11 2479
14773 6 9758
11266 8 16619
17372 0 32448
21238 11 28928
8850 0 31263
21316 11 9285
22282 0 6484
4317 4 11078
31951 2 29754
15741 5 9104
4506 7 4161
29576 5 13485
18475 0 20838
11186 0 16614
29209 0 5648
16376 0 17781
31794 6 468
23779 6 30712
14397 5 33324
32863 0 5608
2792 6 9193
32400 11 1988
28018 6 21810
7258 0 28883
21057 0 20975
23943 11 9167
6473 11 14662
6537 0 17483
6442 0 7389
8472 8 7893
32688 0 27914
33253 11 22724
26499 11 15633
16190 11 2558
27470 8 9317
21951 8 27397
32747 11 29394
9149 0 18951
31989 0 21773
8820 7 5157
698 5 22587
29188 11 12345
6927 0 25232
11417 8 21113
30981 5 13032
7793 11 24839
21896 10 18304
9394 7 9394
29208 0 2380
4307 3 13493
25764 7 21317
18135 0 26296
29950 3 6943
31739 6 23414
4366 11 17959
10501 7 720
31864 0 14089
3334 11 30842
28892 0 31170
19025 11 16255
4710 8 4203
7276 0 16147
31278 7 15393
4385 11 20279
15484 0 19721
15408 0 19182
4469 0 2351
6205 3 9839
27575 6 27575
6678 0 33235
32793 8 14613
13883 0 15581
6908 0 1591
8863 5 22077
17604 0 27947
5697 6 29196
20859 0 979
4526 0 692
32629 0 14376
16057 5 20432
2612 8 29223
18758 0 32196
21592 0 25209
13810 11 18178
18740 0 3498
2077 11 6928
24851 0 11544
4009 11 21753
2389 6 26905
10883 11 15284
29184 2 32457
3470 0 25929
4440 8 33000
4840 5 27185
20226 2 19499
8588 11 27295
24795 11 17629
4240 11 838
16156 2 15793
28034 11 22969
19969 11 18306
19238 0 18590
22298 0 17037
24222 10 20226
11985 7 536
9468 0 8761
6635 0 4404
23781 0 26949
31555 11 8580
7702 11 16790
3620 7 15913
28287 6 28096
23032 3 6943
22482 11 15794
28172 11 30939
13739 0 16762
1294 5 25091
6422 11 16750
13196 0 4124
1735 0 11033
6916 11 2385
28689 5 6853
24241 11 27297
9455 11 16402
12035 0 23638
15245 6 15245
28728 0 2955
20303 11 29988
24200 11 3547
9140 0 2303
19533 0 13499
29039 8 29037
32235 4 8135
12994 11 26499
19933 0 1801
30278 0 5219
8628 6 10907
7534 0 420
9996 11 25092
20037 7 19128
17086 0 17064
31444 2 382
20689 0 16003
32440 0 29679
30435 0 7115
20719 8 23125
31191 2 12286
22982 0 21767
13022 0 2316
32357 0 28084
24185 7 2695
21868 3 9276
32191 5 9163
13789 11 20795
11417 8 17207
14453 8 32256
25965 11 21824
24547 0 22209
13532 0 8947
25582 11 4997
1620 11 31092
22217 5 15631
30190 11 25070
10569 11 15160
18476 5 24482
20698 0 18459
438 0 24615
14882 0 17747
12175 11 15579
28883 0 28012
31944 8 23566
24111 5 20257
27384 0 23271
26966 11 25070
19665 11 26295
281 8 27698
22031 0 3042
15529 7 26001
9832 11 11132
18898 0 12752
4249 0 10903
7119 11 30639
20226 2 15177
30791 11 21510
30348 11 28020
5418 11 28651
16014 0 31710
5402 4 1447
13614 8 6961
14176 0 22607
24839 0 22847
14026 7 14026
22031 0 4255
3240 5 6197
7529 0 17183
32344 0 15948
23433 11 13719
30301 2 5313
16917 5 8173
29239 8 4157
21654 5 16407
6008 2 29417
11244 5 24798
29500 6 14369
2207 11 28517
31922 0 31910
20805 0 20019
31904 8 7072
30743 0 24939
30977 11 20652
31989 0 71
3223 11 10360
5772 11 10796
8101 0 29724
7998 0 33024
30204 0 7418
17560 0 7205
6931 11 19813
18231 0 30405
20226 2 5954
31257 0 12292
6008 2 12887
25151 11 13252
17254 6 25678
16606 10 897
23970 6 2828
14118 0 14361
20244 0 23058
30706 11 14560
8543 7 24629
3009 8 33012
17199 0 12240
3039 8 4710
6919 0 17611
5607 11 22724
7882 11 6908
9438 0 16259
26002 5 15623
14033 2 14440
31710 0 30634
1074 8 31731
22449 0 12876
23982 6 26503
27886 11 20898
15180 0 24181
23590 11 29106
1481 5 6688
18200 0 21603
29947 7 10548
9500 8 15442
8579 11 29198
31251 8 1542
9297 11 587
29925 8 31275
26249 11 26203
7602 3 31075
24299 8 31014
27297 0 18488
19663 11 31211
15352 0 1946
27635 11 18766
13714 0 7525
24303 10 25841
4536 0 19937
18633 6 7565
26111 1 14960
13414 7 12417
5474 11 11017
13659 6 24600
25018 3 5645
5321 11 4181
29510 0 2513
3349 0 1510
29212 5 24888
8299 5 11588
25350 6 12893
28428 0 20237
3266 7 23121
12437 3 10936
18135 0 26754
27040 11 31262
14911 7 2792
607 8 24292
11370 0 31013
22463 4 24809
7601 5 24348
22969 0 12265
31951 2 9639
5050 11 15047
9441 11 28482
4737 0 21481
4249 0 11929
25807 0 17070
7473 11 15016
6112 0 6931
20220 5 3635
32235 4 1841
9320 11 5796
310 8 16317
24163 0 14794
4249 0 33102
27983 10 6008
28322 11 29468
29012 5 9416
29018 6 4850
4170 11 6537
17977 3 4249
28033 1 17220
23742 0 2403
32074 7 12810
25147 7 23452
11132 0 3058
17435 11 29232
21956 0 3661
31322 11 2340
9766 2 15869
21977 0 24495
21662 6 27371
21634 7 21839
30639 0 8802
11294 0 25682
6936 11 27953
10975 3 16838
15212 11 24468
9457 0 20384
23336 7 1365
16617 0 19338
1890 2 15410
10960 5 20973
21680 5 12208
32482 0 2375
6873 5 20600
17155 11 12915
25710 0 26366
6351 11 5799
4309 6 16495
25841 2 25061
32235 4 11773
31240 11 20768
25416 5 26568
24888 8 32366
11367 11 3374
8704 8 9759
22100 11 17256
30797 0 9010
32060 0 4812
26640 0 26569
20787 6 22039
15453 0 7463
18196 11 28540
27331 3 19728
3348 11 9784
2435 10 11828
23677 5 8765
18768 0 17630
6002 11 31826
28694 7 21331
7369 8 25471
21372 0 26711
15935 7 6291
5410 0 8956
18255 11 31343
1024 5 4288
33063 0 29515
14817 0 11017
7062 7 31580
32652 7 32652
22158 10 21987
25612 8 3563
30060 5 3567
24977 11 23703
13679 0 13110
2887 11 25070
22164 7 12826
2613 11 28983
5521 8 3810
10227 0 26506
32869 8 32022
9309 6 20447
6343 7 32965
2759 0 18611
15632 6 1129
6008 2 7830
20160 0 11252
7711 0 25320
8315 6 32587
23413 0 24658
20160 0 10761
18444 11 23004
18907 11 28734
1988 11 17611
4988 11 19973
27568 10 3808
16044 0 6134
4154 5 10430
13086 11 29891
20426 10 1189
14662 0 28560
25027 7 20387
11101 8 29929
6882 11 24653
21570 7 22888
28650 11 19482
4204 11 9669
17520 10 4712
9400 5 15533
22870 7 534
29477 0 7952
3829 10 6008
3717 0 16993
17906 0 16478
373 0 31437
26598 5 18930
27295 0 18295
5067 11 28066
15284 0 13629
7711 0 17842
12488 8 4677
6484 0 14659
13493 0 20474
6363 3 16838
3885 0 16133
5665 8 1174
17848 3 16442
5936 11 22061
8549 8 5247
30342 11 25633
27052 0 14852
21761 0 23915
16976 11 22724
11481 11 20732
14932 11 3468
28547 1 31383
2313 11 24763
29205 11 14000
14795 10 98
24145 11 30281
1449 8 14941
26843 4 24760
21540 0 21525
18626 11 17962
7810 11 27520
28777 0 9427
23073 11 19259
15312 11 29673
17709 11 9254
11646 11 7681
8067 11 32863
15104 10 28650
29430 10 28375
21204 3 4249
29385 6 2925
3424 11 14678
32386 11 1691
5743 8 25094
14662 0 16299
5785 0 9858
16598 0 20711
26117 11 24547
8850 0 10022
2712 10 9915
20192 8 24316
16552 5 8297
4232 8 954
2625 5 1351
17962 0 13123
15690 11 19766
17347 8 12815
397 6 27355
27442 10 3782
22368 11 14419
21591 11 16174
20018 11 21928
19802 8 4122
25190 6 7025
18565 6 15911
7329 0 5068
2378 11 16870
5436 11 29129
14927 5 22951
8449 0 15701
29407 11 7711
21262 11 2498
720 6 21905
655 8 21135
1610 11 8523
16194 11 27806
6853 8 21929
9902 2 3662
19259 0 23073
13493 0 1086
11221 5 22196
8281 8 10523
31951 2 28144
12301 8 12766
1652 6 6679
29924 11 12221
22199 6 25017
14308 0 17284
15734 11 16127
28413 1 8240
32360 7 27607
23355 7 26138
29549 8 28717
4182 0 4770
21057 0 25231
32138 7 16255
9003 0 31292
19897 0 20161
20041 0 2838
5637 0 24312
18430 1 26063
1514 8 7690
30907 8 16967
3895 11 16496
12036 0 20798
11957 8 11958
1340 11 16172
24068 11 22031
26871 11 30412
16700 0 26341
5988 11 32146
23397 0 3709
8859 0 15415
13252 0 18367
26616 1 30391
15393 6 27331
20226 2 20471
29056 5 24154
23677 11 24839
6009 11 21540
378 10 12345
25921 11 25915
5456 7 31616
24547 0 25256
186 11 11867
1310 0 3751
27389 3 2561
32235 4 2468
13159 7 30917
23915 3 21761
4747 8 3632
28213 0 1860
22019 8 4699
32706 7 6344
2617 8 24547
25837 2 33069
1463 11 29861
6250 7 1147
16222 11 4124
27015 0 15112
876 0 29131
28101 8 4388
3368 0 7926
26970 11 14662
25795 10 125
3092 5 27351
29366 8 30624
6251 6 136
21964 8 23934
18294 3 13493
20635 11 15650
27 11 31143
28963 0 23617
760 11 13037
20770 0 2317
98 2 22488
17991 6 21570
14111 11 19881
12707 11 31017
32501 11 18178
21443 0 24484
16044 0 29789
15588 0 7058
13569 8 32475
6206 0 3766
7199 0 21540
16496 0 9835
21589 10 31191
12635 11 21102
14480 0 16857
32235 4 13473
27845 0 31607
26342 7 20224
20851 11 24868
21863 11 31563
2337 0 17164
26295 0 24953
21042 8 22995
16832 11 20039
19842 5 17493
23000 11 6953
32997 3 13603
31569 1 7902
3795 11 27386
1703 11 16647
15966 0 5747
28677 0 11396
2774 3 4249
98 2 1876
13493 0 15199
1592 11 8926
27011 7 4896
3560 8 14085
4249 0 32584
20648 7 4878
17393 8 737
20734 7 175
8061 0 21564
26785 11 30414
2979 0 22873
11531 0 23541
9907 10 16156
25417 6 32820
21464 11 9892
25021 5 13728
18633 6 11319
30009 11 24547
14668 8 18805
19465 11 16963
32063 0 7609
25058 11 30276
5796 0 11245
2340 0 1790
16583 0 4354
29297 11 5503
6949 0 19591
16499 0 547
22560 2 16968
24839 0 12486
25616 11 32445
16176 8 26183
33089 10 14628
17389 0 24521
24609 5 12053
24600 11 13632
31073 11 12882
28195 11 13487
7190 0 16002
24285 6 31727
18723 4 6307
30571 0 14708
30666 0 29821
19919 6 23108
25162 8 28168
28539 11 4953
5542 0 28159
29117 0 9721
3832 0 17864
28612 11 21801
31211 0 7935
3217 11 5119
9464 0 5582
31128 8 26447
16797 11 24547
14398 11 5354
24845 7 6440
12795 5 4716
10199 6 6169
14618 11 29038
5773 7 23222
32244 3 14456
32863 0 15428
17828 11 650
16867 0 26031
9356 0 20465
29382 11 22296
29100 0 5239
33259 5 22542
23239 11 18188
897 2 26135
18379 11 22031
1033 5 17393
33046 0 16463
31470 8 29344
25111 11 25253
18290 8 6529
30147 10 20226
3837 0 27008
4249 0 22906
24114 11 23148
4953 0 7110
3330 11 18936
24932 11 19296
32049 0 23034
25478 3 18073
3764 7 24975
16844 2 27282
5300 11 11701
26266 0 275
12566 0 691
22353 0 3359
4565 8 28443
7596 11 7324
4910 5 3657
20077 11 12016
15794 0 23613
4249 0 2372
12221 0 1303
20359 0 11597
1503 11 30666
26591 3 26786
10754 0 7103
20802 11 16912
1134 0 18887
16895 0 16199
27678 6 11238
20627 3 29977
15690 0 1698
31129 0 5737
26459 10 11955
8993 6 15453
30414 0 7222
24839 0 3452
15632 3 2757
28833 8 3038
12053 8 1378
999 11 18899
16021 0 17560
15856 11 29311
16178 11 14879
3801 0 28400
23099 0 11827
25098 11 4327
20814 0 20107
19416 11 17455
17046 5 29921
10741 0 14308
32587 0 32767
11846 0 14343
25837 2 1089
8323 2 23694
30073 0 10734
16435 10 6437
11264 0 31687
20090 11 21309
21653 11 22338
28117 11 433
7064 0 28750
22627 11 32440
3623 11 24956
5992 8 29058
15869 10 9766
17197 6 24631
536 0 15877
29177 0 20927
23781 0 5469
19168 5 30356
8096 11 25472
2923 0 21307
16843 3 19728
13672 6 9224
16895 0 22827
30625 11 3607
17321 0 4615
6147 8 12253
12897 7 18565
30414 0 20839
12208 8 21680
12451 3 13314
27485 10 18471
22023 11 16636
21369 7 9397
1691 0 33183
6854 0 31665
22406 2 31053
10879 5 19840
22460 0 12994
7983 5 2181
30577 5 7703
9457 0 31432
15724 11 8034
9239 11 26911
6121 5 7094
8182 5 12400
2147 5 9591
32667 11 19314
98 2 24164
22103 11 5983
15039 0 25826
13397 11 22809
7143 3 13603
19088 5 13973
23384 11 22724
3594 11 10923
29637 6 7470
10061 3 13493
240 0 25524
6180 0 29922
31129 11 14723
1829 11 28862
5287 11 24839
6831 0 26671
20549 3 1220
1627 11 22810
24238 6 22451
18501 11 18552
32781 7 14288
30006 0 17081
1264 2 17304
20226 2 20842
10535 0 28412
23842 11 13719
10931 0 22039
22127 8 2611
13864 0 21086
8479 10 25141
26992 1 25229
25417 2 9468
371 5 25227
14613 11 1735
21595 11 7634
6427 0 26756
8322 11 28311
3257 10 30301
24238 8 24249
152 6 25070
18293 11 24763
13252 0 11739
32918 5 20916
24749 3 6635
8106 6 17377
22660 11 14480
13485 8 30484
312 3 13603
10176 11 31719
3814 3 16019
20410 11 27688
5729 8 17094
19560 0 11694
8849 5 7980
17934 6 28720
12780 0 19086
8177 0 5465
9419 0 12308
5402 6 14392
20166 5 23799
11785 11 15598
29598 4 16
12359 0 17072
5538 11 9419
28634 2 20200
4003 11 13252
22093 0 32089
13249 7 13249
20072 0 11879
28412 11 32942
4665 11 30654
12060 0 16850
11114 11 5551
4472 11 3596
29100 0 16745
3163 0 9008
897 2 30496
7711 0 14152
32454 11 14839
12090 0 26833
14584 7 21524
7184 6 6570
6786 0 3837
25888 0 28301
21920 3 24685
15349 0 26702
2126 10 18304
5322 8 29442
27295 0 16353
11191 11 14645
19815 11 22031
26530 11 14049
26918 10 31127
5581 11 17641
8607 8 27810
24764 8 19809
11806 11 21725
16646 0 18431
6414 0 9481
24608 8 28212
16537 10 26469
32473 11 895
28862 0 16341
25417 2 3437
15289 11 17114
19334 2 3708
17888 11 29489
15188 5 19001
21742 11 18946
20215 10 24913
9798 3 2137
19404 7 9903
25083 0 29279
10980 11 31417
4727 11 21201
9203 8 5808
31478 0 32188
329 0 11800
31082 11 15761
13603 0 31884
12580 11 28692
26761 0 15370
31655 11 25439
4249 6 6412
31113 11 6646
19344 5 2183
2776 11 27015
27111 10 8002
19810 7 29052
31966 5 16506
22251 11 28651
33065 0 4955
12016 0 11524
26124 0 567
15731 0 4814
28493 0 26374
12138 0 10121
30521 3 4249
31975 8 23330
30441 11 15031
18269 0 13439
21363 11 16295
16767 6 8586
287 0 28493
7178 0 31568
1253 5 16774
23282 0 207
4179 0 25695
13493 0 30610
11695 11 5284
2809 11 8937
12521 0 957
13522 8 31724
11145 0 15090
27386 11 21544
17222 8 18633
22983 5 23509
7753 7 17254
9420 5 1594
6635 0 14807
5292 11 17315
22911 11 22518
18058 11 10796
29735 7 28638
30743 11 30049
26633 11 23818
7821 11 17181
17770 11 20844
20652 0 6474
24839 0 25371
21017 0 2720
26804 0 21201
21045 11 20160
30760 2 2254
5268 5 5757
15650 2 473
13739 0 2983
32052 0 8112
8593 11 22923
2153 0 9727
16556 11 14001
27385 5 30781
21709 10 13037
24983 11 18094
25224 5 5518
25070 0 1035
26572 0 137
9489 0 18509
8429 6 2840
13493 0 20024
13485 8 13142
25650 0 4293
8522 6 9016
31337 11 18860
6390 0 7075
9660 0 587
1649 11 12845
10796 0 3821
23219 5 25606
8193 0 27912
19294 0 7176
9662 10 8988
32636 0 24473
14976 0 17539
17576 6 23295
22674 0 2387
15375 0 18930
9285 0 5717
4249 0 21149
17900 11 779
443 11 2549
32809 7 13029
8568 0 12064
32309 0 31841
17814 11 20631
2795 6 315
22449 0 5279
20226 2 27611
28689 8 4463
403 11 27766
10541 11 16046
29232 0 8848
11702 5 23723
1383 11 20160
26363 11 9518
29482 5 2825
11736 2 23322
27195 8 15569
30963 0 31203
24811 11 12720
20474 3 13493
31075 0 1464
16838 8 14214
27028 11 28777
14171 11 32005
5630 11 13697
23799 8 11025
720 6 2202
4556 5 18018
14233 11 13252
28543 10 22811
14411 8 277
11402 0 15096
22178 0 4319
31932 7 19156
13143 8 946
13014 11 6953
12015 0 31563
14537 6 28858
18758 0 23140
13158 11 23481
31183 5 9932
32060 0 17819
33175 11 29306
24635 0 33128
4122 5 19802
10566 0 18031
12893 7 25350
23507 6 10931
28379 11 14470
2792 4 10886
9361 11 30939
9910 3 18151
29402 11 32863
689 8 526
21443 0 8429
24403 3 4182
20652 0 1408
10442 11 23689
25606 8 15593
25524 11 5582
27060 11 24126
6178 0 14138
5148 5 6811
24839 0 30747
3337 5 54
28766 0 21650
12902 5 488
15136 6 27015
32388 0 19797
11554 0 28456
31565 5 22198
8185 6 15030
12864 0 4900
31196 7 20494
13018 11 27896
6487 6 9459
12208 8 21470
9446 7 5057
15602 0 18056
16044 0 29987
8656 0 26694
26092 5 29192
27042 11 7866
20744 8 7085
17548 11 22031
16449 11 25710
5880 11 15598
28651 0 12116
28498 8 28900
33238 6 12264
30917 0 22986
32235 4 9849
19984 0 32570
1691 0 12142
16044 0 23670
6635 0 7980
32235 4 22932
11695 10 11828
32563 11 24281
32921 11 16174
11019 0 16974
28897 11 10987
2491 5 585
1177 0 11955
16503 0 31685
31793 2 31819
20677 10 11736
28730 11 22031
25205 0 23993
14244 6 20783
32134 0 31171
11330 5 27175
16496 0 10665
9634 0 18053
13679 0 11709
22031 0 8716
26352 0 26962
25598 0 24435
1994 0 23271
7866 11 26209
6927 11 1683
17199 0 27443
4602 7 31825
25070 0 26256
11880 8 32505
10641 0 26047
11497 11 17256
5772 0 24511
30278 0 30102
12905 11 3953
18837 5 21257
9105 0 21640
17149 8 1472
3868 3 21712
17030 7 30923
14731 11 10246
12800 11 25710
32525 0 31621
1325 3 6958
20232 11 8315
16004 8 8254
15944 11 23916
23282 0 16246
32216 0 8135
2643 11 423
27991 0 9623
7258 0 30058
10479 5 1965
32669 11 3093
4249 0 507
16079 6 18166
22066 11 18876
11462 11 9419
32150 7 27595
10780 11 15016
25004 11 20160
18214 0 10668
2266 2 7263
22303 0 10498
21251 0 14181
12281 3 24685
25837 2 24326
1310 0 4373
9572 11 30016
24830 3 31075
18507 0 26706
25710 0 10691
25070 0 5585
25459 11 24696
32863 0 3685
11395 11 21074
5667 8 27795
16510 3 264
29702 11 2033
19777 11 16895
1349 7 6496
25402 0 13214
14308 11 30135
28093 0 16667
20402 0 30719
30300 11 16895
20020 8 14153
16646 0 16589
2528 0 32977
3278 11 10973
20200 0 29194
29290 11 28862
8235 0 10296
31777 11 12882
21981 0 29437
32016 0 17815
24514 7 25635
17111 5 20218
13802 11 32040
20912 0 844
28225 0 21665
7511 11 12575
15706 11 12882
23962 11 24898
30300 5 1449
22599 8 22226
1187 8 25343
3315 0 26784
28939 6 19112
25347 8 29002
8660 2 32243
23781 0 5124
30114 11 23726
27910 0 14230
2242 11 25710
7280 0 19655
22782 0 2101
30937 2 23053
32954 5 10040
13881 0 22338
17941 11 25417
21956 0 24854
17005 0 17573
7391 11 18135
30273 10 14104
10936 0 12047
6314 11 967
9187 0 976
1005 8 25037
26756 11 6427
32235 4 23608
688 11 779
7525 11 24149
4810 8 30440
12179 3 13603
404 0 1426
30728 11 29258
16779 11 12438
12803 8 8753
9742 11 19825
11729 11 20305
33311 0 24223
20491 0 19790
13049 0 28614
6724 5 657
31477 11 27649
7801 11 22061
12342 5 9483
13848 0 25032
9416 8 21567
29927 11 24031
277 5 14411
29171 11 25710
16090 11 24839
19485 11 19157
2767 11 29529
10235 10 17867
1795 7 28058
24003 11 18265
24691 8 2209
9334 11 30942
23252 11 8355
28708 0 25639
8729 7 15943
78 11 6883
28699 0 6714
26165 8 26392
10905 5 4106
6701 0 26189
14439 5 21351
20073 11 16044
16018 3 25552
30580 11 1735
21680 3 21443
32574 11 1251
26124 0 4648
17653 11 28692
26273 7 8766
18068 10 18304
31819 11 18331
15487 0 27440
27316 0 1889
6811 8 24221
12019 11 22093
5947 11 6456
15295 0 12557
26909 4 317
9008 11 27521
32235 4 24268
29396 5 28308
14003 10 25417
12965 0 11183
11073 0 8781
8721 11 27247
11918 5 4505
4177 11 16315
1842 3 4555
20266 11 26352
17826 11 27443
906 2 29795
20216 8 27480
21331 6 10540
20985 8 28954
4968 0 26265
4335 0 33123
717 10 98
24022 0 3687
13603 0 20148
30335 5 2105
31335 11 22615
11202 7 18542
18711 3 29311
21956 0 25882
1281 0 7224
29969 11 30047
13644 1 13573
28325 11 20844
17089 7 15096
32235 4 10531
5443 11 24960
30892 0 430
145 0 22861
24286 11 16859
13186 10 33022
16354 0 11563
26352 0 29835
25552 0 22698
4159 10 25837
23704 7 18633
29894 1 13640
26056 0 2158
20053 11 27232
19217 0 23226
16630 8 14413
3239 8 1432
33172 3 4249
25070 0 26174
26266 0 31614
17611 0 3169
3649 7 4825
13811 6 11959
11119 8 3064
26983 11 29528
2319 1 14241
27719 8 32447
22374 5 8182
7064 0 13059
4598 0 1822
20143 5 14549
510 6 17809
28651 0 13089
31991 5 28308
12038 10 897
25966 8 30641
13379 5 3918
21983 8 19926
29637 4 18887
18151 0 27878
16724 2 10271
846 6 25515
8592 11 17743
22958 11 25472
11526 6 29500
9758 7 30064
4309 11 8656
28810 0 24985
17315 0 5292
24786 5 11284
25794 6 24122
4098 11 13719
8033 0 16071
11 11 7947
18704 6 5201
13408 7 1147
5086 0 24091
30841 11 4525
21770 0 15280
17802 11 20212
21907 0 24506
85 0 12123
11514 0 5459
55 11 25191
30125 0 25021
26352 0 22612
25959 7 24975
28091 8 6904
268 0 8538
31856 11 5179
11801 5 20973
12753 11 14042
26273 3 23930
24357 5 15233
19938 0 3190
32235 4 29605
6483 3 10150
5256 8 33275
702 6 28470
9321 5 32019
30513 0 32501
14795 10 32029
13887 5 9350
7346 7 9165
22174 3 33311
6008 2 31716
9895 8 15077
4182 0 10142
28810 0 13834
22349 5 11177
30077 0 30739
28741 11 18174
12975 0 3144
10220 0 12866
3901 8 30201
27295 0 189
30760 2 15747
10252 11 9145
16728 1 25932
4496 8 31681
22080 2 22339
32296 8 25793
21524 11 9973
32510 11 10163
98 0 540
16524 0 9557
31473 6 11900
28587 5 17263
32788 10 27821
26572 0 3713
32417 0 7535
19255 11 19219
30774 0 16355
5084 0 17315
11861 8 29773
13809 8 5854
6686 5 10993
7508 11 22724
19810 6 6249
31576 0 4220
13939 11 27384
2762 11 24547
6008 2 25901
27604 11 14137
1803 3 2759
20070 11 1790
20795 0 24573
25263 11 9871
18006 11 19373
19804 0 13827
6530 11 22031
12449 6 9285
9826 11 7688
19476 11 27015
21248 3 4182
1550 5 18290
24547 0 21310
15695 1 3489
13428 0 27407
3613 5 21142
20041 0 28039
10953 7 2557
18507 0 21782
24547 0 12909
16648 8 24000
9621 7 10949
15705 5 4087
5546 0 3030
30598 0 29076
6008 2 15436
20399 11 24951
22620 8 5402
2033 0 25538
27081 0 32622
26834 0 18463
17882 8 14529
25136 11 15633
22440 10 6578
17254 0 28079
18723 6 28327
2128 11 32863
6413 11 26795
6644 11 29456
8343 5 25418
6537 0 13887
32715 11 19542
20408 11 15764
19162 7 846
28651 11 19219
16646 0 25527
13151 11 24839
16044 0 16349
2557 11 32587
4546 8 15665
29383 8 6922
777 0 33278
28449 2 9380
28651 0 3695
32585 0 14845
15780 11 15633
5465 11 22615
26781 0 28247
11581 5 12135
18717 5 5003
25084 11 1306
9983 6 318
16351 0 10513
14777 11 21977
13062 0 28053
27689 3 12383
24839 0 26653
17492 11 16496
4182 0 2997
8947 11 14900
15036 11 14976
1019 11 10207
11955 0 7354
236 11 18731
15412 6 14106
13018 7 10949
25534 8 25068
13739 0 11111
15047 0 7707
18156 8 25873
16838 11 30168
6080 8 2923
12520 11 27294
12623 0 29742
22296 6 29382
4012 7 10648
21673 11 23964
22463 7 26138
29061 6 25342
17891 8 30859
11177 8 22349
32895 11 32482
13252 0 29330
30109 11 28412
3518 5 11587
16656 0 10445
26843 6 14306
31123 1 23370
13232 0 2661
1646 11 8955
32153 3 21956
23685 1 26422
19398 1 15512
23598 0 12590
17049 2 25099
21996 7 24724
12264 7 33238
15650 2 17314
23954 11 29376
31053 0 12604
10139 3 4249
25874 0 14795
29129 11 30008
13013 6 24952
32620 0 13440
19079 0 26265
16160 7 24975
12889 11 24963
25558 2 19008
9754 6 22248
29382 11 20237
23348 8 15578
5529 7 3269
25729 0 26730
5358 11 6822
24329 10 17820
10332 6 12117
19122 0 19122
29371 5 13942
32095 5 26879
25454 11 9285
7974 5 24941
17512 8 14228
25141 2 19692
6008 2 18105
16895 0 30300
5426 3 21443
22341 11 28392
15334 0 23557
25205 5 13938
1310 0 23573
31400 5 3551
8382 11 28928
31599 0 17878
24819 8 30041
28921 10 20226
682 0 31778
13068 7 9193
28245 0 12470
5828 10 20226
1346 5 11535
7146 11 14976
10498 0 614
30223 11 24823
32077 11 17224
1337 11 1691
4249 0 2716
6447 5 5743
5294 5 26380
12777 11 6118
12756 0 31413
30384 0 27282
7501 0 12062
23742 0 5979
4435 0 24265
22433 6 23687
10793 11 30425
21347 11 15324
27476 11 26327
16492 0 4967
2855 11 24712
32444 6 11392
17731 11 10381
18111 11 18171
27167 0 7122
19989 6 11962
25113 0 14118
20652 11 25633
13783 11 25720
16496 0 3895
13141 6 16584
2816 0 27105
27301 10 14485
27498 11 1539
26124 0 32291
9137 5 6349
11423 8 21845
4249 0 26015
16432 0 19763
14100 11 17487
23257 4 10720
22792 11 10994
12973 0 5259
25732 0 29241
23799 11 2832
31002 0 32204
5719 8 7483
1582 11 26260
16023 5 17062
27571 0 31992
6702 1 16713
27965 7 10893
13629 0 33127
12641 5 11749
25070 0 4861
18479 11 19560
6437 0 18954
27028 0 25502
14502 0 6524
29783 11 22401
171 11 16612
4890 11 20212
30505 11 26572
6943 0 31088
16955 5 25248
28501 7 14562
17852 7 13534
12523 5 20985
17582 8 26909
4858 5 30744
22216 0 8340
23506 11 7785
4019 11 30278
21981 0 28436
17256 0 12582
2113 0 13829
19264 8 20837
14522 11 1452
27992 7 15943
32037 6 32037
12482 0 2383
5295 11 6931
31201 8 22612
10907 0 24705
20813 0 17233
20501 8 5575
1532 0 12778
26483 11 7767
9766 2 28540
24614 0 28664
6437 0 2031
6162 5 16303
5616 10 6008
12036 0 17010
16460 0 21568
18849 8 16368
30499 5 31605
29578 11 6390
27069 7 19500
25392 11 12575
20910 0 26257
10451 0 18065
17351 11 11727
19864 3 14456
2840 7 27874
28979 2 27627
12141 11 32102
2582 7 21777
21317 6 18020
6353 7 6385
27098 11 13185
6949 11 23783
22093 0 25597
19524 0 4521
29950 3 28810
1162 0 2377
24955 0 19986
25070 0 33099
31057 8 23127
1683 0 33211
14790 0 13788
1098 0 30643
6908 0 8514
3732 11 19347
13474 5 8143
29552 11 28988
10623 11 15007
32052 0 12674
9149 0 563
19464 11 19396
21843 3 3697
23285 11 16809
30721 7 30269
534 11 11143
31804 11 6270
3715 0 10080
7963 6 14086
720 6 14271
5515 0 19788
19586 11 243
19938 0 23597
28385 3 28810
32161 8 26261
30382 11 11097
22247 8 21914
22187 0 29132
25576 11 28862
8103 7 17783
2304 5 28115
15633 0 19050
27003 11 20652
20226 2 8659
5068 0 31861
21587 11 31500
31191 2 14088
29278 11 11332
3486 7 22971
33313 11 31825
32063 0 30212
16442 0 6142
12511 11 15316
24547 0 23787
21003 8 26021
1248 1 16121
29038 0 8659
24851 0 20863
20991 1 19643
25196 0 1497
4018 0 10697
22296 10 19722
3808 2 32661
22724 0 7067
8355 0 9817
19129 8 25929
31104 6 6778
17360 11 8912
14848 2 11241
27341 0 14730
7888 0 3422
2047 7 1283
2183 8 1613
15579 0 12994
1468 11 16137
21317 6 9642
31394 0 24255
4413 11 19211
24547 0 16196
14345 8 32608
18983 6 28922
22463 6 9535
438 0 9590
7325 6 13988
12593 2 27540
11952 5 4569
20393 7 14162
1409 11 21824
11288 11 9244
1189 0 22828
18615 11 21937
1816 5 3207
23262 0 8770
8424 11 23703
26594 5 3997
23143 7 4073
33063 0 13526
23020 8 28465
5318 8 31504
29843 7 11189
26088 7 9754
3753 7 27267
23282 0 26994
8805 8 4513
6749 0 3994
31394 0 24255
12601 11 5772
6470 5 4834
6800 8 30878
15682 0 9243
17501 0 6927
18971 5 4858
450 0 12847
31405 5 24219
32636 0 30219
9545 11 25600
22567 3 3236
32281 0 14215
8679 11 8595
20192 8 505
2978 7 12427
18723 6 27582
1580 11 6572
10248 11 13252
18265 0 24003
8973 8 21600
2882 6 16096
21937 0 29065
5662 11 20410
9349 11 9440
16142 11 10770
28978 8 15850
17971 5 24888
26700 0 20872
9285 0 16376
26688 11 12961
10716 5 21398
3983 7 14486
21772 6 24183
30083 0 26183
31955 0 31111
18799 11 15489
9814 11 3543
27079 0 20212
15954 7 4416
22849 0 13233
20875 11 13714
16236 6 18327
19501 11 26091
25141 2 28585
611 0 8372
32931 11 2250
32235 4 18259
7896 3 13603
10648 6 30860
155 0 26552
1691 0 3901
22637 11 27659
25588 1 26656
10067 6 24575
32636 0 24720
15338 0 20928
1570 5 13608
2728 11 8409
8759 0 15261
28820 1 28037
12426 11 15160
27430 11 29307
12993 11 24839
10145 1 10218
27892 0 11228
9410 6 14141
23282 0 341
24108 6 24199
28807 5 17415
6445 7 9830
16121 1 16770
1101 0 11137
7757 8 13618
20805 0 2893
16071 5 27544
12046 0 21228
6032 10 28449
19157 0 24336
24658 11 19834
9634 0 15115
9766 2 26411
3576 0 25281
14047 8 7709
26002 11 25472
20261 0 4510
19983 11 27080
8029 11 30187
3759 0 24942
9729 5 24015
9320 0 10890
10883 0 31942
98 2 31763
27881 0 24950
11975 7 2689
28436 0 13092
322 11 4960
7989 11 4646
13493 0 22096
353 11 6952
15424 0 8206
21489 8 1011
21697 11 12834
5202 11 22724
24449 0 23488
23762 5 16467
2541 0 24047
26327 0 30355
3593 1 27427
28449 2 3154
3715 0 21921
19087 5 13146
1189 10 8988
26124 0 17148
23116 7 9194
28650 2 14290
5159 3 23601
27384 0 13939
13635 0 10891
24471 7 8364
4771 11 19973
8418 0 24146
22031 0 29336
18751 6 18751
4139 6 4524
24684 11 18737
10135 0 22339
28465 5 23020
24140 0 14294
2547 3 23575
18580 0 8822
32950 10 125
435 3 15295
15348 11 25917
32863 0 26448
6008 2 19311
12418 11 26506
16675 11 13883
11625 5 18945
14122 8 33139
20160 0 31601
15761 0 7309
13493 0 8212
271 5 6849
12086 10 3808
33259 0 9889
29561 11 1529
20168 0 20917
6313 11 15334
8504 11 1162
13941 5 5665
3096 6 8959
26768 5 6801
5413 7 17254
26124 0 8686
12794 0 5465
30618 11 1008
2523 11 14251
18440 11 30833
32587 0 6080
11785 0 29164
28852 0 14487
21711 3 11596
19048 11 10178
26148 0 32880
22945 5 11847
3720 0 1067
6008 2 17290
5447 10 20226
4818 6 4818
2959 11 1170
897 2 29539
8516 7 24598
15254 11 902
25172 5 27051
1231 5 7045
15393 6 33100
25344 7 29052
28155 11 16989
8311 0 9344
6841 0 24434
15284 0 28164
22731 11 32005
15863 11 28819
22286 0 12225
15632 6 9345
33112 8 11185
28 11 22031
25482 0 2210
28998 0 2628
8750 7 20945
30301 2 32915
21020 5 11101
6333 0 27123
1136 8 1135
23595 11 22774
14447 11 15362
22511 5 24154
17148 7 18633
33024 5 25681
14655 2 11022
10790 11 650
14518 11 13714
32344 0 19195
16434 0 820
32236 11 23711
29678 8 22449
27838 11 2558
27423 0 13700
7866 11 5463
8900 11 23282
9104 8 29879
15579 0 12622
32463 0 3303
3629 3 13493
3306 11 13185
6455 0 14861
20226 2 8582
2565 0 9563
1905 11 24860
14662 0 25621
9880 5 3007
23305 11 46
26686 11 30639
11230 11 10220
595 0 24934
27336 11 29779
20226 2 24222
22987 5 31438
14844 0 10239
28859 0 12597
571 1 483
8206 0 3480
22982 11 25964
16399 0 18291
10017 10 20226
21060 6 24666
28225 0 2153
9544 11 25974
11587 8 24361
18165 11 32005
5281 0 27053
28056 8 24847
8296 0 27592
11277 7 18594
17298 0 639
11454 10 30301
68 8 4775
13502 11 23282
21216 11 16723
21011 11 23282
15764 0 9850
1491 5 14156
15150 7 23196
2792 4 20322
6066 11 19813
10796 0 430
24290 8 21481
5468 11 20841
25015 0 17828
6805 0 25313
32544 7 23090
11243 6 19441
22182 11 18193
4660 8 15415
7677 11 11187
12873 6 14734
11405 0 17790
2350 0 22252
16820 6 4048
16044 0 30103
10321 8 19786
7752 6 30153
29874 0 27205
13252 0 19605
599 3 28618
148 5 20557
23159 0 3218
1494 0 24415
10481 8 28771
29284 8 24820
26661 5 12906
22074 0 8129
14033 2 10899
12363 10 7909
32550 0 12226
3510 6 11572
31123 1 29472
9812 11 29100
16462 11 16044
6008 2 7525
22092 11 28482
29982 10 31785
20226 2 1687
18938 5 12450
12994 0 28744
19828 6 8586
22753 11 27079
2150 11 9900
22504 0 23563
10062 2 11894
20914 0 24615
13108 0 12024
8705 7 31080
26124 0 27037
7814 1 12989
4536 0 5653
8572 11 10796
21179 5 27136
14736 0 22668
30578 10 8660
22022 0 11184
5324 3 4249
17762 7 23257
28916 5 4496
16160 3 13493
115 0 22893
204 0 32833
28692 0 12190
31128 8 14820
15284 0 15219
32670 0 22069
294 11 28509
30703 8 29273
19715 0 21867
26001 6 19212
3344 0 23363
22715 6 24478
15130 7 6032
17527 5 19087
25995 5 26279
1189 6 15549
22339 11 10135
28937 0 24656
19868 11 6424
23271 10 31785
15334 0 8097
26091 0 833
17611 11 4375
9370 5 24154
9839 0 10332
14418 0 21637
25324 6 32122
31656 5 15117
19517 0 24811
25606 8 23219
15673 0 15235
31462 0 24551
11685 3 28866
12913 0 548
25794 6 26187
24911 11 9285
13490 6 24743
13977 1 6321
9276 0 9713
8060 5 18280
9275 11 22094
19219 0 4817
25835 0 27189
13050 7 24952
2624 11 4216
2580 11 25472
14866 7 674
24176 7 26172
32235 4 33263
11345 0 15154
30533 11 2649
24860 0 24605
834 3 31564
25070 0 18975
18787 0 21853
4461 11 15284
22031 0 23556
13611 5 32714
20665 11 9990
9370 11 24839
21121 0 7650
23987 7 8137
24860 0 10947
6590 2 23145
28281 8 25382
7865 5 21045
4346 8 20660
9190 11 25949
6597 7 9740
11489 0 1890
15673 0 15235
25615 0 26821
12234 3 4249
31598 5 28059
318 7 9983
19429 7 7982
26820 0 8813
27984 8 31892
1581 0 24510
12927 11 10473
19807 5 19807
25719 6 26957
6976 7 29803
19049 0 24475
32636 0 28267
30281 0 11081
821 11 29799
13211 11 8521
2602 6 21440
4401 0 18988
1067 1 22427
27728 6 17201
29433 11 7064
16951 0 29113
6142 3 16442
15623 8 10544
32863 0 2931
7102 11 21937
30058 11 7258
27703 0 18243
21244 11 1966
31793 2 7760
12610 11 25110
21544 0 12688
4898 11 11700
28698 11 29429
32863 0 4393
23602 11 13721
29207 8 22655
16691 11 14789
17373 5 27902
3761 0 2599
20137 0 13201
16330 0 1124
26260 11 9244
25129 11 15633
11186 10 31191
18565 6 6248
32552 0 7875
26138 3 7514
18990 0 4310
578 0 7268
32095 11 20562
6008 2 32010
18977 8 358
6896 0 17839
1282 0 31205
30762 0 24874
30463 6 32987
17145 0 18737
32659 11 25780
13843 11 22482
25699 8 26334
1556 5 1594
24547 0 1915
30104 0 27162
12984 11 28355
16344 8 18000
320 3 16646
8166 7 18565
6482 11 6537
32110 3 438
31725 4 7360
24877 0 11505
7459 0 20913
5859 0 7322
9936 0 5365
26765 6 15606
8147 8 26122
23986 6 10700
1169 11 32202
12775 0 6733
18996 0 396
25067 0 32921
32670 0 21013
30490 11 10931
11235 11 32863
7730 0 3116
11019 0 32387
14662 0 18038
15886 8 10685
23025 1 32487
25372 11 32589
32340 5 16643
2840 7 28506
16585 0 20091
1298 11 9128
17882 5 2789
7336 0 20980
5538 0 32602
4876 0 32543
16138 5 4666
22334 10 31444
21478 5 18930
20612 0 31519
7807 0 27182
21673 0 194
28331 0 27066
25141 2 14123
31951 2 23221
7660 8 26101
7688 0 9826
10890 0 2170
12011 6 26180
4094 3 16838
16497 11 15160
24839 0 33291
20130 3 13493
11808 11 10518
22463 6 32526
12153 7 33272
4757 0 5040
28209 11 16496
6578 2 13680
19728 11 15073
21287 11 5825
22866 5 28990
14863 0 9711
4700 0 4054
3808 2 19006
6747 11 18269
8294 7 17254
31186 0 6564
31839 11 29988
20821 0 2860
2987 0 28306
7281 5 14799
3675 11 15764
7145 11 24427
12874 10 20226
186 6 24263
22318 11 12355
16718 6 23859
13269 11 1176
7247 7 25669
13463 3 4249
198 7 20929
24443 0 7900
4693 5 5403
33272 6 12153
31923 5 25941
5050 11 15633
21735 0 12730
9387 8 2454
4780 0 31304
13603 0 33264
17013 5 24693
33161 0 25070
3478 1 25270
3943 7 10067
9663 6 32663
15633 0 5050
19811 11 32525
9008 0 10413
4052 0 13865
30414 0 22726
31420 11 23243
26151 7 6560
10796 0 1098
19608 8 24956
19391 11 13714
16600 0 30935
27179 11 30922
32636 0 283
7925 0 7457
8347 5 21850
13587 0 14228
27115 0 11621
6971 0 291
26323 0 30310
13547 11 8363
22474 0 20821
6420 11 27190
16174 0 20007
32680 8 2769
27266 3 4249
15764 0 10083
28708 11 25775
12188 5 11417
6008 2 17733
25730 11 21937
23024 11 8811
13246 11 27953
32636 0 33135
32595 3 27536
23300 3 2561
12973 11 10796
13935 0 9121
23119 11 1510
25778 8 1320
15764 0 10211
4721 11 155
11605 6 13235
3821 11 10796
18866 8 2162
23593 11 6537
25234 8 9304
6993 0 2030
7201 6 12830
897 2 31222
25022 3 13314
13173 11 25495
3067 11 32440
30725 1 29743
3914 10 6008
3953 0 16367
20903 11 14329
22463 6 26903
19681 8 24112
24641 3 10936
5703 0 147
19107 5 20470
15633 0 29642
27404 11 3501
31378 5 23112
6635 0 14845
20110 7 4282
13998 7 22478
7869 11 33326
9839 0 14059
19919 6 1451
7328 11 17256
8714 0 4732
20564 11 28666
4202 11 24022
9432 10 3541
19027 0 21804
27821 0 13359
9608 0 25069
16989 0 14399
8421 11 15650
18823 11 7901
17816 11 16488
21826 0 9298
6008 2 4277
21816 5 12260
29680 0 26050
25550 0 30792
30797 11 25315
24010 7 3369
16127 0 10756
28972 7 1667
30760 2 23258
32619 0 16034
31776 0 29129
13126 0 923
8567 0 9266
15680 11 28159
4249 0 6270
3066 0 3572
15423 0 21363
14624 11 6678
13057 11 22031
11417 8 26666
21908 0 25724
24987 7 21325
16434 0 1684
3272 11 23411
6542 5 11513
31664 11 3738
21372 11 29821
4629 11 6953
9373 5 23665
22938 11 16044
8656 0 14359
19999 11 9317
3098 11 24887
6798 11 7324
3832 0 9675
9883 10 20226
28663 3 13314
4099 8 6471
24699 3 4249
11085 0 11356
8979 11 7903
6377 5 5128
32235 4 21339
27102 11 4562
21116 11 4536
21145 0 3630
28719 11 32454
720 6 198
4182 11 23601
17604 0 25980
2549 10 25141
3002 0 19527
23598 0 21970
2918 0 10818
5589 10 8323
32669 2 27724
4569 8 11952
7719 11 19158
15764 0 19822
8486 11 7525
27318 0 30993
6 5 21322
29320 8 18190
23329 5 1171
24839 0 20042
466 0 3604
17875 11 9834
23590 0 1016
1676 11 25582
9229 0 12726
9441 6 2958
17156 7 22691
8027 3 13314
22781 0 25524
31869 0 18589
28498 11 25710
15927 7 22463
7244 11 5981
12257 0 11330
19616 0 19616
14893 0 23949
3720 0 8920
13522 5 4450
1522 0 22618
12826 2 19565
25021 11 30125
21824 0 12073
26981 0 2046
2270 7 29061
195 11 7869
19799 0 6347
10588 6 22145
9335 7 14111
5779 11 32525
15633 0 8981
25567 5 32603
20583 3 15280
12362 1 13551
20438 7 10852
14426 11 21416
7495 0 24684
9692 10 25837
20023 8 30126
12268 5 19739
5533 5 32761
16465 11 6956
10624 11 23282
33129 5 26568
30323 8 3045
729 0 29234
16402 0 9455
22488 11 23507
26982 0 32998
2217 0 16241
201 10 22406
8658 0 11608
18651 0 22314
18725 11 15761
19358 11 5795
28566 0 22922
32235 4 32329
22656 7 22047
7178 11 32738
31389 6 15532
25710 0 8373
24685 0 4908
9634 0 5582
25701 5 12135
9013 10 31314
7493 7 9511
9196 6 14557
33168 0 1096
7421 6 30133
20468 11 28984
24 0 13149
31555 6 9705
13042 7 8142
22708 8 14312
5602 11 25132
4044 0 33290
9951 11 32560
26031 11 16867
32388 0 9774
15633 0 18058
12046 11 19049
27434 8 4709
5645 0 3031
17008 3 19909
20960 11 31462
10867 7 27892
16494 0 20157
23108 7 19919
31444 2 29914
4313 10 6578
25837 2 25510
25794 6 221
10108 5 11504
20160 0 5769
29022 0 10219
16442 0 24615
15596 1 31348
30913 11 15286
32235 4 214
15169 11 14587
21644 5 781
3344 0 6055
18179 11 16339
27656 0 19760
31285 6 27190
8670 0 27315
20222 0 28556
15251 6 16040
964 11 32585
2902 0 25169
800 0 4919
3758 8 4803
7092 0 18179
21343 11 10808
28458 8 27789
31785 2 18124
15775 0 4371
30739 11 20742
18162 0 7720
27632 7 5157
1177 0 15769
9054 11 18734
19927 0 32642
24219 8 4266
20042 5 3323
26788 3 16680
9705 0 28169
4017 0 3944
5318 8 3666
32235 4 533
6008 2 28008
276 7 29637
32235 4 22033
8286 8 10709
30278 0 29486
32147 6 17871
1339 11 30681
7352 7 23042
30936 11 30876
19107 11 24839
5458 5 31261
13873 0 4241
14349 5 12831
30049 6 28172
6751 3 15200
19533 0 25775
20044 0 31242
24258 5 898
27399 0 1830
8033 11 21280
11837 8 15950
30414 0 32323
27015 0 2776
5980 0 31973
5383 8 32143
16612 0 18643
22085 11 7763
10225 0 587
11878 11 20699
33046 0 16047
25790 11 17256
11736 2 20677
20019 0 8853
31035 0 20508
18928 5 19375
17865 5 1594
5495 10 125
1693 0 28228
8682 10 11736
18734 0 9054
3853 0 27980
31849 5 33029
16825 11 19380
7324 0 11309
21145 0 15375
25452 5 10374
3885 11 9213
27120 8 28106
13697 1 7780
2321 3 11211
29381 2 1994
7846 11 21057
10322 5 7979
13314 0 17598
15980 11 31462
19600 11 21417
26795 0 32505
14563 0 17676
2185 0 27780
3369 11 14879
28588 11 335
14987 7 3111
5035 6 19106
270 1 31068
17086 0 19555
9424 5 12690
24980 11 24605
15956 11 30977
30590 5 6803
27266 3 6635
7630 3 15295
31794 10 6008
6479 5 15698
8752 7 7973
13667 0 783
58 11 21309
15161 5 26042
23124 0 25891
28845 6 23779
12233 11 21067
25141 2 8513
17784 5 20216
21824 0 3181
27733 5 25871
29364 8 26966
777 0 18970
27776 3 24506
24449 0 280
18849 8 17730
19592 7 5894
21156 5 1284
3303 5 6133
23947 7 2246
17009 3 18768
24802 8 5291
22272 8 23353
23611 8 1984
9187 0 21547
22116 11 22203
1238 0 27593
16612 0 18229
6943 0 15347
1719 10 28449
1735 0 28787
21863 0 8718
24659 0 19401
15324 0 6173
20551 0 19619
32242 0 2590
29753 6 21843
27013 0 13613
14993 5 9024
12971 11 26389
1763 3 31075
26286 11 16806
27162 11 30104
27103 11 29779
10998 11 13719
12046 11 5556
848 8 9876
32858 11 11854
22747 11 19834
15771 8 16755
15457 11 9008
25257 0 20302
2186 8 33118
6008 2 29829
25296 10 6008
23844 7 24193
3236 10 17673
28365 0 5344
12568 11 25110
20605 3 6985
27180 0 696
32388 0 30487
30530 11 28571
16792 4 10151
31075 0 23298
26859 0 27701
6635 0 2693
21956 0 20006
12826 6 24570
21321 0 31179
1584 0 6843
19825 6 19756
33046 0 20826
1889 11 28225
4664 11 24168
10405 8 18078
19775 0 17054
13603 0 29580
21917 11 4423
20072 0 3696
17764 11 10473
20961 11 18352
26890 11 25472
10178 0 31819
23464 0 11083
22719 0 8972
1841 1 26729
32235 4 10354
9119 11 1691
4249 0 13913
26619 0 2333
15650 2 27994
10865 11 7785
27361 0 2731
26124 0 6735
22333 0 26557
10859 0 4791
14718 11 16102
28525 6 28525
16783 8 16899
30898 8 9049
26851 10 3969
28245 0 8446
4910 8 5877
30835 8 19019
25220 0 6026
27022 7 20789
30117 10 20226
13219 0 4138
640 11 30639
8820 6 6855
23057 8 25257
27136 8 26310
25771 1 3448
16788 11 31288
29106 2 17091
10149 11 17386
5452 11 9634
19514 11 20652
15912 0 17715
25871 8 27733
8641 8 20378
30979 11 1830
22056 11 21937
251 0 9404
6832 0 6484
24400 7 16267
7640 7 24484
18228 0 16526
24468 0 16813
17059 3 1220
1721 11 18591
24285 0 26248
17992 3 26124
17863 11 23097
19986 0 24539
526 8 24813
22846 5 3181
14572 0 1553
799 11 32482
29839 1 30386
10363 5 24745
25376 0 29968
19783 11 25070
11985 0 29395
29283 0 32725
12129 5 2315
30360 0 20991
6883 0 78
20971 0 3030
27677 11 27592
16953 0 24508
18190 5 29320
22905 5 22629
13121 11 28375
12816 5 30175
13282 7 7325
29418 0 453
29006 11 1735
1635 0 18691
11097 0 9474
28126 11 12575
16527 8 23713
24941 11 16044
20226 2 26720
28597 5 6892
18484 7 32812
11878 7 33206
5185 11 30278
7260 0 32105
21712 0 4749
19933 11 12126
9061 5 1378
7190 5 13584
22475 0 29092
10160 11 15012
20027 11 7803
32134 0 31813
6537 0 28151
29733 8 19096
23781 0 8073
29906 11 5694
23667 0 5708
10384 8 26350
22579 11 28404
15966 0 6629
7284 0 15296
25567 8 9131
4712 2 8285
18151 0 29862
24839 0 383
6892 8 22592
31907 10 22406
13714 0 21863
10777 11 5123
14654 11 19927
28449 2 28021
4052 0 934
21773 4 20078
29640 8 2849
18106 11 5772
18970 10 14104
11059 11 13022
18544 7 21417
243 11 21742
4598 0 11130
5138 8 2789
25550 0 2686
16044 0 5286
32617 5 30366
4841 0 12967
24152 2 31150
11877 8 9439
3596 0 31867
12623 0 8980
29018 6 1978
2266 11 13181
33206 6 7603
23276 0 23902
1106 7 15437
31128 8 17700
6737 6 28764
2377 7 906
14656 0 31903
6008 0 4078
11619 7 2557
28239 11 353
4418 0 12548
28684 10 28764
663 0 13396
20036 11 16715
29823 7 16394
30625 0 2564
8894 0 13499
15723 11 430
18829 2 22493
20914 0 14809
11234 0 21609
20565 11 33311
7134 7 32005
22253 7 12706
29049 11 16044
11618 11 15788
29484 11 11132
1594 8 479
21449 8 32593
10796 0 5772
1409 8 15131
16313 0 3064
33210 11 24547
27791 0 33289
745 0 11533
19239 1 24825
30025 8 20949
30372 6 26718
19343 6 7991
4696 5 14403
23242 0 15234
9464 0 3428
28072 5 11957
21309 0 15187
27821 2 29499
17256 0 19998
19865 7 21
25604 11 23187
21501 0 24013
4761 11 7688
89 0 10737
12340 0 18283
32573 11 22474
12024 11 27592
24246 11 7681
24219 8 17583
30459 5 11496
15650 2 12144
10899 11 7230
15623 8 7389
12560 10 6008
21475 3 4249
28232 7 5511
32186 0 7400
22382 11 14026
4249 0 3314
24471 11 13164
8438 3 6943
28815 11 28180
19328 0 9596
16825 11 19380
9186 7 15910
30674 0 19090
30226 11 4661
20878 11 2522
33039 11 27720
12846 7 32840
4249 0 30138
4137 5 8237
6008 2 24382
2808 0 13651
10010 5 32646
32516 0 6593
27466 0 27746
10971 5 17324
8969 1 15177
10381 0 32199
14693 11 8868
9457 0 9261
18553 0 19354
20226 2 1742
10507 10 18304
28392 11 29194
1061 3 32636
1307 3 24527
10278 0 31339
15198 8 22077
32564 8 29578
21198 11 5140
25719 6 22770
31725 4 6806
22031 0 22361
29846 3 6943
21981 0 24265
9677 8 1638
2792 6 14911
30674 0 12926
20100 8 8642
2587 0 33250
24748 0 25223
25862 11 11799
11935 0 28878
7711 0 7971
1310 6 30695
4193 11 26202
4047 11 32288
24374 0 11775
13714 0 25911
6008 2 20436
25070 0 11852
13603 0 5786
32804 11 25685
28739 5 32960
13115 5 18451
22365 11 21540
13759 0 18434
6943 0 23933
9518 0 17787
85 0 28157
15323 3 26207
6941 0 17154
23845 11 17256
28482 6 18298
342 7 29815
7668 11 10793
26080 0 5944
30511 11 11807
5551 0 11114
9177 0 2953
31971 11 2846
24547 0 2655
28172 11 30785
4249 0 10595
29741 5 16789
10710 0 27421
23389 0 1111
10773 5 5005
21736 8 1569
3079 8 29407
1781 11 9417
31527 11 7928
24673 0 6672
19591 11 6949
20451 3 4249
4450 8 13522
25582 0 1032
10481 8 14309
10874 11 880
4378 0 22989
22094 0 25286
7652 0 31385
18018 8 16332
1156 5 16303
5825 0 23660
7765 7 28136
1096 11 33168
23944 10 30301
4047 11 30935
4372 1 12661
5222 11 4698
16040 7 15251
11162 11 1691
18546 0 6160
30301 2 7487
9834 0 17857
17455 0 22574
11755 11 11345
7803 0 7590
29920 7 31690
18483 0 3500
9772 10 25837
6251 7 12133
31413 11 12756
26088 0 7133
6724 8 2388
31864 11 21041
2732 11 8595
28420 11 10122
8662 10 17673
31296 7 12960
15715 11 13252
15633 0 12768
30332 0 29907
19600 0 32391
7241 3 19909
28647 5 9024
22850 11 12089
15794 0 24468
28620 11 27844
25115 2 11441
17547 0 14142
13914 11 30941
4589 0 30598
3270 5 2418
31364 11 11851
16867 11 13714
18000 11 17256
31129 0 3028
19922 1 31068
17168 10 12593
11601 5 14973
32554 0 26818
8855 10 6008
497 8 4902
7975 6 10289
24839 0 27377
22474 6 6300
29977 0 4333
4249 0 8492
31191 2 18271
6524 11 23552
24212 3 31809
19185 0 7918
14308 0 24546
13031 11 30674
2792 4 22503
1858 11 15076
24521 5 6187
15808 11 13252
6844 5 15381
12627 11 30049
21684 8 16555
17611 0 25974
25276 11 17256
19069 11 24673
17730 11 14662
17139 11 30099
30719 11 20402
31242 11 20044
1936 0 7876
25841 2 1889
18594 11 1177
2846 0 12575
21812 10 28650
14662 0 12059
6008 2 30384
18758 0 11966
1941 0 21024
277 8 2187
25612 8 6573
25355 11 27500
8397 8 15307
24127 5 14047
11163 0 455
3111 0 6058
25105 0 26170
15413 0 16073
26202 0 4548
17615 7 27892
16174 0 20297
15650 2 6598
6290 1 717
22470 11 19708
22898 11 20536
4178 3 17429
30757 0 33153
27532 1 19072
9993 11 4165
27256 5 3882
28533 10 6590
24616 0 22581
27032 7 10949
17233 11 27297
3909 7 9335
3142 11 906
21682 0 30971
31839 0 16149
24048 5 32328
18754 8 9344
16302 11 26445
12242 3 15295
28777 0 2933
15667 11 22227
902 0 15254
5566 7 6834
31428 7 29966
7255 11 16919
24547 6 17407
21212 11 25876
14551 0 21433
24609 11 25070
26580 11 29022
22050 11 1633
26526 0 13720
10747 7 15393
24551 7 17227
26174 6 32172
19854 11 4554
28594 7 15567
5434 7 15796
32235 4 22038
32981 8 26575
9062 11 18552
25454 0 1951
25405 11 6437
23502 8 6473
20290 11 14900
18926 0 27854
6953 0 6758
4850 7 29018
638 0 21505
31439 11 10677
11361 1 24896
16460 7 875
27122 11 18269
875 0 29547
32235 4 27094
20384 10 31785
6601 0 29821
27183 8 21696
22361 5 26568
17829 7 15796
9557 11 17839
13111 5 15698
3280 6 9025
3020 11 10641
5224 11 16339
27308 11 19283
32671 11 13232
9312 11 27762
29294 0 3683
10796 0 11585
13290 8 13464
21761 6 19828
11313 11 27589
24975 6 22515
18081 0 8533
22456 5 10954
31517 11 20118
1135 6 9608
11736 2 31753
3912 0 20365
26377 6 6812
5118 11 32423
16137 11 17215
8014 8 20185
21570 11 23413
20139 0 27920
29064 5 33301
15858 11 14976
29793 0 13588
8555 11 7239
1890 0 5709
14369 7 8522
27337 10 25558
125 2 30478
17508 1 31631
8363 0 13547
13226 0 12634
9023 7 29096
22031 0 20845
21417 0 1238
3852 7 5989
6908 0 7882
31059 0 20827
11911 0 13168
5882 3 32636
16572 8 9872
12925 5 27254
29902 11 14620
19474 0 26849
1379 3 24685
15016 0 13298
15684 3 10936
32066 7 7492
15650 2 33266
10304 11 1691
22931 11 9285
22708 8 2792
25472 0 4087
12244 0 19933
12773 11 10364
842 7 27061
238 5 4978
29618 3 13603
22764 8 6773
24819 8 12173
26531 8 623
2695 6 14886
7730 11 7948
32686 0 19861
25109 0 24135
28462 2 20262
8475 10 6008
3158 11 6397
11864 5 32306
20462 0 12082
10237 11 12132
25196 0 7608
16044 0 25994
6942 8 3621
12408 10 20947
7185 0 27016
20844 0 14810
768 5 11580
16887 0 28853
11481 0 27850
16911 5 32840
27120 8 10485
308 0 19238
23853 7 19978
2791 11 24839
15741 11 16378
11633 11 9781
30258 0 30796
6737 0 3342
30269 6 24700
897 2 15422
781 8 4614
17126 7 25794
26539 5 13485
28865 5 24978
23205 7 8787
32092 3 26124
32015 11 2364
6273 0 8811
18983 7 5571
6008 2 2863
1200 7 29018
30210 3 4249
22208 3 1866
32331 11 1310
2379 0 15817
3528 2 4562
25528 11 32863
12015 0 11096
15996 0 16024
25837 2 24494
32465 0 15209
29792 11 16636
14074 5 23263
4900 0 31143
21999 7 29637
10923 11 4982
16792 5 22746
14362 11 15764
9348 11 7
10611 11 19205
12133 7 28535
15508 5 5318
16357 0 25060
32254 0 21194
32907 11 4801
3525 7 8246
10379 0 6002
2792 4 31156
23004 0 19434
32522 0 16155
14800 11 28186
1220 0 8956
13055 5 33053
15363 8 27351
21385 8 12660
25876 2 26069
17874 5 19071
28777 0 18883
6111 10 6503
31419 5 21947
17231 7 20137
6372 0 14337
20385 8 5306
13853 0 18601
8382 7 20610
14043 11 18670
33272 6 21936
27902 11 17256
16620 0 6043
31865 11 22031
29687 7 1030
24685 0 26866
2334 11 1113
27901 5 26120
17797 2 16186
19082 11 21436
1920 7 24200
5679 5 27721
4044 0 19725
10687 0 17287
24449 0 32445
3651 0 7544
13996 7 30181
16888 0 16911
3572 0 17231
31762 11 32863
15632 6 27233
28012 11 21673
18600 11 19367
21360 7 5636
31326 11 10062
8901 5 24131
11681 11 6701
32673 0 10317
731 0 28522
25092 11 30935
2395 11 23282
15838 0 30380
16732 11 5213
17629 11 11477
28101 8 4337
31494 0 28460
20226 2 23823
23780 11 28172
18206 11 16161
20290 10 28650
17743 7 587
33001 11 4700
9244 11 24617
21176 5 21174
8850 0 8925
17356 0 23216
7506 5 18403
6442 11 29888
16465 0 30051
24007 8 27085
8580 0 21473
5666 8 8530
11807 0 20052
10966 5 19732
24956 0 21830
8202 11 21735
14976 0 2765
31632 7 33207
1746 11 4558
19748 3 4249
23781 0 8525
15350 8 17438
18737 0 11391
17224 0 163
897 2 11585
7837 11 8740
31582 7 1788
15961 0 13125
2649 0 30533
8658 11 7009
15033 10 6008
18439 0 6852
17016 11 10707
16488 0 17816
10884 1 10164
21090 11 24839
12431 11 20814
18723 4 1531
20015 0 10885
11260 7 6496
1481 11 20718
13009 11 28084
25532 11 8547
19690 0 13931
13275 6 9595
32423 0 31135
24005 11 5281
2140 11 9825
15618 7 14597
33222 5 5665
13532 0 19200
7217 11 15737
9758 7 14773
23866 0 11718
28650 2 10601
25382 5 28281
311 5 7522
31785 2 32894
19776 0 4833
21293 11 24733
13314 0 10762
32440 0 18187
5756 5 29366
22257 0 9230
5361 11 8351
31626 11 19049
18141 0 19157
12372 11 30726
7593 11 23588
3172 8 21131
20124 5 10296
7698 11 24060
18970 11 18734
15295 0 28769
3344 0 31504
16044 0 26263
3344 0 15578
19404 7 29598
30110 11 3344
9512 7 17456
15647 11 21726
12906 8 27672
14648 0 2254
21976 0 29483
16762 11 13739
30822 0 3614
24528 11 14419
10380 5 22764
9356 6 25946
7468 11 27560
1067 1 27794
366 11 24839
19149 0 5463
23903 6 17247
8568 0 5543
26091 0 26537
7186 5 5557
11033 7 11033
23518 11 22031
29509 0 25940
24112 8 25864
10473 0 17764
14410 11 32863
6965 5 4046
2927 11 25820
71 0 11584
9722 5 4569
17892 6 24413
24424 11 17913
18528 11 7869
22359 8 24566
22121 0 3398
20269 7 17433
2578 11 7856
7631 6 32219
1795 11 13968
18359 11 19328
30639 0 2751
21746 11 10514
9098 5 33140
31979 1 32501
10323 11 15775
30714 10 11955
26077 11 12036
11027 11 8892
13901 11 25710
15531 10 6008
16355 11 30774
4280 10 6578
3444 0 3061
13806 0 23527
9581 11 31740
19797 7 9608
32765 5 22484
1130 0 7008
7070 1 26389
32552 11 16981
8625 11 21937
9399 11 32950
27243 0 33316
6849 5 3283
21178 5 23363
24539 11 19986
18911 0 8882
22031 0 27339
11506 5 26568
22325 11 1310
11039 5 9437
24075 8 33288
6184 5 30365
25710 0 18396
14364 8 20399
32636 0 30860
17004 11 31044
9760 3 13493
30370 0 31499
15334 5 29366
1115 11 18737
29071 11 32750
19854 5 33304
1319 0 30702
24547 6 33218
26124 0 23804
7075 11 6390
23607 5 17097
1104 7 16811
12567 11 7266
13 8 1961
7109 11 2722
31332 2 29607
6564 8 18275
31398 11 29164
19068 5 27719
26242 11 9329
30983 11 4161
18800 11 20920
6952 0 29473
6205 5 22620
9542 1 32805
25780 0 8377
29910 0 5074
32673 0 17671
14566 0 14737
23482 11 23868
19045 11 1381
30103 8 14576
24630 0 4433
3091 11 16465
22449 0 29174
16879 11 24839
26202 0 9266
20844 0 25406
17244 10 3969
12301 11 20795
32235 4 1564
33113 0 19296
13870 0 776
14743 11 5772
17256 0 25790
20190 0 26080
22282 0 7017
22119 0 26190
15387 7 24285
602 0 22873
13529 6 33320
1306 0 25084
11968 6 14708
6450 5 13019
12811 5 28405
30412 0 18843
26411 10 9766
461 5 21020
20672 11 22031
9984 6 32321
2744 0 24548
5560 0 3389
30674 0 15497
4249 0 20411
14758 0 32237
5738 11 17962
10030 6 2990
12575 0 7511
33165 11 15621
26021 11 22449
30605 11 26859
8332 5 14531
7030 6 29391
22871 6 19142
18777 11 17110
16122 11 4638
13679 0 23001
25171 0 14150
28819 0 31487
10709 0 7012
3362 11 6509
18159 8 23036
19152 8 19155
2283 3 13493
19272 0 31806
28650 2 13640
31394 0 12515
17040 11 33168
6022 7 8435
9307 0 20370
10606 11 33311
15685 0 32193
30032 11 32337
26738 11 14033
10307 7 21270
7058 0 5470
14609 11 11699
19737 10 15225
19150 5 3208
11893 8 4480
30298 11 15880
12062 0 14729
21540 0 8854
16895 0 31766
1169 11 15419
31956 5 10339
11811 7 22832
19000 0 2010
12570 0 1159
2873 11 15828
25070 0 21786
13569 8 10023
27707 10 20947
4736 7 28935
30016 0 9572
9267 11 18238
29263 7 31047
152 11 18829
5205 5 16303
27586 8 10826
27719 8 9086
19610 11 12675
29951 8 24880
23098 11 21540
5767 5 28240
24960 0 17935
30685 0 24940
28212 5 24608
26094 11 27590
18834 11 7721
6008 2 5462
27598 5 28601
8514 0 24216
31326 0 29338
28122 11 23034
1310 0 22171
6558 0 32285
8286 8 8398
2759 0 23455
4919 11 25153
13931 0 26093
16931 11 32527
14251 0 1133
10533 1 26695
10406 5 19874
2538 0 16646
31478 11 30513
15160 0 11388
5819 11 11294
17944 1 25945
14529 5 17882
11553 11 24839
22186 11 4161
28397 0 6804
13334 11 13679
25572 5 8783
10481 8 14549
17379 11 25711
12841 8 14324
32235 4 3215
9884 11 1310
25729 0 32587
30068 7 23295
17269 11 9185
30456 11 9068
21317 6 6528
27052 0 6842
28112 6 14875
31570 5 27026
10224 0 22279
20916 8 22691
26821 11 25615
1825 11 9417
22024 8 4733
28154 1 14221
30301 2 23861
31903 11 14656
5582 0 11372
8850 0 22935
8335 7 1339
3494 7 17316
2532 8 33051
29981 7 3051
13832 0 11711
29967 0 33157
14646 0 6484
13252 0 30498
30624 5 29366
29129 0 13359
468 11 7903
14539 5 32286
13095 11 30674
29411 1 18784
4847 7 12016
32081 11 32863
24714 8 14274
20965 0 27839
15094 11 25659
20644 5 7253
27953 0 24725
32961 10 6008
27180 0 22413
16114 0 11666
14770 11 30833
17440 11 25711
21099 0 5596
32235 4 7193
974 11 6786
23837 8 21887
26088 0 12329
6774 10 17797
5127 0 30875
10481 8 30084
9333 8 32821
9076 11 23887
23382 0 9845
26160 0 447
16780 11 6196
17478 11 27044
2487 0 26829
14384 0 24663
32185 11 5071
16564 8 32872
29905 0 704
26909 7 25022
15969 0 14742
23093 5 3207
18186 11 6894
4739 8 15040
11883 5 14851
14075 11 23466
1101 11 13714
13369 7 1482
10509 6 17310
32284 0 1580
3946 11 10060
7773 3 24063
4432 8 4703
16838 0 21335
15624 11 7788
5860 10 31785
4824 5 22555
20876 4 1477
774 10 25837
6893 7 163
15152 11 25295
4861 5 30268
29616 7 15412
32578 8 2095
5610 11 27500
8137 0 922
28132 0 24677
13324 8 16144
22486 11 6472
13374 0 7483
1578 5 23070
22123 10 29177
21908 11 9609
14319 7 2792
11736 0 8002
28777 0 4431
21790 0 5105
619 7 30289
31450 10 6008
11713 5 17993
26124 0 14184
27046 0 29298
14701 0 11564
5228 5 22620
7132 5 32846
17686 0 15188
14867 11 32045
24163 11 19219
6943 0 14639
18094 0 10186
10076 7 11072
22362 6 32031
5871 0 30471
30301 2 27499
22830 5 26662
17637 3 13493
12872 5 24048
30301 2 27923
28795 8 16235
33195 0 9328
21824 0 18126
4574 11 19905
19681 8 15180
16252 8 23374
5037 8 24099
1966 0 4507
13569 8 27330
23729 0 3569
30648 10 6008
29028 0 5244
25201 8 10374
880 11 6537
28648 6 27063
13752 11 33081
15650 2 9742
7903 0 468
23271 7 25417
13594 7 25794
30776 0 18536
18148 11 28112
30271 11 31550
11493 7 2689
22560 6 5593
4940 0 24504
7525 11 13714
7190 0 24359
14718 0 28365
19573 8 14011
16617 0 11230
31550 0 27327
21529 11 22143
4249 0 3177
8850 0 29971
18325 11 18591
13695 11 5843
13076 0 32318
28157 11 85
7341 1 19601
16620 0 9038
29637 4 276
11898 3 14054
438 0 6717
29809 11 27046
31783 0 21433
2886 2 8596
29455 1 29870
12906 8 29458
28172 0 19965
17862 1 11157
22635 5 13146
24703 11 1691
19692 10 25141
17385 5 4235
3181 5 22127
11465 11 12544
14287 3 18183
12794 0 28365
13252 0 1981
22885 8 5337
19232 5 30554
27656 0 19363
15602 0 30931
30340 11 18580
21973 11 13022
1691 0 30898
23888 0 26052
10450 11 24839
1264 11 30600
25239 5 30373
5100 10 20226
12036 5 25606
24839 0 24386
1284 8 24394
3810 0 5623
13971 11 27439
22316 8 9558
17746 0 16491
17171 11 11256
447 11 26160
30186 0 31970
7610 11 16044
20995 8 25555
9285 0 24303
31286 6 1
3516 10 11736
2206 8 14199
7621 11 3617
23271 10 15650
7788 0 18737
14409 0 23549
21079 11 26728
30125 0 14227
18021 3 4249
9230 11 8260
1615 8 20785
23783 0 11456
27064 11 15408
17928 11 26761
29467 10 18471
5294 11 7064
21981 0 1362
25454 11 30743
2688 11 13931
15206 5 31376
24178 5 11397
5834 0 26570
19606 8 32151
16572 11 13719
862 3 13493
27050 0 6856
12547 5 4320
766 0 26516
9635 0 12677
1643 11 26586
28363 7 25375
22074 0 23148
776 11 26640
13591 5 20774
2401 5 27524
26513 0 21631
2717 11 28130
14332 10 31951
3028 0 20345
32138 0 1339
9722 11 24673
31170 7 16339
31249 5 21990
14401 6 17578
21908 0 20366
20226 2 15774
13993 0 21971
26925 0 17633
25735 8 24993
14280 10 30425
5883 11 4677
25588 10 30301
23599 10 31785
10111 7 14454
18569 8 18537
32863 0 26233
6446 11 24254
32388 0 31259
24631 7 17197
18803 0 8624
26238 11 15411
12122 3 13493
3552 5 13320
26514 0 1297
12351 0 2723
31173 5 7703
31061 0 30799
22074 0 24891
21088 0 32348
22608 7 13542
14211 8 17011
26054 11 27505
11957 8 8802
13928 0 8942
20679 0 9703
24839 0 31226
27200 0 6617
28645 7 9608
32808 0 9975
3931 0 29155
18867 11 2102
15331 0 24695
8399 11 11723
21117 8 14818
3808 2 17247
970 0 15458
12070 10 31191
14504 0 13799
20869 11 18627
11076 11 4532
29386 5 3933
2689 7 13256
6953 0 16597
2341 5 24211
13986 11 26795
6503 11 554
21026 0 158
19750 11 18200
27361 0 26381
1310 0 6494
7030 6 15814
30849 11 29961
28600 0 10130
6578 0 7909
16237 11 5772
4245 5 6898
25030 11 4654
27386 2 15986
4249 0 8024
26722 11 4287
11911 0 24089
31435 6 9417
46 0 21037
2253 10 23618
29657 0 30369
1966 2 5422
11606 0 29083
3800 10 18829
9746 11 26352
6189 10 25837
9741 11 19706
30413 11 31572
8662 3 19909
22449 0 31264
16044 0 8293
441 11 8555
24776 6 3200
7101 8 21514
16619 8 29541
33011 11 17236
5169 8 5246
32186 0 21495
24547 0 24563
10774 11 31642
2239 11 32525
17622 11 28674
5932 11 5949
31444 2 31137
29021 5 5743
29939 11 11457
18535 0 13129
26787 11 32842
9634 11 13384
12449 0 11811
23267 3 24527
5692 7 9740
23973 11 30833
15631 11 22724
16442 0 8876
28194 7 14427
14297 5 26391
27136 5 27722
16827 11 8108
12218 11 20699
8580 0 24303
7290 6 3147
22031 0 29156
6101 11 10535
5530 5 25883
32523 5 30930
27073 11 8101
24428 11 20652
31144 0 28007
5263 11 24448
3914 0 6361
32176 6 2985
1790 11 22048
18990 0 1602
3528 2 11429
25070 0 18171
229 8 12398
2733 8 25599
23780 0 2196
32037 3 13314
18929 0 3608
7272 0 7874
30674 6 5891
2567 0 27620
13430 3 19728
29617 8 13070
32917 8 6513
12120 11 21287
2378 6 31772
27386 2 14465
21956 0 20346
3995 10 8323
9198 0 18656
8248 11 14662
22031 0 3459
31785 2 9298
6696 0 16762
28539 0 25249
22311 8 1517
28651 0 902
14014 4 30823
2302 11 15974
29148 11 22801
26818 10 17797
30987 7 15096
32835 6 17778
24139 3 4249
9854 11 8264
20570 0 24840
17648 8 8630
4699 5 22019
22467 5 8344
15102 11 60
8418 10 16156
21479 11 14662
4800 8 26238
19931 5 31832
32235 4 10930
18479 5 23906
13493 0 20400
3450 5 26568
16614 3 16442
11311 5 2075
9911 0 3165
2460 5 32846
30743 0 14030
14821 11 22724
25422 11 16044
27719 8 409
18755 11 15160
23006 0 8256
25837 2 24410
6674 0 4115
18676 5 24819
15217 11 18122
20799 8 24488
1310 0 13226
24468 0 2814
24674 11 32440
25949 0 3121
27294 0 12520
16895 0 433
14657 8 5403
115 0 104
22942 11 14662
31916 11 27015
649 0 32379
28375 11 19576
14238 0 9421
32005 0 1849
23064 5 27564
16061 0 15676
4586 7 2389
27740 11 3596
7437 11 15764
16068 11 13632
26610 0 12924
29821 0 21372
202 0 19633
6008 0 5355
17686 0 13326
4574 11 20815
31652 3 28355
31785 2 15546
14118 0 26575
8580 0 31555
1691 0 9119
16998 5 26848
7525 0 2969
25304 8 24018
15623 8 19262
25873 11 26248
2584 0 284
13702 11 16339
16231 11 27229
7357 7 31389
1155 5 8722
24873 5 28273
6491 11 29155
5166 0 29274
16490 0 23760
17999 11 18057
435 3 15295
175 0 13493
15690 6 31555
10215 0 3399
11069 0 31448
18974 11 9669
26204 0 31553
26148 10 25837
25665 11 1815
13868 11 2700
11603 8 26420
21454 11 31394
16005 11 30694
24877 0 24808
29474 0 7857
28592 3 4182
17724 0 22609
22463 5 17582
19063 0 6715
30952 3 21241
14530 0 10097
31892 11 1310
31946 0 9322
32081 8 11782
824 3 4249
30762 11 12411
21317 6 27933
24374 0 20409
12300 8 8780
5036 11 19217
6767 0 22322
21588 0 12502
22039 7 20787
9897 0 21609
1512 11 32416
1563 7 1563
9590 11 438
69 5 8147
15667 11 25165
13921 7 8315
11164 3 15893
18672 11 26728
3953 0 26161
15003 11 15471
6956 0 665
11554 0 23174
14265 11 10207
27016 0 17489
32235 4 16747
8381 10 25837
21503 0 18283
5375 0 4553
11736 0 33022
9200 11 33226
18290 8 1550
29745 5 26928
25070 0 19789
12015 11 3349
25070 0 24926
16638 0 23848
27504 6 16766
6841 0 17629
899 11 15801
32235 4 26587
23830 8 467
28064 0 10218
17517 0 13921
13285 11 17233
27295 0 3686
19823 0 8653
22544 11 2832
17582 8 21680
8566 0 4654
6640 6 5266
12457 7 12457
22724 0 31770
21537 8 8862
23065 0 7260
536 0 20686
10115 11 13721
11805 11 3683
924 11 33046
9975 5 3915
21099 11 14781
8229 11 13602
8473 10 98
1735 0 25378
24154 8 24929
24553 7 30311
25717 11 19296
23467 1 18795
8820 6 2859
13205 10 3808
23637 8 18750
32404 6 22315
33282 11 32885
6572 0 32948
19780 5 30489
23618 2 15297
14662 0 8420
10998 8 23000
95 0 16465
8346 7 26377
13407 3 33311
24374 0 17128
25132 0 5602
27196 11 4107
29096 6 29441
18986 7 1652
16156 2 27794
22379 8 28990
15673 0 8351
12631 5 20360
14207 0 29421
9855 7 16784
32580 11 15633
31819 10 31793
14994 5 54
3344 0 12095
31573 11 32974
15481 0 27073
19306 11 10381
27980 10 31785
6601 0 17840
15632 6 30558
7213 11 33027
17256 0 20328
1691 0 11502
17547 11 18138
24523 6 1144
3573 5 29764
9115 7 18264
29819 11 9187
10057 0 15570
21214 5 2497
18580 0 20173
13420 8 22154
28225 0 22558
30703 8 15864
22111 0 26590
13536 7 22488
10214 0 15916
20468 7 20468
17492 8 21084
7063 11 24878
14517 0 5392
21536 0 8551
20557 8 19942
7514 6 7809
6008 2 19925
30746 0 13037
17019 5 28334
29861 0 4775
13394 10 14033
26683 0 25985
15602 0 30251
13729 5 8030
30672 0 32385
29879 5 9104
29368 11 15764
10481 8 17849
23881 11 1793
746 0 22920
8054 11 28386
8476 7 15991
21972 3 13493
21540 0 8272
4416 11 29793
13714 0 14717
6389 7 30946
32665 8 23047
587 0 17443
24374 0 10114
27365 0 1933
6971 0 14005
32111 11 1031
32138 0 9974
7251 0 4592
27186 10 33022
24356 0 26311
18857 0 1900
13688 7 15184
23907 8 21190
19560 0 31604
7696 5 14156
31462 0 3653
5521 8 16876
19751 7 4959
11544 11 24851
41 11 31462
