25837 2 5174
31427 6 6378
14562 6 21986
17254 6 12124
27170 5 27719
33305 0 172
26983 11 6484
22931 11 21981
16468 6 23359
22821 11 33046
6737 0 31476
27253 0 26498
914 0 28660
20332 10 22811
32254 0 12864
10142 3 4182
3920 8 2308
297 8 3100
3249 1 17340
5045 7 20856
762 0 10120
12781 11 14662
12440 11 2933
26644 11 9263
27284 11 29657
12587 11 14662
13465 0 15579
4249 0 23284
2670 6 19389
16376 11 7744
690 11 11085
16853 8 29104
353 0 27269
25963 0 15537
26831 0 15329
18074 5 22746
9380 11 6173
6427 11 7901
19902 11 30797
32650 11 23005
8930 8 3750
18251 5 8928
7711 0 2244
32863 0 25436
9457 0 29586
16044 0 26662
23970 4 4071
24679 11 14566
7158 11 1216
23417 11 28279
26886 7 678
18829 2 10750
10384 8 19817
3888 11 24023
18072 11 3173
23053 10 30937
17673 2 8662
29449 6 4578
26031 0 16243
5764 10 2886
32146 5 31834
26610 11 18269
7971 5 17097
30110 8 7757
13800 5 5521
6818 10 31785
20093 11 15633
16460 11 21669
32048 0 20280
18017 11 942
4543 0 12914
11773 11 7268
6728 0 31053
26653 5 20013
23187 0 26450
28692 11 32356
10488 11 31869
14662 0 9672
6989 6 18414
71 6 20686
17884 11 9262
14533 11 14679
3615 0 19934
369 0 26331
13933 11 30639
3782 11 14033
8110 0 3577
19600 0 14231
29564 11 13534
1587 11 32388
14897 11 32440
17787 0 25469
32235 4 5221
31229 0 6694
24079 8 716
26319 11 15521
9220 3 28400
2909 11 10535
10796 0 28576
20533 2 29972
9050 11 21735
15301 11 24839
17523 8 27759
18303 8 25149
9285 0 24158
15047 0 1040
13229 7 5157
23635 10 6008
5440 11 21309
4347 5 19508
6274 5 1556
17119 0 16135
16821 11 18833
2492 1 30218
24126 0 20212
17971 11 13252
19967 11 15602
23781 6 1170
17078 11 27232
13420 8 20247
15295 0 27398
9289 11 8260
30554 8 15027
779 0 24274
18228 0 2337
30463 6 14579
13786 11 6537
25070 0 11887
28591 11 9973
30666 0 12035
25283 3 4249
28651 0 671
6008 2 19734
17348 0 10048
24389 8 8560
2074 8 19151
11961 7 7453
27794 1 22944
25837 2 587
8670 0 18804
6870 11 27852
28157 11 17017
16769 0 19233
8108 0 18544
13096 0 2861
28154 3 26124
31143 11 12864
8397 8 12022
1063 0 17108
29220 11 29
20167 7 25761
19690 0 25089
25685 0 17897
21401 7 26001
31437 0 2106
6413 0 21610
29684 5 17760
30683 11 17064
30632 7 3406
33311 0 23560
14105 10 15650
24557 11 31462
6043 3 4249
10998 5 17993
16079 6 12862
31645 11 7311
30757 11 11844
22196 8 8417
22402 3 13493
20982 11 14530
6927 0 31106
13957 11 22031
30414 0 29299
20553 1 12246
19377 0 18397
12605 0 13628
1001 5 10511
29850 11 10610
18084 5 20216
16963 0 31653
15187 11 11911
27004 11 12882
30398 3 4249
23148 0 29288
23986 0 8180
18916 7 5486
16044 0 14779
9754 6 30944
11807 0 12843
13641 0 11646
25040 0 14853
21026 0 31845
4707 11 10796
21362 11 29964
5284 0 17234
23859 7 16718
27656 0 23321
11584 11 15633
18228 0 9285
27364 11 26633
2655 5 20557
11128 0 10177
11110 0 27387
20157 11 26406
29130 7 2792
143 7 19828
16875 11 25070
29308 3 10583
16261 11 22724
32522 0 7056
22675 0 7901
2340 0 21633
16895 5 12053
31091 1 10191
9199 5 22514
10426 11 12826
568 0 14351
12208 6 28402
4757 0 12743
13372 10 6578
3947 8 284
16044 0 11423
20531 0 29092
28169 11 9705
5583 5 15084
23772 11 3924
14392 3 4249
22724 0 24387
8315 11 27688
10067 6 12108
19726 11 30797
16887 0 11246
10557 11 1301
32052 0 10147
30936 0 32101
3962 11 30941
24991 5 3305
6635 0 22342
31875 8 6071
6635 0 23945
691 3 12566
27411 11 9781
19763 11 16432
25986 3 28810
32388 0 1587
14976 0 22941
31191 2 31526
18540 11 1691
22250 8 10381
15778 11 9880
8614 11 9128
3230 5 30416
3914 0 10354
8774 8 30380
30372 11 22606
17589 10 18471
25122 11 25457
21944 11 22240
2456 11 10982
16259 11 9438
15470 11 7741
1691 0 10304
32112 11 25710
9185 11 9320
24671 5 9698
30301 2 4929
5901 1 31893
30308 8 4593
8224 11 3830
13370 7 12613
27202 0 26867
13107 11 30188
22320 11 31234
783 6 2138
15803 0 17894
21027 5 10481
25633 0 13171
15197 11 32525
8930 5 20192
21902 11 12411
28472 10 20226
22547 0 16655
2105 8 20648
20310 11 21670
20813 0 395
7858 6 18282
25946 7 9356
18233 8 4654
23345 5 8063
32098 11 18918
15047 0 25907
19380 11 25023
17701 8 24761
23177 11 24254
1966 0 25635
19490 0 1245
15873 8 3217
1648 8 29744
8035 0 672
6149 10 29106
12516 3 6635
3269 6 5529
31886 3 25171
2985 7 4560
25070 0 2404
9729 11 25472
7593 7 23144
155 0 31671
2221 5 20175
38 7 15910
17851 11 22037
28707 10 9915
16634 0 21777
8530 0 32127
13739 0 9816
6071 11 30414
17205 11 22460
21931 0 18146
1289 0 26765
29061 6 18756
7735 11 13428
11464 6 1234
5156 8 22330
596 10 24213
9181 0 16636
32063 0 16040
21934 5 13276
6902 0 9244
18899 11 6165
9820 11 7064
28462 2 22591
900 5 23740
25869 0 15135
4217 0 3811
30135 0 30096
21309 0 13271
18261 0 18476
10649 10 31444
8315 0 32710
16468 4 4591
22488 0 19856
16895 0 13374
28043 11 9669
27168 10 125
18892 5 2362
19814 11 31340
14089 6 8586
8789 10 25837
31648 0 2815
23881 0 22044
24573 5 27291
7371 8 19475
15764 0 25918
24560 5 4450
13210 2 25763
29693 5 14759
9859 11 26632
22764 4 15026
1699 5 11832
29038 0 2559
25081 11 18777
32259 11 32977
14848 2 1186
3699 11 10827
25006 3 12151
24333 11 31714
29884 11 18141
6348 8 4106
13365 5 31405
6635 0 13446
20237 0 13156
4240 0 30890
25874 0 25176
21824 0 13310
19363 3 27656
9409 5 22763
12537 11 33032
30444 1 17333
10025 3 33311
2185 10 4712
33319 11 16717
645 8 24402
17693 11 13252
14317 0 27800
30781 8 15186
6414 0 21006
32636 0 5882
21786 11 25070
32038 11 4654
3634 3 16646
30639 0 28941
32644 11 6262
27194 8 15778
3375 0 3547
24542 11 25710
27167 11 19692
897 2 9861
31793 2 19871
27498 0 21589
11132 0 9832
29721 0 10352
11004 11 14662
31219 10 897
8704 8 26542
20898 0 1234
3741 6 24495
33209 2 20475
18871 6 25571
9973 0 21803
9622 11 23516
29637 6 25868
27050 0 8167
14251 0 18086
20437 7 26014
15794 0 9111
10962 7 720
23519 11 27477
12579 0 12177
23422 5 10040
2826 11 32863
4269 0 7750
12999 0 20493
22843 10 6008
20539 0 21237
29257 2 30054
27844 0 12247
8409 6 2505
25647 11 20914
17017 0 28157
30443 7 16811
33120 11 15331
16888 0 25599
19885 0 11824
19372 5 14821
19255 6 19084
26203 3 23601
2389 6 27127
15067 7 12080
19938 6 31912
33067 7 16838
32287 6 31523
12882 0 26625
32256 8 2430
12000 0 14097
29111 11 10227
19525 0 23555
27643 5 17636
25454 7 20813
26677 0 5430
727 6 32479
14662 0 20577
13712 11 8850
17826 0 31235
32636 0 19862
24427 0 28816
10360 0 30736
31370 3 6635
31689 11 6842
6397 0 263
5081 10 30301
15334 0 22144
24061 7 846
9193 6 28487
14662 0 5075
19684 11 19252
121 0 5652
20428 0 26705
11462 10 20759
28006 8 7075
5702 5 22708
9291 3 20884
16353 11 27295
4043 0 8011
25710 0 28498
24154 8 18104
7611 11 20844
26847 5 25477
26202 0 4193
28102 11 30550
7303 0 21162
27517 0 18782
26657 5 22386
32863 0 7407
13314 0 32903
19617 3 21460
14469 11 31061
22534 11 15794
7677 0 15736
32585 7 4165
9710 0 3409
23146 11 948
22406 2 30235
29167 1 31383
15525 11 25613
22152 11 30833
24468 0 32645
19315 0 7755
16027 10 25115
32840 6 32316
23781 0 14128
13049 0 12123
10132 11 16376
28468 11 9285
30374 11 13316
31488 8 27213
30861 0 4185
4828 8 7141
856 6 24124
9144 10 9144
21083 11 28639
15352 0 16997
1743 0 17049
19828 2 31058
1498 8 23264
5157 6 18074
11417 8 31152
8850 0 23479
19742 10 23299
30723 10 20226
25725 11 15764
13279 8 11011
21872 5 23469
16064 0 10976
30018 0 29127
11287 11 20160
6877 5 19584
11128 0 19255
15160 0 13749
20012 11 18853
13444 11 30666
20770 0 24794
22776 11 24044
7794 7 32875
30358 11 12305
14423 7 16792
3368 0 16700
28333 11 6980
10672 5 7207
20496 5 24583
30278 0 6041
24011 0 13774
21669 11 25073
18583 0 10264
10936 0 1085
28462 2 9996
12723 7 29454
24851 0 10036
820 6 16273
22 10 19298
9726 6 643
13603 0 32220
30639 0 5388
17963 8 1345
15685 0 25560
9340 11 20779
26470 11 14359
16680 0 24066
5188 0 3446
8493 11 9892
32898 11 3612
9698 8 26836
11234 0 26656
10767 5 2512
19683 3 27576
26124 0 20913
1672 11 25082
24285 0 26968
18183 11 28635
71 6 21010
26842 11 4663
10210 6 1061
22234 11 18580
29232 0 21346
25489 0 28831
20511 0 7711
30111 0 19932
2558 0 32729
27682 11 28805
20844 0 3327
31015 0 8406
11726 7 20303
10949 6 17747
14086 11 30833
7659 8 22180
8214 5 24671
15939 11 13641
18455 11 4642
22488 0 29936
897 2 13622
15437 6 1106
12647 8 22922
268 11 23411
25835 0 24019
32252 0 13428
15450 11 2479
14773 6 9758
11266 8 16619
17372 0 32448
21238 11 28928
8850 0 31263
21316 11 9285
22282 0 6484
4317 4 11078
31951 2 29754
15741 5 9104
4506 7 4161
29576 5 13485
18475 0 20838
11186 0 16614
29209 0 5648
16376 0 17781
31794 6 468
23779 6 30712
14397 5 33324
32863 0 5608
2792 6 9193
32400 11 1988
28018 6 21810
7258 0 28883
21057 0 20975
23943 11 9167
6473 11 14662
6537 0 17483
6442 0 7389
8472 8 7893
32688 0 27914
33253 11 22724
26499 11 15633
16190 11 2558
27470 8 9317
21951 8 27397
32747 11 29394
9149 0 18951
31989 0 21773
8820 7 5157
698 5 22587
29188 11 12345
6927 0 25232
11417 8 21113
30981 5 13032
7793 11 24839
21896 10 18304
9394 7 9394
29208 0 2380
4307 3 13493
25764 7 21317
18135 0 26296
29950 3 6943
31739 6 23414
4366 11 17959
10501 7 720
31864 0 14089
3334 11 30842
28892 0 31170
19025 11 16255
4710 8 4203
7276 0 16147
31278 7 15393
4385 11 20279
15484 0 19721
15408 0 19182
4469 0 2351
6205 3 9839
27575 6 27575
6678 0 33235
32793 8 14613
13883 0 15581
6908 0 1591
8863 5 22077
17604 0 27947
5697 6 29196
20859 0 979
4526 0 692
32629 0 14376
16057 5 20432
2612 8 29223
18758 0 32196
21592 0 25209
13810 11 18178
18740 0 3498
2077 11 6928
24851 0 11544
4009 11 21753
2389 6 26905
10883 11 15284
29184 2 32457
3470 0 25929
4440 8 33000
4840 5 27185
20226 2 19499
8588 11 27295
24795 11 17629
4240 11 838
16156 2 15793
28034 11 22969
19969 11 18306
19238 0 18590
22298 0 17037
24222 10 20226
11985 7 536
9468 0 8761
6635 0 4404
23781 0 26949
31555 11 8580
7702 11 16790
3620 7 15913
28287 6 28096
23032 3 6943
22482 11 15794
28172 11 30939
13739 0 16762
1294 5 25091
6422 11 16750
13196 0 4124
1735 0 11033
6916 11 2385
28689 5 6853
24241 11 27297
9455 11 16402
12035 0 23638
15245 6 15245
28728 0 2955
20303 11 29988
24200 11 3547
9140 0 2303
19533 0 13499
29039 8 29037
32235 4 8135
12994 11 26499
19933 0 1801
30278 0 5219
8628 6 10907
7534 0 420
9996 11 25092
20037 7 19128
17086 0 17064
31444 2 382
20689 0 16003
32440 0 29679
30435 0 7115
20719 8 23125
31191 2 12286
22982 0 21767
13022 0 2316
32357 0 28084
24185 7 2695
21868 3 9276
32191 5 9163
13789 11 20795
11417 8 17207
14453 8 32256
25965 11 21824
24547 0 22209
13532 0 8947
25582 11 4997
1620 11 31092
22217 5 15631
30190 11 25070
10569 11 15160
18476 5 24482
20698 0 18459
438 0 24615
14882 0 17747
12175 11 15579
28883 0 28012
31944 8 23566
24111 5 20257
27384 0 23271
26966 11 25070
19665 11 26295
281 8 27698
22031 0 3042
15529 7 26001
9832 11 11132
18898 0 12752
4249 0 10903
7119 11 30639
20226 2 15177
30791 11 21510
30348 11 28020
5418 11 28651
16014 0 31710
5402 4 1447
13614 8 6961
14176 0 22607
24839 0 22847
14026 7 14026
22031 0 4255
3240 5 6197
7529 0 17183
32344 0 15948
23433 11 13719
30301 2 5313
16917 5 8173
29239 8 4157
21654 5 16407
6008 2 29417
11244 5 24798
29500 6 14369
2207 11 28517
31922 0 31910
20805 0 20019
31904 8 7072
30743 0 24939
30977 11 20652
31989 0 71
3223 11 10360
5772 11 10796
8101 0 29724
7998 0 33024
30204 0 7418
17560 0 7205
6931 11 19813
18231 0 30405
20226 2 5954
31257 0 12292
6008 2 12887
25151 11 13252
17254 6 25678
16606 10 897
23970 6 2828
14118 0 14361
20244 0 23058
30706 11 14560
8543 7 24629
3009 8 33012
17199 0 12240
3039 8 4710
6919 0 17611
5607 11 22724
7882 11 6908
9438 0 16259
26002 5 15623
14033 2 14440
31710 0 30634
1074 8 31731
22449 0 12876
23982 6 26503
27886 11 20898
15180 0 24181
23590 11 29106
1481 5 6688
18200 0 21603
29947 7 10548
9500 8 15442
8579 11 29198
31251 8 1542
9297 11 587
29925 8 31275
26249 11 26203
7602 3 31075
24299 8 31014
27297 0 18488
19663 11 31211
15352 0 1946
27635 11 18766
13714 0 7525
24303 10 25841
4536 0 19937
18633 6 7565
26111 1 14960
13414 7 12417
5474 11 11017
13659 6 24600
25018 3 5645
5321 11 4181
29510 0 2513
3349 0 1510
29212 5 24888
8299 5 11588
25350 6 12893
28428 0 20237
3266 7 23121
12437 3 10936
18135 0 26754
27040 11 31262
14911 7 2792
607 8 24292
11370 0 31013
22463 4 24809
7601 5 24348
22969 0 12265
31951 2 9639
5050 11 15047
9441 11 28482
4737 0 21481
4249 0 11929
25807 0 17070
7473 11 15016
6112 0 6931
20220 5 3635
32235 4 1841
9320 11 5796
310 8 16317
24163 0 14794
4249 0 33102
27983 10 6008
28322 11 29468
29012 5 9416
29018 6 4850
4170 11 6537
17977 3 4249
28033 1 17220
23742 0 2403
32074 7 12810
25147 7 23452
11132 0 3058
17435 11 29232
21956 0 3661
31322 11 2340
9766 2 15869
21977 0 24495
21662 6 27371
21634 7 21839
30639 0 8802
11294 0 25682
6936 11 27953
10975 3 16838
15212 11 24468
9457 0 20384
23336 7 1365
16617 0 19338
1890 2 15410
10960 5 20973
21680 5 12208
32482 0 2375
6873 5 20600
17155 11 12915
25710 0 26366
6351 11 5799
4309 6 16495
25841 2 25061
32235 4 11773
31240 11 20768
25416 5 26568
24888 8 32366
11367 11 3374
8704 8 9759
22100 11 17256
30797 0 9010
32060 0 4812
26640 0 26569
20787 6 22039
15453 0 7463
18196 11 28540
27331 3 19728
3348 11 9784
2435 10 11828
23677 5 8765
18768 0 17630
6002 11 31826
28694 7 21331
7369 8 25471
21372 0 26711
15935 7 6291
5410 0 8956
18255 11 31343
1024 5 4288
33063 0 29515
14817 0 11017
7062 7 31580
32652 7 32652
22158 10 21987
25612 8 3563
30060 5 3567
24977 11 23703
13679 0 13110
2887 11 25070
22164 7 12826
2613 11 28983
5521 8 3810
10227 0 26506
32869 8 32022
9309 6 20447
6343 7 32965
2759 0 18611
15632 6 1129
6008 2 7830
20160 0 11252
7711 0 25320
8315 6 32587
23413 0 24658
20160 0 10761
18444 11 23004
18907 11 28734
1988 11 17611
4988 11 19973
27568 10 3808
16044 0 6134
4154 5 10430
13086 11 29891
20426 10 1189
14662 0 28560
25027 7 20387
11101 8 29929
6882 11 24653
21570 7 22888
28650 11 19482
4204 11 9669
17520 10 4712
