33330 12
3960 11 11748
3245 9 20942
15209 0 22785
33311 0 32159
28964 9 28011
13131 9 10198
18825 9 12689
13864 0 24702
10327 9 12689
1966 2 29777
27577 0 23042
28011 9 25744
16587 5 18660
16378 9 28011
17539 9 17655
23890 0 11573
13852 11 26429
33191 9 28116
14059 9 12689
15600 9 31946
27796 11 24839
30513 0 5101
21908 9 23575
17946 9 32602
14059 9 24485
1249 0 18707
22680 0 23778
32859 9 25105
1910 8 29099
31782 9 3206
24657 9 24838
6892 8 23742
28731 6 5572
15579 9 8658
4981 0 5364
28011 9 27386
32278 9 4014
4654 11 17501
1949 8 27254
19267 11 22093
3040 9 28926
12289 9 9015
12689 9 11016
21273 9 9634
21908 9 26018
12689 9 1635
20779 11 4977
17913 0 24424
21060 6 9355
19487 8 5507
19690 9 227
29793 9 12383
11359 0 6459
15670 5 1378
19372 11 4217
25391 5 11957
13632 0 32502
27794 9 12689
12689 9 1112
9634 9 21273
19211 9 13131
27821 9 284
19973 0 21357
21587 5 4200
6250 9 28011
15557 0 26839
27519 9 12689
27664 10 2266
5173 11 2344
8797 9 12689
12876 8 24401
28503 11 19384
15447 10 7540
28011 9 19677
23877 6 32590
165 9 16985
5703 11 28517
25902 9 25950
11861 11 24547
13832 9 14308
4014 9 4917
27187 9 28011
2788 8 1855
11642 0 29153
26699 9 12689
12689 9 25222
1835 7 10949
1944 9 31061
28926 9 8811
28993 9 25156
30218 1 2492
27821 2 27821
21843 7 21843
3231 9 18425
14098 6 11686
1524 9 21984
19303 0 10812
11670 9 10417
264 9 26982
3354 9 8968
28011 9 12345
22265 11 12882
15816 11 25997
19544 9 29826
28011 9 15107
21908 9 12689
21321 9 12689
8797 6 32514
28462 2 18637
473 10 15650
19211 9 9634
12689 9 4801
21335 9 3231
2972 0 14324
12362 9 12689
1920 9 161
10484 11 10525
880 11 6537
27980 0 11216
4097 9 21273
30948 5 17111
22903 7 25384
20894 9 12689
11858 11 7767
7484 0 5070
2792 9 14032
30666 0 1527
20770 9 21370
8872 9 12689
25632 11 18006
11055 11 15666
31942 9 22257
8413 5 11957
12289 9 10846
776 7 11955
4801 9 26036
7131 9 8595
31994 9 18552
16838 9 2846
9634 9 21388
2543 6 28353
24913 2 22590
12267 3 4249
18526 9 13874
5375 0 26582
2557 9 4847
12857 11 15664
1769 9 6980
16948 11 26920
4161 9 12689
23667 9 7284
28011 9 12689
17403 5 332
2708 0 13268
28011 9 12689
28024 0 20425
7184 4 28030
3054 3 15664
12689 9 28011
6954 9 1728
12416 11 10796
28805 9 13048
28011 9 12289
15677 1 4372
32556 11 21451
23034 9 32951
22692 5 13485
12689 9 24897
8466 9 26138
15408 0 263
28011 9 19732
4499 7 9223
24100 5 31488
16389 3 4249
8583 11 16496
10245 7 8578
12328 11 5816
18331 11 29821
28297 5 19840
6030 5 1071
13037 9 28011
14059 9 28011
13506 0 15961
4389 10 897
17140 11 17895
31394 9 28488
18867 0 16489
13067 11 16044
22780 6 10042
18936 9 10754
11762 9 12689
21907 9 20942
30609 9 322
30286 9 15596
5567 10 13210
3354 9 12689
13941 8 7448
9421 0 28054
16473 5 13264
2465 11 23242
9887 11 4677
24132 0 11934
26982 9 28011
18181 9 8011
11193 9 14479
689 8 526
2909 11 22747
28011 9 16599
28011 9 13314
9669 9 21255
12689 9 5135
9563 9 12689
9285 0 28468
31727 11 22474
13714 0 22130
30491 8 14907
16487 5 27038
10861 5 7168
30471 0 20226
18633 5 17222
18261 0 18476
31593 11 1691
2016 9 28011
12689 9 906
6577 9 14777
6504 5 27331
12689 9 21892
16044 0 9556
8853 11 15679
8984 11 15633
23252 9 28011
22265 8 11668
29953 9 9634
2186 4 22304
22125 0 32432
12711 7 6746
31626 10 15650
10779 9 6398
10728 9 12689
22251 9 21903
30301 2 5705
14327 9 28011
3975 11 33046
18356 9 2375
17097 8 20229
21672 9 8466
575 11 2374
24811 9 18641
11609 5 1221
19211 9 9457
9244 0 21627
24193 6 23844
29186 5 17471
28011 9 18174
23546 0 26621
4775 8 23828
33215 8 24181
20483 9 11193
20894 9 18929
11426 9 28011
5350 10 31785
3146 10 25115
4734 11 19930
18929 9 18929
28011 9 16737
5411 0 18248
20513 9 30598
12362 9 19633
12689 9 12289
12978 11 32185
28011 9 32627
29650 9 1944
23877 3 3783
9435 9 27187
2762 8 25234
17556 7 24966
20019 9 18013
20226 2 6286
4249 0 26280
11828 2 21057
17950 9 13410
28664 9 5118
6711 9 8177
11478 11 25472
14900 0 30945
31946 9 24829
25197 9 30049
10044 11 25829
16093 9 28011
16044 0 12266
4742 11 30384
21561 6 21561
3808 2 18686
21182 5 24219
23575 9 7329
3322 8 11173
24124 9 12689
14069 5 17993
30588 10 26885
22137 0 33249
16684 10 15650
2323 11 29045
29147 8 29858
12111 5 25519
9159 11 32005
14240 1 24896
2375 9 28011
2314 11 22031
10330 5 18548
8906 10 20226
8688 11 14662
16101 9 15386
23878 9 21437
9419 9 16888
30944 7 9754
27926 11 355
8666 11 28864
12362 9 27477
22984 11 15083
2792 6 29130
5667 8 27795
23612 9 11426
2748 0 4882
10840 11 33251
4801 9 11643
28011 9 12689
28011 9 23914
7131 9 28777
7005 9 26564
16101 10 98
18324 9 32660
29960 0 17383
4249 0 19022
7688 0 6934
21655 7 14562
31230 7 21481
27788 11 15803
19722 9 30337
29608 9 17540
32501 9 28011
21908 9 17937
30938 11 26327
17748 9 16968
17839 7 17383
13832 9 353
8072 3 16646
18279 0 29440
9823 9 28011
24829 9 3354
13073 9 3972
12289 9 12289
32587 0 2557
16121 9 28011
2086 11 6908
3882 11 14662
6931 9 4208
19416 5 6911
18013 9 21283
23348 8 15578
16543 9 3231
1115 9 28011
25584 9 19464
16634 9 4801
7618 9 27024
27697 9 8466
1683 0 33211
12289 9 4743
33319 9 31152
18110 9 12689
18742 5 9
26843 6 4015
32575 11 28392
12689 9 12289
27351 8 20721
7999 9 28011
210 11 22493
25837 2 22748
27718 10 28650
21273 9 17463
13603 0 17772
24093 9 12689
18325 9 18453
11156 9 5440
13430 6 21561
18633 4 26440
11852 0 4862
15232 11 21981
13887 11 6537
12689 9 9322
323 9 12689
858 9 23466
20019 9 13832
10758 1 4884
14804 10 12693
32636 0 8578
26610 11 18269
21847 9 28011
13444 0 10717
9145 0 8057
20295 11 9974
16702 9 3952
14214 9 23058
9573 11 13603
32414 9 7190
9019 11 18929
8315 6 18737
25973 9 29927
4801 9 13033
23271 7 19459
19194 0 30569
13192 11 23781
27024 9 29038
12689 9 4532
14832 9 12689
916 8 3464
8729 10 20947
32440 0 7757
25852 9 23877
29998 9 13466
27892 9 1115
12289 9 12689
2641 9 31942
3388 0 23673
16212 11 25674
12689 9 25564
32935 11 19688
4249 0 15249
27015 9 9548
28345 5 15363
7910 9 204
25374 9 23102
29700 9 27884
10121 9 32099
12289 9 6503
98 9 4743
3909 0 14700
29748 5 26568
32219 11 8444
2952 8 9058
4801 9 32764
13210 9 6578
18161 11 6537
28777 9 23390
25050 11 6599
28011 9 30425
23962 0 22095
9149 0 59
30703 8 33140
19373 9 28011
13032 8 13204
2725 9 16968
25189 0 28339
19211 9 9634
6472 6 6472
28011 9 13102
8982 10 5451
12998 6 1639
6484 11 15633
17560 9 7329
14416 9 33031
28091 8 6904
12689 9 12362
20926 0 4153
1173 9 12689
28011 9 31782
4249 0 23759
24517 9 9427
24291 11 25639
10648 3 32636
9634 9 19211
8428 9 18714
2118 11 24839
18525 5 15808
23463 9 7651
28011 9 22322
24140 0 1357
15567 6 28594
22037 0 31237
10236 1 209
1180 8 3034
5658 9 26298
12689 9 32252
14957 9 876
30231 5 22196
27073 10 17797
3556 0 4801
13493 0 22096
29836 8 4623
4801 9 98
33250 11 2587
10380 9 3619
10085 11 3468
23148 0 19435
12689 9 27168
25571 9 28011
29921 8 25098
15073 0 32050
2962 11 24960
30233 2 32790
394 7 32815
28011 9 16309
29106 2 15020
27801 7 10631
12362 9 12689
33317 11 11807
21381 9 6186
32235 4 4609
26884 0 3199
28699 0 945
12362 9 21892
8402 9 12289
18714 9 25772
8323 2 33047
30758 9 13409
13189 0 9962
7290 10 18929
2087 11 27577
28011 9 14643
2708 9 28777
10509 9 28011
28011 9 31209
13741 9 28011
33274 7 22463
12289 9 12689
2193 11 8298
12689 9 23490
15633 0 15328
12689 9 30258
12689 9 17698
15151 9 17463
12689 9 28011
26832 11 23034
4743 0 6042
27717 11 31503
4939 9 11193
12689 9 29608
29086 9 22488
3820 9 18552
4743 9 538
5807 0 14287
7278 5 21734
15284 11 28651
9001 11 29390
22290 11 19219
14242 0 23100
13049 9 7808
15643 10 6590
4615 9 21280
10585 0 31242
12182 11 26352
24427 9 12411
29382 11 30939
24651 9 28011
17432 11 18518
17307 9 12289
10091 1 13979
2695 6 14886
16699 9 20947
16093 9 28011
13493 9 12689
22013 9 30789
17698 9 12689
20639 11 4727
14386 9 6635
21540 0 20242
28011 9 5179
10740 10 20226
21629 9 21388
3698 8 11427
22640 9 27660
6589 5 21385
12689 9 2708
21672 9 1721
19149 9 12289
32760 8 4290
18471 9 28011
26458 9 10509
19127 9 29041
12689 9 2446
12289 9 16378
4657 8 5841
7453 6 21699
29013 11 17256
24152 9 13037
28651 0 6028
15842 9 3245
9786 11 22031
15489 9 24388
12689 9 12689
14474 9 13359
24030 11 1691
12689 9 12689
28011 9 11725
2750 9 6578
14715 0 1197
10481 8 11641
9247 11 30888
3808 2 27249
29580 7 30463
19728 0 20060
7331 11 21194
5867 0 26445
9634 9 18181
7857 11 29474
8936 9 23974
28862 0 7034
16268 9 10227
16833 0 26168
31994 9 28011
9859 9 30049
11447 8 20507
25055 6 12109
17323 7 10067
28744 9 10135
512 9 27794
22640 0 7216
18723 4 8191
25797 0 2116
24375 9 29086
4249 0 13061
13131 9 28011
13152 11 28737
5463 11 15521
26036 9 12689
13696 9 32049
9263 0 26644
14146 3 16646
20226 2 7203
4979 9 7944
10470 8 19007
31782 9 16363
2890 11 17555
7329 0 27566
13832 11 22474
6414 9 32250
28011 9 4838
10220 9 18951
24685 0 10449
1623 9 13131
23633 9 8936
11484 0 18393
32440 0 14531
32444 11 24492
446 9 6598
19560 11 5281
7248 11 23242
3027 11 18935
12689 9 20895
12689 9 30269
16255 9 25554
7540 2 22965
26036 9 3965
8039 5 7522
18381 6 3050
18022 11 22816
12689 9 31075
33253 11 22724
21121 0 9566
32575 9 28933
3209 5 17849
4647 9 28011
31061 9 13131
5496 9 12362
4153 11 20926
25406 8 12867
28651 0 18441
32921 5 27765
28011 9 6617
31526 11 3519
13931 0 11210
10220 9 12289
31473 6 18929
18013 9 12289
1343 5 24396
29572 8 17492
10455 3 31989
1780 0 21990
17557 3 4249
30476 5 4709
12025 11 19973
23776 9 20942
16515 8 24620
23103 5 14973
21737 9 28011
11652 11 16887
28011 9 28132
18567 9 15273
20207 9 12689
14033 0 3782
1497 9 12689
21273 9 9509
14702 0 16326
9634 9 16309
12689 9 28011
8595 9 29411
10884 9 12689
9634 9 1112
31045 1 8679
18670 9 6954
30135 0 30096
6989 9 17816
21672 9 2375
9634 9 25920
33312 9 10227
4406 9 27628
19332 11 20920
18576 5 26568
19808 9 30337
29550 11 1310
14551 9 17054
6100 9 12689
12431 11 20814
28011 9 12689
30620 0 11030
22336 0 9736
30471 11 5871
19233 9 5742
21847 9 3231
12689 9 9015
11999 10 98
28011 9 14032
4801 9 12689
9284 9 30269
21388 9 2446
28910 11 15520
7064 9 28011
26609 0 16093
6297 9 9309
12362 9 9756
15400 9 4642
15437 6 29941
23466 9 24060
32554 9 19059
4801 9 25156
18737 9 9225
16268 11 16700
23386 0 10233
13210 9 3354
12867 8 2358
32993 7 24193
5304 9 16458
23196 3 9839
9439 5 11877
28777 0 29305
477 6 4833
22763 8 9409
918 11 22418
481 11 8134
6079 0 891
32250 9 31785
24009 9 9634
28011 9 15400
4701 9 11967
22196 8 2473
8670 9 28011
16268 9 4743
19906 11 13321
16167 6 12002
15256 9 7354
421 11 10220
32277 9 8759
6297 9 30564
7651 9 25516
6753 7 26377
6728 9 19211
25938 3 19224
5933 9 14691
1567 9 18670
19343 9 28011
12689 9 4647
8936 9 9185
32278 9 23776
24573 5 27291
8850 0 10102
18670 9 29953
28011 9 20535
22310 9 28011
20848 7 19784
28011 9 29868
2375 9 12383
25729 0 4257
19063 9 12289
33251 0 32246
31903 9 25615
6980 0 28333
12677 11 9635
11280 9 26315
20942 9 17798
1830 0 10368
6786 9 21257
10619 1 15969
24251 0 2497
27821 9 28011
30898 8 9049
6701 0 14813
23490 9 25222
30512 9 11130
3697 9 12689
18737 11 2377
24529 9 12689
26386 3 2759
23451 9 27386
8565 0 18235
16376 9 12689
23876 5 1853
2375 9 7999
19343 9 7123
31380 8 5279
5828 10 20226
1972 0 14338
10981 11 22449
18141 9 14214
9634 9 19211
1636 9 23780
12689 9 30024
27064 9 7155
12289 9 28011
85 0 9417
26172 7 4317
15521 9 28011
21010 7 71
15 7 33319
490 6 13308
28011 9 28011
11821 8 14669
12689 9 28664
12689 9 3955
5443 11 24960
1619 9 28777
25902 9 5825
16121 9 15375
1016 11 23590
906 0 30264
18857 9 17297
25315 9 28011
4497 8 9280
28883 0 28012
397 6 28812
30300 11 16895
32554 0 13049
10509 9 18018
13319 0 12719
18890 0 28459
18306 0 19969
20565 9 4543
28011 9 29445
29725 9 28011
31981 11 1425
10687 9 12689
30414 0 9049
28011 9 9634
18737 9 29411
1783 3 16383
2566 11 4161
28287 9 5742
13243 11 30942
28011 9 27226
28011 9 18471
3436 9 12689
21270 6 23721
20610 9 28011
27519 9 12689
30652 5 19874
20985 11 10641
27200 0 22062
13739 9 24023
6927 9 28011
9634 9 21273
32235 4 7819
4340 9 7223
2375 9 10235
6967 0 10175
25881 11 171
17539 9 9149
23687 9 12689
16492 9 4801
9634 9 6288
20878 9 30620
30726 11 13739
18582 0 9105
28011 9 31347
10923 0 16578
3715 0 3586
8281 8 10523
17110 0 29761
31893 9 14353
32023 5 22778
17041 11 31910
5565 0 21673
28731 6 7591
29161 10 27821
5686 9 12362
12289 9 31946
28011 9 14691
28011 9 24427
13493 0 7826
3959 9 12689
30797 9 20877
17698 9 29424
15014 9 32278
4036 0 5877
3958 5 25925
3231 9 29700
12689 9 12689
15633 0 1924
19057 9 22567
12689 9 28011
29232 0 3983
26982 9 3972
16064 0 10976
3138 0 16758
22908 7 17746
29092 9 8466
12289 9 21826
5772 0 8325
12689 9 18929
20790 9 18484
20038 10 31191
7808 9 12689
28926 9 24629
17366 5 4200
12689 9 10063
28011 9 27190
28810 0 30707
12121 9 12689
28154 1 6048
8091 9 12689
31560 0 33048
30360 9 1189
9954 9 20570
7972 11 28277
28444 11 906
27477 9 16902
18949 10 20482
9634 9 19211
31721 11 17224
26124 9 30425
28011 9 12362
12062 11 7501
3425 11 8317
28664 9 28011
25271 9 12362
707 8 26354
25949 0 3121
31209 9 20682
12141 10 17049
28063 9 28011
33197 9 4743
14531 8 30801
21588 9 4208
420 9 24114
4087 8 21565
3955 9 23984
9183 4 31271
3902 9 32252
24285 0 9151
1961 8 5131
28011 9 11193
13714 0 19391
24829 9 21670
17181 9 28011
1728 9 21672
12689 9 12289
28011 9 29076
18013 9 27700
12009 7 5157
894 9 17287
16888 0 440
3207 8 8004
26124 0 23116
1888 11 24964
12689 9 7493
7049 8 2092
19095 0 18058
7535 9 32892
28011 9 28664
28011 9 12689
32817 9 13127
5650 11 5281
3442 11 14201
1691 0 11240
29826 9 27365
7741 0 30211
24515 11 4126
14251 0 20913
7721 0 29060
21373 11 20920
23449 9 8466
22022 9 27683
16713 11 14242
12372 0 15545
29236 3 17000
27890 7 8142
14815 9 8009
15289 9 10752
11212 11 29990
31293 9 14480
19253 11 4553
12422 5 28765
16496 0 11936
28116 9 1623
25835 0 24019
15165 9 12362
2933 9 12289
9634 9 19211
27500 0 26378
9448 6 16811
22031 0 24075
14634 9 31209
16838 0 2757
2376 11 21981
25949 0 9190
20759 0 2930
24922 11 22130
12384 0 30657
4748 0 27884
4801 9 14214
14214 9 32250
5080 5 28308
11509 7 11509
29637 6 26644
13755 0 8544
24254 0 30566
12121 9 33191
26639 11 29903
12689 9 13739
3697 9 2055
22955 3 4695
22022 9 28011
1093 9 12689
8912 5 29153
22142 11 27046
26518 11 30207
10389 8 26409
13989 9 28011
11036 0 20009
29086 9 3769
8052 11 28416
12572 5 31492
18935 0 8681
1574 8 8286
32102 11 29194
26083 11 11548
10971 9 4801
30742 6 30209
5546 9 14691
2570 11 22031
31061 0 27285
26700 0 28839
33245 9 13638
19958 0 28298
13314 9 5742
31785 9 3354
21428 9 28011
22010 11 11012
7370 11 23243
11016 9 28011
98 9 4801
29968 9 12689
13252 0 4027
1691 0 21952
28011 9 30512
31113 0 30841
31989 0 30244
21273 9 9634
28011 9 29957
31389 6 18545
5917 11 9126
28926 9 4039
14214 9 12689
33067 11 2896
12689 9 1326
16888 9 15483
5325 9 22183
29311 9 7131
1377 11 32863
17664 11 22031
906 9 9457
31922 0 2549
12689 9 27930
23575 9 14032
32103 9 302
21280 0 16330
28011 9 7651
4014 9 858
20698 9 20698
24468 0 2293
18567 9 9233
1212 11 7688
26926 11 2832
15579 9 3709
9496 11 16044
22435 9 8123
12689 9 32951
15330 3 13697
134 10 20226
20015 0 18347
9957 11 10495
2633 10 21854
23997 0 29504
29102 11 28862
4249 9 21257
2254 9 28011
14480 11 19059
10178 9 27064
5276 9 16339
28011 9 6635
6112 9 1112
25710 0 28124
3671 11 31189
1691 0 15366
25937 9 6032
24517 6 2921
12689 9 2254
2968 5 12562
26138 6 21239
1621 5 7045
32252 9 28011
16492 9 9509
12882 0 13176
5742 9 5742
4695 0 16079
30000 0 29434
28011 9 7910
12689 9 8740
12957 0 27256
27420 9 20753
28011 9 17867
28011 9 31255
21898 0 14853
17919 9 12689
15284 0 32016
11943 5 8498
31061 9 4801
6375 11 17985
4590 6 5882
18125 10 9915
13487 0 28195
21864 9 21898
23639 0 17957
22990 11 6725
3782 11 14033
23075 0 3927
19050 9 31395
6765 6 13164
28011 9 23004
17411 5 33301
15091 7 1007
28011 9 5461
9244 9 12689
23937 5 25956
8563 5 8237
353 9 4014
7808 9 12362
5179 0 6432
3559 9 7794
29725 9 21057
28136 9 13048
687 9 29411
11762 9 30294
16287 9 7155
30793 9 28011
1543 6 10437
25070 9 7064
29052 6 9903
9990 0 20665
7695 0 3134
20840 9 12689
20942 9 24396
13750 9 31123
9602 11 21824
5209 5 20503
3448 9 8151
23404 11 19205
6273 9 8657
8555 11 11097
6435 11 9963
9634 9 28664
12689 9 12689
12689 9 11970
30797 9 30797
12121 9 9396
11346 9 9634
24829 9 4633
12689 9 12289
22609 11 17724
26690 7 28460
28011 9 27660
12689 9 4801
32405 9 8523
512 9 30953
5742 9 5742
28011 9 9020
12023 6 15245
14565 5 24542
19237 0 31419
5985 7 32884
22515 3 4249
5 8 12170
12689 9 28011
1920 5 1918
4888 9 13551
4801 9 12289
17671 11 32673
6008 2 29417
12689 9 26377
19033 11 22990
8850 0 7015
28011 9 12844
4249 0 16266
9193 6 13068
28011 9 28294
23382 0 5264
8818 11 22628
23626 11 25107
1815 9 12689
9823 9 25129
9208 9 29307
31341 9 23575
27786 11 20977
28259 9 11462
4562 9 14273
18482 0 6200
21937 0 18615
32235 4 5740
28764 0 2399
1112 9 9015
1396 11 30774
2377 9 27854
12689 9 30797
27477 9 28011
172 11 33305
10817 9 26571
32445 0 25565
13697 0 11316
23839 11 9617
9018 5 5598
9457 9 12289
28011 9 420
9208 9 3914
24469 5 3676
18141 9 2018
20826 9 4049
27519 9 25821
9634 9 19211
2732 0 935
2161 11 24616
30564 9 32897
19847 11 14824
9636 9 21908
12810 2 27762
3914 9 8657
12689 9 7948
24272 9 2327
27420 9 12689
24829 9 30797
17805 9 8372
25803 0 3336
30512 9 18857
15349 0 6696
22251 9 28540
12689 9 30915
25560 9 15017
18898 0 19457
4532 9 29968
29652 11 30834
21801 11 19927
98 9 25615
7205 10 6008
13018 6 15871
31310 11 32554
29382 0 19122
12289 9 12289
14662 0 3164
4049 9 8151
27510 11 32863
12689 9 2296
12188 9 906
9634 9 13625
9929 8 17735
14699 11 4536
4208 9 18141
12689 9 19446
3276 10 6008
19662 11 8095
21445 6 15967
21890 11 23391
5742 9 9954
25315 9 4801
20776 9 28011
14327 9 28011
24920 3 29977
4801 9 10038
866 9 29022
6414 9 28011
30466 11 3535
21353 5 15846
31061 9 4313
33243 9 18723
27956 1 28154
32948 9 9397
26623 9 29032
21109 11 4536
12689 9 6016
19059 9 28011
12720 0 14032
20217 11 5127
485 0 17844
2493 11 28249
30935 0 24957
30087 8 11790
24758 3 24441
4249 0 25138
12689 9 28011
26658 9 28540
12289 9 28011
14184 9 27892
12289 9 1112
9881 11 16044
12689 9 19504
29796 9 12362
12803 8 8753
17820 9 24907
25358 0 24207
9754 0 30751
2254 9 12362
25599 9 28011
31514 5 29349
30049 9 13808
15887 9 18013
1691 0 8181
11643 9 2254
31366 9 9756
11128 0 25241
15893 0 4151
12689 9 3569
18935 0 11156
6950 9 29280
10959 9 19690
19615 11 29045
28493 0 26374
6200 11 16337
4801 9 19732
4743 9 1714
20362 7 24343
6484 7 14158
33245 11 12341
32592 9 8466
17911 11 13765
15160 0 30334
28777 9 438
6008 2 18105
22178 0 4319
3273 9 6403
14474 9 12689
23230 11 24956
15400 9 5639
21222 11 27474
30258 9 30258
7131 9 28011
12362 9 20513
10796 9 5238
32356 9 9529
13970 0 1756
28202 8 14550
21101 11 24673
7068 9 14308
29953 9 28011
17064 0 27156
6100 9 28011
28011 9 12689
3231 9 6120
16769 11 18936
28482 0 9441
27116 7 911
28650 9 32429
21321 9 29062
10381 9 15375
11073 5 9677
16071 5 27544
20591 11 20576
16968 9 11462
32543 5 12169
22475 9 25206
21462 9 28011
3821 11 10796
9552 0 1356
30758 9 31064
16496 0 24150
21273 9 17463
12798 5 25234
32951 11 13008
2364 0 29058
19211 9 12689
3447 10 28449
1452 11 13060
3245 9 29998
26036 9 12689
27794 9 27532
4433 9 10846
21273 9 2375
12689 9 23449
21273 9 4942
8357 5 8607
18134 6 32815
25772 9 32250
535 9 2254
19384 9 28011
7519 9 13131
26267 11 17491
14019 0 5135
7808 9 21864
21273 9 23877
30301 2 16653
10816 11 16044
27094 9 22182
98 9 12689
22982 9 4665
28011 9 30726
21421 5 25364
12115 9 4801
24093 9 19517
24529 9 16121
29413 9 12689
18670 9 202
26340 9 10995
13384 9 19050
12689 9 6821
19204 9 13832
29000 0 12542
28651 0 16716
31904 11 20844
32254 9 11157
28011 9 7901
9634 9 9126
8407 9 3569
31946 9 31946
21273 9 8464
12689 9 1900
1623 11 22526
31946 9 28011
31942 9 11156
12480 11 10931
27519 9 20208
28011 9 28011
21240 0 30698
3354 9 21388
18207 11 7711
16137 0 2232
9756 9 15489
5119 5 1956
16268 9 31332
2254 9 9756
31852 11 1162
31291 5 2825
15895 5 21341
14530 0 14318
23772 10 6008
2254 9 33319
19894 11 30278
14832 9 21462
2375 9 264
2528 9 28011
1952 9 21196
14530 0 14072
9529 9 1680
33319 9 7808
6455 9 26429
28011 9 26008
11029 9 15858
17064 0 30683
23034 9 28011
12689 9 1486
22982 9 12689
10013 5 15051
3697 9 27519
18737 9 21321
20513 9 28011
13741 9 15984
1529 11 26111
906 9 28011
23769 9 32561
12183 9 24427
19033 9 13489
13037 2 30786
9419 9 28011
1207 7 18633
11980 5 15626
28176 11 32863
27504 6 10581
13210 9 25156
16121 9 32575
906 9 28805
6100 9 6100
2350 0 22252
28011 9 4801
13796 9 30797
5413 3 31075
16309 9 227
17963 8 29987
10523 9 28011
28011 9 29280
9245 0 7507
23480 11 15842
19384 9 12689
19050 9 28011
18723 4 28379
8466 9 6711
23282 0 30172
12689 9 31088
18220 1 12860
24851 0 16913
19048 11 11807
12689 9 17748
32738 0 18851
30688 7 14259
12289 9 33177
16365 6 19870
353 9 866
15584 9 6314
26568 8 8297
3277 9 29140
8623 0 12599
4014 9 12689
10154 11 16496
12689 9 4405
10846 9 12689
22251 9 13977
22103 11 13359
8896 5 28197
4801 9 12362
10141 10 31191
9550 9 13313
1115 9 10178
19772 11 2364
28011 9 2938
25292 11 22705
4249 0 14051
14976 0 22941
21908 9 29080
26483 9 28011
21494 11 25070
10641 0 26346
16998 11 32025
3914 9 17934
21667 9 8904
4375 11 29195
12411 0 30762
17976 11 15012
12689 9 4743
24154 8 4476
19938 0 31407
16227 6 3697
10893 9 4014
28449 2 6423
7354 9 4839
31513 11 5696
30417 5 16303
22786 3 7018
29700 9 27187
21273 9 165
9412 8 12435
1221 8 29694
3560 8 15275
25337 7 6098
25685 0 19099
71 9 8935
6078 11 2164
29068 11 6003
13361 9 11147
6100 6 31844
21321 9 866
605 11 7877
12689 9 24396
24888 8 11543
10314 8 9838
10523 9 29038
6032 9 17539
10883 0 20410
13131 9 22997
7695 9 28011
29391 3 16620
23575 9 28011
12689 9 6100
26982 9 12689
7808 9 23466
2375 11 8241
16492 9 10904
3901 8 18464
8752 11 3558
24323 6 32358
1112 9 31151
5616 11 21981
26124 0 28695
6329 6 33172
12689 9 25222
28777 9 12689
26899 11 23781
16605 11 7452
31922 0 20942
587 9 27821
18988 9 28764
24374 0 18671
30439 11 19519
13739 9 28130
29791 11 32440
12689 9 32885
21348 8 16616
12689 9 25564
17226 9 13667
23789 11 24839
13990 11 31017
28154 3 4249
14878 9 31946
858 9 12689
8841 9 31148
28011 9 14184
2265 3 13697
3703 5 1922
12689 9 31946
10262 11 13714
1567 0 12485
19938 9 12390
20894 9 33211
906 9 7613
28011 9 27953
3336 9 28011
30434 9 12689
19059 9 27013
16665 5 32720
33311 9 12635
30685 9 10785
21317 4 18887
1310 0 313
29679 5 9751
4488 9 12689
1548 7 8253
6112 9 28011
20914 0 25647
29407 11 7711
13943 5 24484
25315 9 13236
24942 9 3955
29411 9 2375
4249 0 22619
12689 9 23769
32949 0 7048
15375 9 32138
15273 9 18567
29265 11 30414
12689 9 24152
16724 2 16304
25837 2 5618
25552 9 28011
23262 0 5254
170 11 15225
2220 1 21851
14419 0 5663
25269 11 2538
26001 6 19748
19276 9 32250
16174 0 150
28462 2 6566
11274 1 975
24060 9 23004
31722 11 3720
29321 8 30729
13187 9 19276
6270 9 20840
23058 9 12689
19276 9 10509
9854 11 13219
29311 0 6555
32143 5 5383
12689 9 9557
32467 7 2417
7808 9 20884
18723 4 28379
13207 11 4030
12689 9 4905
32668 11 13231
5325 9 9419
22699 5 8237
18529 0 12859
5050 9 18013
12289 9 12689
13697 0 31828
31926 11 25267
16339 9 28011
10884 0 21749
13832 6 2196
12689 9 12289
12289 9 16888
10934 0 17069
22317 9 12115
18200 0 21603
1856 9 12289
29028 11 18384
3697 9 28777
29184 2 25425
4801 9 3955
28011 9 29041
25624 0 19075
28011 9 24458
15327 0 2027
30172 8 15879
21771 8 32335
9548 9 1356
29129 9 2375
19149 9 12289
21824 0 12450
21276 6 27895
7306 9 27512
27560 9 12689
27630 0 31397
12689 9 27566
23449 9 30797
9419 9 28011
11106 9 28011
28011 9 2538
2504 11 308
32215 9 19211
28011 9 28849
18713 11 23673
17226 9 697
12689 9 2708
32388 0 27014
28011 9 16684
25821 9 27953
28011 9 18641
27151 9 21437
4249 0 11238
23449 9 28011
8160 11 5683
1467 11 21459
30360 0 6609
19074 0 32585
32975 10 20226
2432 5 2688
4633 9 4801
4193 9 8466
8097 8 31537
11195 9 3697
7351 7 12968
4249 9 18988
27477 9 31017
31113 9 28011
6578 9 11807
24484 4 320
7618 9 4161
27054 5 8786
18425 9 8107
2375 9 27226
8514 6 26377
12689 9 11117
27083 1 17457
18737 9 28926
17254 6 12563
32553 9 12689
587 11 5618
24375 9 28011
906 9 9823
30993 7 1680
10047 8 28469
9634 9 21864
31065 9 7711
18096 3 15773
3313 11 28248
29671 7 11526
28327 9 12689
28072 5 11957
6361 8 18955
27976 11 20924
276 9 1112
20281 9 17576
12689 9 24891
28946 9 4801
9309 9 27187
8385 11 20814
27015 9 13832
4292 5 21127
3200 11 26519
33280 3 4249
30269 9 18013
12689 9 6578
7221 11 30779
14289 9 9194
28365 0 24128
13150 8 31801
32892 9 27094
12018 6 17451
8390 7 33329
33145 11 32180
23986 0 14175
12689 9 1543
9213 0 3590
13372 5 1601
9285 0 21316
13479 10 27386
20033 9 1189
12882 0 31777
23999 9 2674
4950 3 22153
12689 9 4637
13697 1 7780
33084 11 20742
2933 9 15225
10671 11 25710
16679 1 21255
12689 9 12362
25315 9 17798
1728 9 12689
15543 0 27050
24979 8 28205
25554 9 24942
23680 11 323
1567 9 98
19176 11 5281
22310 9 28011
26982 9 9208
20894 9 29194
12289 9 4249
30281 9 18239
5036 9 26036
14007 11 19259
7314 9 2875
27634 11 30726
8356 7 24484
32525 0 13665
9823 9 6100
98 9 3231
30244 9 25197
12689 9 14807
11222 11 19524
1728 9 7651
395 11 20813
12689 9 12289
9300 8 20681
2666 11 3167
25183 11 31309
30446 9 21556
17519 1 1364
9839 0 31891
28011 9 3914
14813 11 6701
17049 9 353
22331 9 28890
14106 9 28011
28011 9 13189
20175 8 8898
3502 10 27644
30115 9 10644
4764 11 16888
6728 0 12943
1659 9 11548
32402 8 941
28011 9 13697
26982 9 22435
29927 9 28011
30531 7 17511
3972 9 163
16018 7 143
19896 0 18976
15716 5 7202
21478 5 18930
16492 9 6100
28011 9 28540
32598 0 23067
10251 11 22119
17957 9 4801
28011 9 24907
16309 9 18737
5318 8 15508
18988 9 12362
24651 9 28294
19650 5 20748
4647 9 29062
9634 9 19211
25555 0 18360
30833 0 10159
28011 9 9669
9145 0 117
14419 0 32138
23855 9 32307
29700 9 12689
27660 9 5465
10150 9 7791
9902 0 3863
31917 8 2862
12845 9 18326
18557 9 16378
20855 6 16132
20513 9 23855
13481 11 3140
7649 11 28404
28623 10 20226
2268 11 32016
6100 9 5995
19826 5 849
13587 0 33146
12289 9 23575
22108 11 9902
13603 0 9744
10033 10 4937
32638 11 33208
30779 9 15393
25315 9 24907
8327 7 1093
227 9 32414
327 10 28449
13022 0 658
6160 5 20786
1282 0 9392
17798 9 16888
14592 9 12289
32705 11 11045
6066 11 18326
18215 11 25110
1310 0 27954
21321 9 9353
15682 9 28011
18425 9 8740
16357 0 9879
9509 9 10509
28777 0 2933
12289 9 28011
33040 11 23934
20513 9 23855
29088 0 32517
15187 9 12362
12016 9 136
118 8 508
30171 11 2422
14214 9 18936
6711 9 12689
24839 0 32989
31087 5 27695
6771 11 13126
31150 9 18425
22031 0 32447
12689 9 9954
3231 9 6902
6410 9 4637
21908 0 17702
14543 7 12689
4905 9 12689
17655 0 22394
33311 9 16684
24272 9 17817
28011 9 13667
748 8 14906
32994 0 25141
19789 11 25070
27606 9 3747
6074 5 22542
13493 0 17812
8061 9 202
31934 9 23370
20146 9 4801
21177 9 22123
12689 9 6994
11213 9 15273
31128 8 23910
23494 3 26124
23601 0 32110
27806 9 21908
25294 11 1735
12689 9 1137
9669 9 25197
302 9 28011
14862 0 32964
23449 9 10227
32711 11 28777
11309 5 26870
11725 9 12689
30772 9 19415
8134 0 481
29637 5 12208
9935 9 30269
14930 9 14878
4567 11 29700
24359 9 15922
20925 9 7329
25223 9 7314
17436 6 830
2402 9 6923
23449 9 24527
227 9 19050
4801 9 28011
25906 10 6008
29958 9 30797
18995 7 22971
12121 9 28011
2365 5 25321
17436 9 9634
19884 9 20770
14625 5 9444
17748 9 7910
27477 9 28011
18714 9 5157
9379 5 25671
16829 9 4185
23411 9 12689
6635 0 22860
26335 9 27964
5665 11 23262
22488 9 13131
20226 2 23186
26442 9 9225
1112 9 8936
71 6 36
5403 8 4693
1697 11 17880
12689 9 12289
30171 0 24155
1378 8 11059
21937 0 25735
20095 9 12689
3524 0 26564
4165 0 2978
12689 9 19690
22541 0 5438
6895 8 13790
16895 0 20602
1788 9 11643
27924 8 8629
7871 0 31969
7785 9 2375
2949 0 31784
13583 0 32916
9717 9 28011
10826 5 27586
4161 9 12689
12021 5 17465
32250 11 10570
21780 11 7131
17689 11 5966
14296 1 8379
18193 0 11216
10817 9 12689
27064 9 13131
25914 11 21723
29134 9 31348
24105 11 22282
27749 6 9323
98 9 98
3877 5 6062
28777 9 3972
7866 0 27042
18151 0 22104
18537 11 4217
10138 5 32070
16121 9 12689
22324 9 24285
13578 9 28011
13049 9 7808
24706 9 1112
11961 3 13493
12689 9 25426
25565 11 32445
5887 11 6385
24306 11 31060
12689 9 3801
23695 8 3141
28011 9 28805
10220 9 10931
12689 9 28011
32897 9 8466
28634 2 8338
8936 9 28011
20770 9 8374
12689 9 4039
1112 9 9329
21863 9 32513
13697 9 6391
19033 9 13131
12689 9 12689
6796 0 27165
13832 9 10135
28011 9 7057
25084 9 28011
29038 9 20828
16309 9 21908
16121 9 12689
10811 5 24299
20093 1 28424
28011 9 12016
18929 0 17405
10529 8 6791
25472 0 26032
17025 9 15579
12188 9 12035
3525 7 28711
28011 9 4743
3245 9 28011
28011 9 16378
20200 11 30109
28011 9 15996
5838 8 30741
3354 9 4185
19211 9 33245
6008 2 27033
723 0 30654
20770 9 12689
32797 9 20019
12689 9 25715
20718 11 14132
22724 0 28281
16447 0 4057
27821 9 8241
22683 9 3697
5237 0 32419
2007 9 4489
28926 9 9669
16093 9 2375
1665 11 23983
28011 9 29076
18013 9 29086
28011 9 28805
6818 9 28011
4270 11 15966
12689 9 28011
15291 9 1567
15349 9 12362
13280 0 10784
7592 5 18560
28011 9 3127
6635 0 23290
2042 11 30852
4801 9 29796
24975 6 25959
5337 5 22885
25043 9 3336
18714 9 31785
24811 9 12689
12289 9 2708
3935 11 30414
13236 9 9438
5157 9 5157
22176 0 22055
27187 9 12689
22708 8 29385
18779 0 16086
6908 0 29775
1868 11 13252
16354 9 2375
1649 0 33133
22131 0 31320
22796 9 12826
20718 0 1481
11382 11 30852
24897 9 6985
4647 9 28011
25224 5 5518
32573 7 30695
32016 0 7035
2708 9 4185
12362 9 3697
6003 9 29750
27566 9 12105
29616 9 8657
21574 9 17139
21826 9 20513
12390 9 29062
20769 7 21773
14977 11 31946
28011 9 25902
32863 0 23919
13131 9 12362
19211 9 9634
27333 3 27259
16919 9 30258
18326 9 23390
1173 9 20513
32396 11 5980
21273 9 33311
10779 9 20513
20942 9 858
3314 7 7858
4193 9 19211
16838 9 13236
466 10 18760
21121 0 26445
31783 0 5995
4615 9 12689
4249 0 32584
6032 9 32943
31498 11 7681
27200 9 8595
29976 0 2039
21672 9 27226
14990 11 24733
14718 9 12689
28938 9 13168
27024 9 12689
14530 9 21898
31251 8 1542
16465 9 31797
28664 9 4801
17170 0 17329
28011 9 16492
5742 9 12188
23277 9 15349
4632 11 2366
27187 9 12689
12689 9 3231
12193 0 26133
12689 9 25937
28228 11 1693
6319 11 1310
28332 0 11639
19909 0 12085
22764 4 10702
14815 9 18951
1173 9 30674
16968 9 31806
24370 8 9480
22665 0 32434
7205 0 21757
27892 0 25337
14384 9 20884
1112 9 2375
12689 9 9419
9634 9 4801
6173 11 15324
12289 9 8473
1050 11 32353
7223 9 11807
20890 0 10871
25310 0 13183
6100 9 9823
33191 9 15489
24506 0 3104
759 0 16435
29411 11 30135
19216 9 30674
31393 9 24125
12289 9 5397
19478 9 18013
3161 0 32178
1310 0 24848
10396 8 15595
3965 9 12689
28011 9 2535
14000 0 31143
17698 9 26429
18737 9 866
6008 2 32601
12689 9 17934
22724 0 13897
30826 7 846
17867 9 9432
15984 9 906
1555 9 13894
28011 9 16684
1108 11 20010
12511 0 32498
1728 9 4647
24459 11 20069
10901 5 22629
25197 6 4340
32891 0 21363
30516 5 22471
15964 11 21428
21429 9 21672
27910 0 24324
21425 8 23562
15489 9 3245
16038 9 12689
9419 9 12945
26695 9 31979
4665 9 23110
19383 9 4293
3354 9 8968
19467 6 21072
30785 9 1522
21332 9 31942
6708 9 19130
10156 9 12689
2500 9 28011
5736 11 9507
14610 11 31709
16121 9 12689
33311 9 33245
13790 8 28117
14169 5 17222
1112 9 20959
31760 11 14987
29184 2 33052
32302 5 19802
10252 9 25315
12689 9 8405
15559 9 4801
29700 9 3697
4762 1 8542
28011 9 5463
12689 9 15489
9931 9 14808
4801 9 8466
19732 9 5157
31061 9 29411
5577 11 18580
10846 9 28011
20795 0 28528
28692 0 29271
25635 9 28011
4407 9 22488
25315 9 9634
11489 0 1890
27024 9 12016
8595 9 12112
30082 0 13700
10796 9 12689
12188 9 22869
4706 5 2075
33245 9 12289
18346 5 31931
14598 8 689
28011 9 4743
12689 9 15105
243 0 14776
16802 3 22600
27024 9 9740
31891 6 21995
682 0 17943
25779 11 31515
32235 5 12208
2254 9 12188
28101 8 981
1375 6 16873
32304 11 27079
8758 11 4080
22217 5 15631
22563 9 13534
3972 9 12383
7306 9 28011
8980 11 4152
4839 9 8466
12689 9 15400
12775 11 2603
5491 9 12087
28777 9 6414
19049 0 8432
28011 9 14106
28011 9 28540
9419 9 12689
13145 3 16646
24285 0 30981
9362 7 24629
2938 9 30281
21927 6 21927
11711 11 13832
12638 10 20947
28963 9 21453
28011 9 7386
12689 9 5427
17583 8 704
10588 6 32159
23389 0 21905
7910 9 5440
21937 0 11284
28648 3 9839
28011 9 23449
28154 9 23411
12282 11 32863
14824 9 9634
18936 0 13602
31785 9 32235
27884 9 12362
12689 9 4801
28011 9 9634
12689 9 32252
16465 11 6956
1339 9 23148
27561 8 8692
16826 3 4249
30833 0 18665
26001 9 26124
14777 6 24984
12362 9 3697
30697 7 12931
9416 11 10814
23877 9 28011
9456 5 22005
3440 6 31896
16238 0 1398
31548 0 5866
1078 11 18582
30387 9 19072
28011 9 28011
18228 0 15640
9419 9 9529
19343 9 12689
32899 9 5210
17218 7 13832
13832 9 23855
9487 0 23154
6906 11 27660
1909 9 20734
11980 9 4801
8185 11 14976
20612 0 30438
15880 9 32585
12689 9 28011
22282 0 6484
9756 9 2375
32235 4 10708
28011 9 27892
13864 0 20913
6910 11 6902
26110 9 32252
12689 9 30384
18822 9 12689
16838 9 27226
19932 11 30111
27017 0 15327
1112 9 21908
20140 11 3409
15128 11 17256
26429 9 21826
29150 10 3808
27660 9 7695
23458 9 8363
7160 5 9789
28011 9 4801
28011 9 23633
2375 9 12689
2620 3 9276
4589 0 25178
7563 9 12689
13894 9 13131
2345 9 10884
5062 0 13518
13578 9 21574
2375 9 22488
22124 11 4580
12689 9 12689
9634 9 19211
18096 3 23252
24547 6 33218
30433 9 12689
25070 5 2230
15471 11 6786
3628 5 21486
2455 11 28225
29106 2 11539
16646 0 12869
7225 10 10667
7146 9 28011
15995 5 7873
12689 9 12362
12132 9 12689
9419 11 20615
29141 11 25633
19140 5 17664
30175 11 32863
6902 9 28011
6008 2 27421
13551 9 12689
2708 9 12689
14620 0 11586
21761 9 13131
4378 0 25387
12289 9 3955
7241 9 98
31946 9 8414
18105 0 5419
3855 8 25596
15558 1 3726
25249 9 2600
13314 0 71
17111 8 5714
18784 11 25772
12689 9 25315
12689 9 21847
21021 9 12188
4249 0 21204
12689 9 12289
12689 9 13714
7131 0 3858
18768 0 17009
2886 9 25196
29305 9 9149
14184 9 20163
4954 11 23691
7527 10 6008
9954 9 12689
24517 9 12689
12689 9 13493
24651 9 9634
6786 9 2336
20555 7 10509
22684 5 1378
12689 9 26001
20649 5 6220
906 9 441
24888 8 11349
28635 0 18585
10509 9 24517
33311 9 12689
9712 11 33094
21822 5 3685
20279 9 21907
15182 0 5841
19464 9 5768
32554 0 31092
3620 11 7688
25070 0 18975
16242 5 1514
21273 9 30797
22318 11 291
9285 0 23492
24936 7 22065
23877 9 858
7560 5 3901
12689 9 31448
641 11 31134
7272 9 6100
4405 9 9634
31146 8 1008
15816 9 9419
2708 9 31994
9717 9 21556
21984 9 1623
30269 6 7235
12383 9 23466
32104 9 3662
23277 9 31782
32551 11 30822
22367 5 18074
28011 9 27477
3808 2 30409
2108 5 12609
3769 9 17944
727 6 17322
15144 7 4030
17193 11 25092
12383 9 12689
25777 8 18920
16363 0 20787
29129 9 8759
14251 0 21885
20019 9 28011
3856 6 23506
14736 0 22668
9825 11 17219
21021 9 21556
12383 9 28011
6635 0 4404
28600 9 21021
3909 7 21926
18840 5 11957
20402 0 30719
1788 6 1782
1788 6 19276
16838 0 28654
28011 9 12689
27126 5 18131
28715 0 3599
13854 0 24392
21908 9 28938
9878 3 11085
11756 9 21672
7022 0 21246
27104 9 25156
29793 9 16888
21908 9 24829
26295 0 17850
5658 9 27566
30674 9 12689
22370 11 22034
20813 0 17233
25714 9 11999
27639 7 21481
12689 9 6944
30168 0 20122
4839 9 4801
25181 0 32782
1451 9 3709
17195 11 32525
2185 9 4801
12187 11 11695
26250 9 16435
19893 9 29083
28926 9 14884
23599 9 11193
22183 9 28011
7242 1 27618
25426 9 19211
8076 0 621
27139 9 28011
22047 6 22656
20200 0 5546
2933 9 23877
5375 9 6398
23451 9 18737
20958 9 21021
28063 9 28011
5207 3 4182
12362 9 5686
20657 11 9279
14872 11 26724
6711 9 12289
4647 9 12289
28011 9 4030
9668 5 31373
8595 9 18013
25137 8 23966
71 9 16309
28011 9 19033
31989 0 506
9669 9 8514
13493 0 3053
12689 9 28011
21603 9 1112
8281 7 29306
5521 8 3810
28245 0 8446
22222 11 16044
28375 2 4562
28044 5 5854
24839 0 5970
2375 9 15520
15517 7 15517
7314 9 33266
32853 0 14686
1434 9 12289
25205 0 32371
20947 9 24427
9457 9 3972
14033 2 8199
19043 5 5095
13679 0 24861
31934 3 31955
22031 0 25534
32592 9 21847
938 0 11135
18223 6 9041
21956 0 317
3966 8 26786
5490 11 2238
28011 9 2185
28011 9 17805
12689 9 3111
24409 3 27284
26640 11 15521
4249 9 535
4807 6 23016
28011 9 12289
11828 2 5467
1994 0 16953
6811 8 24221
28011 9 9144
16912 9 7145
9365 0 17335
18324 9 25524
5995 9 12689
28011 9 15471
29581 10 8323
22724 0 1634
22435 9 2375
17755 9 6289
13529 7 28506
12172 11 2918
1975 7 26138
2869 11 6943
4161 9 11193
12554 5 4733
9329 0 21882
31285 9 28011
12689 9 7131
12689 9 21761
3079 11 16044
21956 0 14332
12340 9 19211
27172 11 21824
22031 0 3251
175 9 28011
4489 9 11800
873 6 13763
17729 9 12689
31189 9 26132
28498 5 19840
29177 2 19678
22776 11 24044
20159 11 30162
3245 9 4801
25794 4 23400
27986 5 21220
9632 11 13602
16004 8 108
26887 5 29369
18163 0 31395
16990 11 1780
9816 10 14655
24140 0 5863
24374 0 2530
849 5 21576
12689 9 25315
8185 6 14454
8332 5 14531
906 9 4801
5427 9 21335
15794 0 9019
30337 9 12689
27052 0 24330
4959 9 25772
4522 8 17500
12689 9 4944
10178 9 18929
13236 9 17307
30797 0 7355
12689 9 5465
4557 0 14844
9669 11 29927
26442 9 11712
10890 11 9320
27028 9 12689
12689 9 11157
15003 9 27658
5461 11 30941
30000 0 18146
28011 9 9284
4801 9 27669
19059 9 25958
13131 9 28551
29385 9 6848
17197 6 24631
19127 9 21437
29129 11 30318
21839 11 26857
28154 9 32281
28011 9 17539
28627 9 25833
16375 7 16394
12188 9 30726
23004 9 21370
18907 9 21273
12689 9 12289
18081 9 1067
2918 11 9250
12689 9 26036
1635 9 28011
19245 0 1115
32570 11 19984
3584 0 32775
12689 9 10846
11585 11 10796
22890 5 16810
12994 1 31045
21166 11 4599
8460 3 26124
28011 9 12635
10247 0 19295
6510 6 19431
2487 9 26982
17797 2 1697
33191 9 12689
12362 9 12362
12689 9 28777
14614 11 25544
23088 9 2375
4839 9 30434
29827 8 30011
25593 5 2316
7910 9 12689
10135 9 2375
14602 11 1735
1112 9 28011
4405 0 15284
4562 9 8473
27583 11 27146
22125 5 28216
12882 11 19690
9634 9 20019
17817 9 18737
13913 7 720
26564 9 28011
22848 5 21942
9634 9 21273
31288 11 10982
26877 9 25852
1806 9 25222
23480 7 24629
28980 11 10591
29062 9 17319
4249 9 7948
19229 9 17816
22851 0 16056
28011 9 3959
25715 9 12689
9634 9 19343
8791 11 1985
31501 8 2476
4433 9 28011
16238 0 32920
3041 9 12289
18425 9 31903
11791 5 27007
28011 9 21629
3373 11 16641
28011 9 19059
12689 9 28011
20269 7 17433
19143 9 5645
12804 8 20863
6943 0 16032
16121 9 27519
7234 9 4249
31142 11 27772
12689 9 243
33127 11 26323
11725 0 19027
28699 0 21389
28722 11 2956
7321 0 17311
15167 7 31548
12689 9 15284
248 9 5904
28011 9 33252
28282 0 6094
12046 0 22504
7612 5 14616
19808 9 12689
9893 7 4367
31379 11 24932
24501 9 13131
20513 9 13583
4694 9 1944
15484 0 19721
24547 0 24563
23266 9 7554
31113 9 7532
12689 9 28011
30269 9 28011
30278 0 31309
3619 9 9432
20884 9 29725
27821 0 25414
27137 9 9468
23371 8 694
18013 9 7272
8541 0 29083
27798 9 6289
3972 9 13375
20211 11 11085
30674 9 28011
25753 11 20523
12689 9 18013
7464 5 1314
12794 9 21879
3606 0 32785
33311 9 2938
12689 9 329
5428 7 10737
16779 11 15821
23776 9 25315
15662 8 20333
6976 11 11878
9347 11 30421
12794 9 28011
18557 9 29793
31075 9 25582
10104 6 17671
26981 9 27024
3885 11 19217
7785 0 23506
21372 0 1335
22071 11 24509
26046 6 32533
12470 2 4534
29232 0 3738
30010 9 20958
27910 0 24966
4521 9 28063
19079 0 423
20447 0 27382
5440 9 28011
4377 7 24491
4712 2 4778
18861 6 15694
4249 0 23168
2185 0 26113
31016 9 12689
31080 8 19181
4044 0 13902
28960 9 3979
12689 9 11148
32673 0 11360
25867 1 32079
7953 0 29285
23243 0 23018
31729 8 19598
9213 0 23902
4044 0 30590
25770 9 28011
26835 11 4819
18929 2 7661
9634 9 28011
4743 9 17054
28818 5 17415
12587 8 5258
10135 9 18929
2375 9 10971
30318 9 21021
13888 9 4900
10507 10 18304
9353 9 12689
27191 8 12005
25485 0 10854
26505 8 15286
12689 9 19732
5456 0 26293
5009 0 13732
27477 9 3336
16867 9 10227
12689 9 28011
15379 9 12689
12689 9 5248
28777 9 12289
3697 9 28777
8137 0 17987
2375 9 1067
24081 11 4536
3769 9 18740
4249 9 12046
18304 2 19866
24851 0 31524
3637 11 4750
25238 3 16838
28011 9 19337
25494 11 4743
175 9 28011
6700 11 15579
15393 9 1482
21672 9 24860
4489 9 12362
15225 2 27680
1249 0 1656
22031 0 28091
2938 9 4801
6032 9 25771
12689 9 9634
17049 9 12689
20550 11 16496
27907 8 14102
12289 9 29411
17673 2 23202
29700 9 18714
9457 9 27477
12289 9 4532
6617 9 15887
31566 8 20712
15750 0 29686
11248 10 22406
3245 9 4801
31651 8 10696
12342 5 9483
15564 11 22031
29868 9 26377
22113 7 23567
5729 11 20844
32138 7 16255
19861 11 32686
8264 9 2557
28664 7 11608
25710 0 9383
10572 11 10170
2385 0 32762
19433 0 24237
26084 9 3801
21057 9 12689
5889 0 13579
17922 11 8789
32429 0 4568
13189 9 26506
28011 9 27660
3972 9 23390
2933 9 12149
28506 8 30772
20575 9 22251
25710 0 9240
27104 9 23159
1362 11 21981
17347 8 10597
8041 9 14214
20804 0 16649
19025 9 26305
1758 11 1336
30915 9 25308
12289 9 14878
28011 9 20884
12383 9 16161
7297 9 27892
19802 8 4122
3697 9 12289
28011 9 19732
1838 8 25075
26833 11 12090
17867 9 31242
28011 9 7910
21602 0 30322
32417 0 7535
32863 0 15798
28011 9 28063
12689 9 19276
28011 9 4249
5637 9 10931
4408 9 1482
28011 9 844
8789 11 26981
7223 9 7326
1093 11 4598
28063 9 3231
12324 7 13018
10733 7 16079
7808 9 18193
6737 0 23574
5130 5 31968
15316 11 11253
24829 9 9634
28805 9 26429
12689 9 16888
6786 9 12689
4801 9 12289
2033 9 15762
4801 9 11618
8811 9 12689
23781 0 18117
26248 0 29389
1553 11 14572
25477 8 26847
4139 9 28011
11426 0 20805
22435 9 9144
11725 9 12689
12289 9 12362
6475 11 21824
19149 9 12289
30760 6 9953
1276 9 13236
20095 11 5463
8402 9 30662
6578 9 27477
9262 9 4764
32186 0 11903
15415 11 8859
28119 0 5444
9798 3 2137
3977 8 15846
15694 0 23273
18471 9 28011
29714 11 10801
29090 0 3897
11605 6 32903
23388 5 11011
3173 11 24448
31823 11 13110
23575 9 12289
15138 0 24231
4249 0 26777
3391 11 27386
12689 9 6818
14479 9 25084
25156 9 18670
12689 9 13099
21550 9 28011
30083 0 16504
14464 11 25070
8137 9 24829
1691 0 30898
12362 9 12689
16287 9 12689
14327 9 23877
10796 9 28011
23732 6 20999
2182 8 28258
29998 9 19211
11083 9 28011
25659 9 18359
26088 7 9754
31157 11 26045
30833 0 27602
23282 0 947
8850 0 26783
28011 9 12689
27697 9 3354
23266 9 23449
33062 0 6418
32358 0 9941
4249 9 28011
18331 9 31979
3336 9 23034
8100 7 7977
18936 9 21629
28011 9 25537
8168 11 20055
30779 9 7272
12689 9 12689
12689 9 18013
5463 9 11462
2708 9 12689
4647 9 13236
4979 9 12689
16838 9 12689
2446 9 12362
29821 9 6388
12763 0 15354
12478 11 27583
22183 9 4801
3492 11 33326
28011 9 4249
16492 9 9634
7316 9 2528
23555 7 31556
27600 0 26645
28849 9 28011
3336 9 6100
22964 11 20488
14106 9 23598
8759 9 28011
14390 11 24229
18178 9 18013
28375 2 6477
12689 9 28011
24734 9 7266
1972 0 29777
28063 9 27803
32885 9 24527
24019 11 25835
2972 9 12689
13874 9 14214
7375 5 30145
19296 9 9900
14530 0 1211
20512 0 22185
28902 9 29660
17538 7 25811
2398 11 13090
3124 11 32488
1101 11 13714
28011 9 31722
28011 9 7808
5320 11 29793
752 0 2635
28011 9 16492
7794 7 28731
3231 9 18988
18471 9 4335
23166 5 4450
12689 9 8740
20305 0 31204
5420 9 17226
22731 11 32005
7110 9 12689
24586 9 32252
2953 7 4267
28632 5 22500
13832 9 30609
27964 0 23725
9855 7 16784
1386 3 8670
25837 2 2057
8152 5 16215
27519 9 98
12826 9 6711
12689 9 2384
10877 11 31074
6179 9 11157
1567 9 20019
21902 11 20244
11280 9 28011
22685 11 15602
21273 9 24547
6484 11 14646
7009 9 29725
5777 7 8276
17797 2 587
22183 9 21908
21665 9 24860
30620 0 956
18723 4 14587
8281 9 31782
32215 9 27892
26352 0 14982
18882 10 897
12689 9 28011
7417 9 28650
1 7 31943
28011 9 1326
11664 11 30414
12689 9 22796
20612 0 13285
26776 11 10796
28011 9 12689
3245 9 28011
12689 9 19211
4801 9 9756
4910 5 3657
12188 9 12689
29221 0 12822
28011 9 31451
16102 0 14718
2391 0 25904
33279 3 4249
29632 3 438
18782 11 27517
24063 0 2556
28011 9 12289
28011 9 3072
4205 9 13131
21981 0 23243
22072 11 32842
33251 9 18471
13196 0 17922
17706 0 6902
4249 0 32200
24154 8 20979
15521 0 28328
13493 0 21972
28011 9 20521
20770 9 3354
12149 9 12689
19715 0 21867
11691 5 24219
2708 9 12689
12689 9 28011
22660 9 24618
18637 10 28462
31922 9 12126
4801 9 21057
12906 8 29458
28011 9 1567
19782 7 15314
9309 9 16684
4044 0 27395
12689 9 385
16514 0 23186
2708 9 24874
8938 9 32660
21273 9 12689
24527 0 13923
8514 9 19286
29861 0 28699
26001 6 519
18930 8 16647
7128 11 3779
1912 0 18211
894 9 14386
16914 5 24545
3909 0 21437
2375 9 28011
4801 9 16097
21672 9 26524
21196 9 18670
11577 11 15702
26442 9 28011
12689 9 9634
28777 9 12689
25772 9 25197
29173 11 30639
11890 11 32587
28100 9 28011
13359 11 29129
13354 9 2111
23282 0 19114
21335 9 2708
11343 0 10653
5796 0 8758
28011 9 32943
28011 9 31088
8693 11 3699
21428 0 16279
13944 5 19539
7913 9 12689
4185 9 12689
11828 2 11695
6032 9 24902
25229 9 31347
25958 9 29411
21863 0 3444
26242 11 1169
18919 11 2317
13007 0 22861
22674 0 22198
24586 10 25837
10509 9 10447
15047 0 9211
20207 9 28011
23543 11 29931
246 6 18580
29806 5 13485
17858 11 4598
22176 11 16237
29052 6 25042
8650 11 30278
7458 11 14305
22201 1 3619
12689 9 12689
16528 0 30471
12875 6 30627
16380 0 13008
18013 9 4532
28011 9 15520
22938 8 12936
6858 9 27660
22988 8 16503
9309 9 16684
20192 8 1986
14214 9 25156
28011 9 28011
16757 8 3150
18940 0 1738
1567 9 28507
27455 9 28011
17993 11 2832
885 9 18425
10907 9 13832
31723 11 18059
5616 9 19633
1620 7 28918
27653 5 29187
28392 0 32575
4249 0 10603
6472 0 20382
12689 9 3619
20325 9 28011
28011 9 10156
12689 9 18714
17808 9 12689
3207 8 13323
18067 7 32350
18523 9 31061
31934 9 28011
4885 0 26091
9419 9 28011
6927 9 12689
29009 9 12689
1331 9 22911
23073 11 19259
1839 11 13641
14976 0 27251
6299 11 23282
1924 11 27046
31075 9 28011
31430 11 10062
28011 9 30887
1648 8 8498
27498 0 9978
26779 6 19386
16496 0 18849
18638 9 27794
29307 9 20325
9289 10 25837
13527 11 26857
21332 9 12689
2542 3 26124
7503 9 11955
18988 9 27350
7229 11 20878
25902 9 25454
22031 0 1351
10227 9 15520
12689 9 5995
6695 3 32636
15117 11 15334
24293 9 8740
9737 6 29242
27694 7 11955
2651 11 25144
4647 9 15331
25055 6 24427
12188 9 12188
24493 11 16178
8820 3 4695
19254 8 28706
3231 9 25070
24063 0 18804
5772 0 16237
10380 9 14479
4801 9 29076
3315 0 13506
16316 0 3838
30472 11 25472
12689 9 31599
16387 6 33286
10308 11 13649
10509 9 14059
12689 9 31785
14106 9 22567
1000 0 16116
11807 0 28420
28011 9 22959
28135 3 22547
28011 9 21194
29040 7 7310
23277 9 27566
21571 11 9033
28011 9 12943
6314 9 23390
25399 11 1691
30743 0 3545
8203 6 13692
4801 9 12689
28347 11 32929
32587 0 20658
30787 11 16600
6484 0 18162
19211 9 9634
21349 9 7808
9196 7 18929
4433 9 12689
14214 9 12689
29886 11 29680
23828 8 9494
24567 5 2314
20513 9 21321
3206 9 22959
8686 9 18581
8732 11 22724
11970 9 27669
31394 0 21454
28011 9 31091
1239 9 16224
20226 2 33002
14112 11 23277
906 9 28011
12826 9 28011
16895 0 7839
14386 9 12821
24093 5 12018
22749 0 32507
27420 9 906
4249 0 25500
19033 9 28011
13048 9 12689
7807 8 7155
4014 9 2792
27809 11 22346
9609 9 8740
32264 0 16558
6537 0 22494
4185 9 31946
4895 0 13910
2183 8 32451
19466 10 6957
30797 9 22320
16378 9 28011
22687 10 10919
25945 9 22488
24093 9 24529
17739 8 24718
7651 9 3244
1113 9 25772
22981 0 25596
8221 0 24148
26179 11 30767
27221 11 7677
11901 11 19857
28011 9 33311
25524 9 28011
5440 9 30258
21113 11 4536
28011 9 31091
20448 8 2426
25932 9 29194
9509 9 18013
28011 9 13099
12289 9 25964
71 9 28404
9181 0 27590
23411 9 4014
22028 6 12242
4583 11 14957
22250 8 10381
13506 0 29249
10907 9 10907
31041 8 17330
14693 6 24874
18521 9 6943
17056 9 29487
28011 9 21826
27844 9 3245
33221 9 28155
23457 3 4249
27852 9 24643
19373 9 18714
30762 0 9550
18325 11 21564
31361 11 16918
30212 11 32063
27697 9 12362
8936 9 12689
3264 9 24811
12432 3 6635
1326 9 12689
19732 9 28011
22129 11 18926
19057 3 20383
19130 9 28011
30223 11 24823
20226 2 134
32863 0 311
4039 9 27064
18582 0 26088
12149 9 21381
23482 11 23868
3697 9 9475
15650 2 2207
25731 11 12915
13493 9 27477
4801 9 28926
6841 0 23277
16118 9 32235
6908 0 9709
1276 1 30782
28777 0 27028
13106 9 15664
26150 7 26150
6100 9 9823
8665 2 2150
8407 9 13127
4413 11 26512
3656 4 31877
15532 7 31389
22998 9 25631
4740 0 4401
30674 9 28011
3245 9 32854
23915 3 21761
16968 9 12689
25595 0 22338
4905 9 866
10287 2 19269
12970 11 13252
25271 9 18486
32102 9 30797
12689 9 23449
4297 0 20050
24829 9 28011
230 9 2243
17867 6 16948
4039 9 28011
27669 9 12689
14214 9 29086
28011 9 6398
17479 5 26508
6993 0 11283
19384 9 29750
5119 0 5651
8200 11 18081
12689 9 20268
8936 9 28540
12689 9 11213
9509 9 31393
759 0 29690
22600 11 16912
2983 11 1623
3855 3 14976
32192 5 17098
26370 11 31848
31427 8 32035
27024 9 23877
21432 7 21772
8810 3 15774
9634 9 19211
6314 9 22660
4406 9 21273
464 11 20844
3914 9 12689
12689 9 25841
29953 9 7808
4161 6 4506
25315 9 31347
16234 0 30693
15794 0 20882
7284 11 2399
8402 9 12689
20725 8 19689
12362 9 21599
12188 9 19211
25660 11 7525
7901 0 20915
7695 9 28011
9276 11 6943
17268 8 1538
19349 8 22507
5307 11 29137
6578 9 28946
13599 9 22679
13493 0 28851
19989 7 19989
31785 2 8689
15734 11 16127
28011 9 7316
21009 8 254
28011 9 30742
9540 4 23136
30744 5 1221
9754 6 618
3289 8 3775
2678 0 33238
29656 0 7452
6000 9 20894
23575 9 19466
18567 9 5618
1623 9 4694
3063 11 6484
28011 9 23490
23488 9 15847
24126 11 25338
19276 9 23411
17992 9 27226
25710 0 10727
21347 9 2792
16991 9 28011
29667 11 25075
27844 9 28651
1680 9 28011
17193 0 7013
12689 9 16121
13123 11 17962
12362 9 12689
14194 9 18013
17954 11 20732
12689 9 16093
25236 3 31989
8855 10 6008
71 9 6941
8656 0 508
31462 0 17854
30779 0 1562
28011 9 27844
4615 9 12689
29092 9 13048
14214 9 29495
13281 9 16309
22163 0 20911
227 9 10135
28011 9 29826
32501 9 3393
20967 11 8850
13808 10 31191
10324 9 12689
9832 11 11132
9681 6 1734
9634 9 28011
10063 9 23575
5968 5 29734
23463 0 18740
7651 9 17567
32227 3 27729
14561 10 22187
5768 9 21540
4671 5 17990
12689 9 23449
27162 0 29782
20513 9 33191
12289 9 12689
26361 8 16502
19930 0 4734
25472 0 13751
28011 9 4917
420 9 2375
23806 0 8887
16729 11 26437
17698 9 19732
6908 9 25315
5017 3 31242
16996 11 15039
26036 9 19464
6464 0 31854
1112 9 11130
8108 0 18544
33319 9 2446
19517 0 22751
11213 9 12689
16314 9 12689
125 2 17300
28011 9 16634
8968 9 12689
10197 9 19211
6112 9 1271
14976 0 11653
12289 9 28100
32052 9 536
1998 11 11269
5894 4 28144
23390 9 9634
6100 9 28061
12289 9 9329
29515 6 23914
24517 9 16795
11506 8 24036
26239 7 21312
13131 9 20925
14214 9 227
25115 2 30742
20637 6 13108
8349 3 20792
20226 9 19898
16838 9 3231
9634 9 12689
5620 6 32643
12689 9 19059
17411 11 7011
29796 9 10213
13697 9 24891
11736 9 32592
12689 9 3534
17730 11 14662
15151 9 9634
2254 3 1220
13875 0 30743
10227 9 9015
1521 11 25189
23452 9 12689
4801 9 9509
28645 11 27844
11504 8 4601
5427 9 10478
18013 9 12289
6671 9 19387
22982 9 11725
17758 3 21057
7763 0 11721
24897 9 21915
18988 9 12016
20011 9 12689
30939 0 32708
12689 9 20896
12362 9 12689
31143 9 12689
25315 9 12289
1743 0 17049
15682 0 1267
6067 10 30483
27775 9 28011
4249 9 24811
31393 9 12689
21574 9 12689
12689 9 22982
4009 5 17077
15136 9 18738
23767 8 29776
23957 11 25582
20983 10 12345
17946 9 23852
28412 11 32942
9634 9 18471
16718 2 32166
7462 11 27413
12689 9 29725
19539 11 17256
9193 6 30563
175 9 12689
23034 0 28122
22037 0 19663
33063 0 16812
25070 11 6003
858 9 12689
1364 1 17519
12384 0 22992
31942 9 3448
8663 9 28011
8496 10 20226
28926 9 26305
15077 8 31095
23481 0 30060
15136 9 18740
23873 11 31075
858 9 19384
27386 9 3193
15306 9 9536
26639 9 1335
33251 0 25139
5036 7 20856
28011 9 18471
6521 8 15166
25981 7 14534
27794 9 4647
17934 9 26001
4735 8 26667
4536 0 33115
27669 9 12289
19790 9 7329
7649 10 6008
9485 9 21021
27377 5 25399
5681 11 4052
8658 9 23878
19956 9 12689
27892 0 23986
13127 9 7489
13131 9 28011
4145 11 15633
13359 9 8658
19122 11 4370
3947 11 13252
12689 9 19211
22337 0 3224
12689 9 906
30797 9 4647
20682 9 12289
7910 9 27660
28011 9 8466
28460 6 27312
28011 9 12289
24262 9 16821
2901 7 9902
1578 11 23909
21892 9 22803
14530 9 28011
21273 9 19893
20162 3 4249
15393 9 858
25222 9 17867
5325 9 22183
29096 6 29441
28011 9 9634
12689 9 16093
22505 11 23282
17020 0 29467
12689 9 21984
16651 5 11580
4039 9 6100
6100 9 7651
21907 9 12689
27779 11 11027
28011 9 23575
12000 0 15699
12237 11 243
8751 5 16011
32505 11 26795
16377 9 12689
25873 5 33167
26982 9 19211
28011 9 16093
20548 5 31440
12794 0 23781
28011 9 2375
28011 9 28011
13249 9 10038
876 9 25315
3604 9 10110
31061 9 14878
26966 0 9009
24829 9 17261
6578 9 12689
2955 11 2185
15047 0 19914
28011 9 28011
15521 0 26640
19211 9 12689
26097 11 29700
12289 9 12689
21372 0 4806
15991 6 8476
28011 9 11725
16496 0 17953
6008 2 9234
22493 10 30301
385 9 30797
29854 7 7453
21069 7 25055
175 9 28011
30946 11 20212
22290 0 17249
14308 9 13189
13098 3 4249
26506 0 12418
4201 8 794
11019 9 25893
5708 3 264
16494 9 17139
33053 5 22091
31352 8 21919
27624 5 10744
11556 0 11398
19568 9 28011
10252 9 28011
19722 9 28011
10432 11 17259
30658 7 1266
14887 11 33028
31994 9 28011
5300 10 22406
5157 9 4801
13396 0 13500
13493 9 26124
28011 9 9634
4743 9 12689
5397 9 20908
9419 9 5325
8868 0 1291
28011 9 19722
15841 10 20226
28011 9 9468
28809 11 10062
10685 11 27180
30760 6 12047
9524 11 15767
24076 10 8034
2739 9 28011
29766 11 9417
23763 0 3742
19851 11 20652
22764 6 11751
16581 11 369
2250 9 11230
18723 7 29052
26479 0 16592
9329 9 98
14389 5 32257
12689 9 15579
16588 11 14242
27772 0 17524
13410 9 17729
13131 9 4801
21443 0 17451
24011 11 22094
27749 6 27790
19059 9 27512
27656 11 13697
1523 9 12689
12689 9 27028
6927 9 18929
27312 11 3186
12689 9 26001
14530 9 28063
14143 11 25685
23041 9 28011
12383 9 19276
16954 8 3294
28011 9 16435
7785 0 13882
12864 11 25707
9335 0 7972
12362 9 24909
14033 2 7090
12689 9 28061
12689 9 549
12689 9 323
26036 9 28011
12689 9 9756
8194 5 28647
16684 9 28011
14214 9 12689
22031 0 20315
12362 9 12689
12689 9 12289
3191 8 6569
20947 2 521
12689 9 4249
22031 0 13057
12289 9 18936
28011 9 2938
28011 9 11559
23412 6 31690
18521 9 2708
12689 9 28011
639 6 14633
9455 11 11736
16968 9 5440
8473 9 12689
27610 11 25070
6008 2 6381
2866 0 32592
28011 9 27498
4199 0 23529
866 9 2254
32463 0 3303
22638 9 6100
3914 0 25287
17063 11 15408
32408 0 23996
98 9 12689
30674 7 30674
27808 8 2928
10467 11 3713
13131 9 491
6484 11 28399
12289 9 2375
9089 0 18382
2008 0 33193
30917 9 5491
28859 0 9191
9738 11 17256
14321 9 9823
19211 9 31016
10381 9 29311
10263 11 13739
16044 0 27039
27999 9 31435
2909 9 10110
29459 11 29998
3269 6 5529
15538 11 16496
29725 9 12362
3266 3 6635
