33330 12
29700 9 27187
6771 11 13126
14530 0 14318
25958 9 29411
19732 9 28011
28011 9 19732
16713 11 14242
17797 2 587
32587 0 2557
13493 0 17812
29177 2 19678
24517 9 12689
12689 9 2708
32358 0 9941
6841 0 23277
9196 7 18929
27504 6 10581
28011 9 29280
1543 6 10437
16651 5 11580
12689 9 28011
22047 6 22656
11642 0 29153
19303 0 10812
10733 7 16079
18988 9 27350
12689 9 12362
26239 7 21312
14106 9 23598
28011 9 18641
21587 5 4200
14033 0 3782
9496 11 16044
13697 9 6391
21428 9 28011
353 9 866
12689 9 12289
26623 9 29032
23452 9 12689
17867 9 31242
32863 0 15798
12689 9 1486
28136 9 13048
25772 9 32250
2620 3 9276
4297 0 20050
26884 0 3199
27806 9 21908
22600 11 16912
8732 11 22724
4701 9 11967
16912 9 7145
22337 0 3224
8693 11 3699
6112 9 1271
15 7 33319
25949 0 3121
29671 7 11526
4097 9 21273
31393 9 24125
11858 11 7767
4647 9 28011
18324 9 25524
28011 9 28011
12689 9 4249
19517 0 22751
15273 9 18567
18096 3 15773
481 11 8134
33319 9 2446
14214 9 12689
22475 9 25206
12689 9 18714
29102 11 28862
1683 0 33211
28777 9 3972
12289 9 1112
9455 11 11736
12689 9 12289
5796 0 8758
8936 9 28540
10687 9 12689
30491 8 14907
12689 9 31599
25391 5 11957
19211 9 9634
21273 9 8464
19276 9 10509
32575 9 28933
23230 11 24956
175 9 28011
5521 8 3810
28011 9 17539
21937 0 18615
2949 0 31784
17858 11 4598
30318 9 21021
14634 9 31209
227 9 10135
30301 2 5705
28375 2 4562
30658 7 1266
28011 9 16309
27094 9 22182
1998 11 11269
13249 9 10038
22370 11 22034
27907 8 14102
21347 9 2792
28462 2 18637
20019 9 18013
165 9 16985
1173 9 12689
9552 0 1356
4249 0 11238
25938 3 19224
4249 9 21257
14169 5 17222
6008 2 18105
22981 0 25596
19973 0 21357
2901 7 9902
11670 9 10417
28011 9 9669
4647 9 29062
19861 11 32686
18331 11 29821
20295 11 9974
9412 8 12435
15284 0 32016
4979 9 7944
3975 11 33046
20985 11 10641
29998 9 13466
7857 11 29474
30471 0 20226
9954 9 12689
9550 9 13313
8041 9 14214
29184 2 25425
18279 0 29440
12689 9 19732
12689 9 30797
27892 0 25337
12689 9 26001
29068 11 6003
16339 9 28011
19433 0 24237
28347 11 32929
7049 8 2092
13354 9 2111
13506 0 15961
2398 11 13090
4014 9 12689
21349 9 7808
18737 9 866
9419 9 5325
13479 10 27386
16581 11 369
3245 9 32854
32396 11 5980
9634 9 18471
11725 0 19027
24517 9 16795
5565 0 21673
248 9 5904
12121 9 28011
22318 11 291
20565 9 4543
20855 6 16132
28154 1 6048
16071 5 27544
9854 11 13219
10509 9 24517
25932 9 29194
25374 9 23102
4671 5 17990
1207 7 18633
12689 9 12289
26639 9 1335
23776 9 20942
29581 10 8323
31157 11 26045
6484 7 14158
19074 0 32585
23878 9 21437
10467 11 3713
4039 9 28011
3063 11 6484
13832 9 353
27510 11 32863
19464 9 5768
25269 11 2538
8473 9 12689
21574 9 17139
26982 9 28011
6521 8 15166
8466 9 6711
12689 9 12362
16268 9 4743
9881 11 16044
28011 9 15107
28011 9 18471
3697 9 28777
28963 9 21453
28011 9 7651
15734 11 16127
29953 9 7808
23828 8 9494
17323 7 10067
19384 9 28011
30172 8 15879
22129 11 18926
13210 9 25156
3972 9 163
14530 0 1211
12183 9 24427
10907 9 10907
23466 9 24060
2869 11 6943
26690 7 28460
938 0 11135
24529 9 12689
752 0 2635
5658 9 26298
9145 0 8057
19343 9 12689
18125 10 9915
18471 9 4335
11999 10 98
25426 9 19211
28777 9 23390
1282 0 9392
12289 9 4249
28011 9 26008
30244 9 25197
5036 9 26036
24851 0 31524
10959 9 19690
4249 0 23759
28135 3 22547
17698 9 12689
4633 9 4801
24374 0 2530
20983 10 12345
25593 5 2316
18737 9 28926
118 8 508
28498 5 19840
26138 6 21239
5708 3 264
1868 11 13252
15842 9 3245
8168 11 20055
28011 9 28063
24359 9 15922
21863 0 3444
33312 9 10227
32402 8 941
12689 9 3619
33311 9 12689
10619 1 15969
21432 7 21772
23488 9 15847
9509 9 10509
2918 11 9250
11484 0 18393
25797 0 2116
9717 9 28011
20610 9 28011
24375 9 29086
17056 9 29487
13944 5 19539
16365 6 19870
2375 9 12689
5350 10 31785
4762 1 8542
14143 11 25685
7808 9 18193
3231 9 6120
30269 6 7235
15165 9 12362
21273 9 9509
30115 9 10644
13529 7 28506
1788 6 1782
25554 9 24942
7535 9 32892
18567 9 5618
29391 3 16620
18567 9 9233
27986 5 21220
723 0 30654
12970 11 13252
18822 9 12689
2345 9 10884
6003 9 29750
1377 11 32863
25715 9 12689
18840 5 11957
11212 11 29990
22176 11 16237
12689 9 6818
175 9 12689
24254 0 30566
26335 9 27964
18737 9 29411
14390 11 24229
5889 0 13579
276 9 1112
3231 9 18425
24262 9 16821
3273 9 6403
29038 9 20828
21655 7 14562
26036 9 19464
2254 9 12188
2185 9 4801
27064 9 13131
16038 9 12689
16492 9 10904
13697 0 31828
28011 9 29445
4039 9 27064
16702 9 3952
5777 7 8276
19722 9 30337
19050 9 31395
1362 11 21981
11577 11 15702
18013 9 21283
12689 9 6578
22955 3 4695
3040 9 28926
28011 9 2538
23266 9 23449
28946 9 4801
12689 9 28011
22290 11 19219
2909 11 22747
98 9 12689
15408 0 263
5772 0 16237
10509 9 18018
28011 9 12689
20211 11 11085
16093 9 28011
23463 9 7651
6475 11 21824
24193 6 23844
32138 7 16255
10308 11 13649
19043 5 5095
13192 11 23781
5119 0 5651
10327 9 12689
7068 9 14308
11943 5 8498
12289 9 28011
15633 0 1924
9145 0 117
14184 9 27892
13493 0 7826
17226 9 697
6173 11 15324
3821 11 10796
13739 9 28130
14565 5 24542
12689 9 6821
23262 0 5254
23767 8 29776
15138 0 24231
16309 9 18737
13714 0 22130
14832 9 21462
641 11 31134
2375 9 28011
15543 0 27050
20591 11 20576
15995 5 7873
5157 9 4801
8315 6 18737
27015 9 13832
19254 8 28706
32575 11 28392
30516 5 22471
23997 0 29504
246 6 18580
4014 9 858
27639 7 21481
2500 9 28011
14033 2 7090
20942 9 24396
2375 9 22488
22724 0 13897
23480 11 15842
19826 5 849
26001 6 519
7484 0 5070
13583 0 32916
170 11 15225
18261 0 18476
12362 9 21599
28154 9 32281
7131 0 3858
15136 9 18740
26088 7 9754
7695 0 3134
15670 5 1378
5828 10 20226
27577 0 23042
26658 9 28540
10262 11 13714
12689 9 17698
10085 11 3468
5080 5 28308
32235 4 7819
22848 5 21942
32501 9 3393
31251 8 1542
1924 11 27046
29134 9 31348
12711 7 6746
26899 11 23781
12689 9 18013
18784 11 25772
26083 11 11548
12689 9 4944
10381 9 29311
29958 9 30797
2938 9 30281
4801 9 11618
19211 9 9634
23667 9 7284
28011 9 15520
23386 0 10233
31722 11 3720
5703 11 28517
19930 0 4734
17839 7 17383
4208 9 18141
25584 9 19464
20890 0 10871
3231 9 6902
29927 9 28011
512 9 27794
4044 0 27395
7022 0 21246
19650 5 20748
18714 9 31785
30938 11 26327
15151 9 9634
19893 9 29083
9798 3 2137
8595 9 12112
12689 9 8740
27890 7 8142
27519 9 12689
14019 0 5135
2008 0 33193
5411 0 18248
21335 9 2708
25595 0 22338
23166 5 4450
1691 0 30898
3703 5 1922
4895 0 13910
10047 8 28469
1665 11 23983
30281 9 18239
9329 9 98
12689 9 12289
1567 9 28507
12025 11 19973
28011 9 13189
2375 9 10235
27420 9 906
30772 9 19415
29700 9 12689
16238 0 32920
25315 9 12289
22674 0 22198
28011 9 1567
14804 10 12693
15643 10 6590
12362 9 12362
23986 0 14175
28926 9 4039
29090 0 3897
14530 9 21898
7314 9 33266
11359 0 6459
17403 5 332
12689 9 25222
28011 9 2535
12689 9 28664
12432 3 6635
9548 9 1356
10389 8 26409
8855 10 6008
21113 11 4536
12267 3 4249
858 9 19384
17307 9 12289
7242 1 27618
15895 5 21341
29232 0 3738
1944 9 31061
22336 0 9736
4712 2 4778
22982 9 12689
10846 9 28011
22890 5 16810
13022 0 658
29806 5 13485
31917 8 2862
21561 6 21561
32192 5 17098
16378 9 28011
29714 11 10801
12689 9 16888
7131 9 28777
6950 9 29280
24517 6 2921
21332 9 31942
6796 0 27165
28282 0 6094
32668 11 13231
33280 3 4249
10529 8 6791
29667 11 25075
3245 9 28011
8137 9 24829
14106 9 28011
21672 9 26524
12689 9 11970
19149 9 12289
13049 9 7808
12689 9 3534
3959 9 12689
25310 0 13183
4801 9 29076
1112 9 8936
2909 9 10110
8841 9 31148
16121 9 12689
21937 0 25735
28011 9 30726
22764 4 10702
3697 9 12289
18714 9 25772
21540 0 20242
16255 9 25554
14386 9 12821
12689 9 12362
12689 9 25315
9353 9 12689
9634 9 21864
10330 5 18548
9935 9 30269
12362 9 5686
30652 5 19874
5209 5 20503
30417 5 16303
21780 11 7131
14327 9 28011
8595 9 29411
12689 9 16121
6314 9 22660
20200 11 30109
12289 9 28011
10104 6 17671
7370 11 23243
6008 2 6381
24154 8 4476
14878 9 31946
1728 9 7651
10811 5 24299
327 10 28449
6980 0 28333
23957 11 25582
24922 11 22130
4910 5 3657
10178 9 18929
31783 0 5995
12689 9 15400
30360 9 1189
12689 9 28011
27024 9 9740
16968 9 31806
23599 9 11193
16354 9 2375
687 9 29411
9634 9 21273
2375 9 28011
19478 9 18013
12689 9 19276
4959 9 25772
7306 9 28011
14777 6 24984
27844 9 3245
15306 9 9536
28101 8 981
12689 9 28011
28011 9 32627
28011 9 22959
29796 9 12362
3502 10 27644
33311 9 16684
19847 11 14824
12689 9 5995
10971 9 4801
12689 9 9634
24706 9 1112
19063 9 12289
9419 9 12945
10252 9 28011
4340 9 7223
26046 6 32533
23388 5 11011
27028 9 12689
1112 9 31151
20718 0 1481
12689 9 28011
9669 9 8514
17976 11 15012
18325 11 21564
24517 9 9427
14214 9 29086
9285 0 21316
30744 5 1221
7503 9 11955
10779 9 20513
24586 9 32252
27477 9 28011
19909 0 12085
15816 9 9419
23404 11 19205
20483 9 11193
25222 9 17867
17798 9 16888
227 9 32414
11489 0 1890
466 10 18760
12689 9 12689
10470 8 19007
30168 0 20122
4497 8 9280
13989 9 28011
10923 0 16578
9634 9 28011
27455 9 28011
26982 9 22435
18714 9 5157
27104 9 25156
27519 9 25821
22988 8 16503
26833 11 12090
12689 9 9557
29580 7 30463
9487 0 23154
21069 7 25055
7272 9 6100
29637 5 12208
27796 11 24839
20848 7 19784
16718 2 32166
2792 6 29130
21907 9 20942
20146 9 4801
7721 0 29060
4801 9 28011
10013 5 15051
29013 11 17256
30758 9 31064
28664 7 11608
13236 9 17307
28011 9 12943
22031 0 1351
25477 8 26847
32501 9 28011
20513 9 13583
4801 9 98
11828 2 11695
22183 9 28011
12289 9 18936
22493 10 30301
4249 9 12046
9262 9 4764
10380 9 3619
31729 8 19598
16465 11 6956
27718 10 28650
7910 9 204
21908 9 24829
15517 7 15517
26700 0 28839
18567 9 15273
894 9 17287
25710 0 28124
12826 9 28011
12480 11 10931
14832 9 12689
11725 9 12689
24936 7 22065
14214 9 12689
4801 9 8466
2708 9 4185
4735 8 26667
4292 5 21127
24370 8 9480
880 11 6537
4249 0 32200
26981 9 27024
30466 11 3535
28011 9 19722
29413 9 12689
2118 11 24839
9634 9 19211
22984 11 15083
12845 9 18326
13280 0 10784
916 8 3464
4801 9 32764
8789 11 26981
8936 9 23974
26926 11 2832
23575 9 12289
11509 7 11509
23266 9 7554
19216 9 30674
32023 5 22778
2185 0 26113
28810 0 30707
7005 9 26564
12689 9 31946
13551 9 12689
1680 9 28011
2708 9 28777
29725 9 28011
15400 9 5639
17706 0 6902
13864 0 20913
28011 9 21194
13808 10 31191
22724 0 28281
6858 9 27660
12689 9 32252
16227 6 3697
1386 3 8670
3698 8 11427
12289 9 6503
12689 9 28061
12383 9 19276
20279 9 21907
5772 0 8325
15716 5 7202
21771 8 32335
12689 9 27930
28011 9 16492
1621 5 7045
15816 11 25997
24132 0 11934
20947 9 24427
4205 9 13131
6578 9 28946
8936 9 28011
30726 11 13739
13493 9 26124
11128 0 25241
10121 9 32099
19211 9 13131
9712 11 33094
33251 9 18471
18670 9 29953
21629 9 21388
9524 11 15767
12362 9 12689
21908 0 17702
20513 9 28011
6435 11 9963
29088 0 32517
20226 2 134
25115 2 30742
14059 9 12689
2086 11 6908
24285 0 30981
28116 9 1623
4161 9 12689
30685 9 10785
13493 9 12689
5968 5 29734
28011 9 4249
31903 9 25615
31462 0 17854
32304 11 27079
32235 4 5740
25137 8 23966
33311 9 2938
12289 9 16378
21839 11 26857
16238 0 1398
8980 11 4152
16515 8 24620
16494 9 17139
13875 0 30743
759 0 29690
3354 9 8968
1691 0 21952
21927 6 21927
22282 0 6484
19130 9 28011
6361 8 18955
6032 9 17539
30087 8 11790
13037 2 30786
11073 5 9677
4249 0 22619
28449 2 6423
22176 0 22055
20795 0 28528
16968 9 11462
28011 9 5461
25292 11 22705
15144 7 4030
26429 9 21826
6100 9 28061
4199 0 23529
1276 1 30782
18907 9 21273
12689 9 12689
3856 6 23506
420 9 24114
12689 9 4905
6989 9 17816
18637 10 28462
13697 9 24891
15880 9 32585
18737 9 9225
23490 9 25222
22031 0 3251
8752 11 3558
11961 3 13493
9859 9 30049
17963 8 29987
707 8 26354
23389 0 21905
32408 0 23996
8820 3 4695
32264 0 16558
7866 0 27042
30512 9 18857
32553 9 12689
4249 9 535
32440 0 7757
31061 9 29411
24586 10 25837
18919 11 2317
28011 9 12635
19229 9 17816
12383 9 12689
16064 0 10976
3289 8 3775
8563 5 8237
26832 11 23034
2566 11 4161
4145 11 15633
29960 0 17383
32505 11 26795
9573 11 13603
28011 9 7057
19332 11 20920
30212 11 32063
28627 9 25833
4153 11 20926
9019 11 18929
11156 9 5440
14543 7 12689
3336 9 28011
12390 9 29062
15471 11 6786
21890 11 23391
10817 9 26571
4839 9 4801
5729 11 20844
20325 9 28011
4801 9 28926
30833 0 27602
1788 9 11643
18013 9 12289
22217 5 15631
19048 11 11807
8663 9 28011
7695 9 28011
28777 0 27028
17218 7 13832
16492 9 9634
12689 9 1900
1452 11 13060
28011 9 2375
26001 6 19748
8281 9 31782
16496 0 17953
9419 9 9529
9669 9 25197
16838 9 3231
13832 9 14308
9634 9 19211
18988 9 28764
18988 9 12362
7464 5 1314
24657 9 24838
12689 9 14807
32219 11 8444
17432 11 18518
18670 9 202
2528 9 28011
28011 9 31255
13832 9 23855
22780 6 10042
5443 11 24960
28011 9 13697
2953 7 4267
28011 9 14643
17539 9 9149
8402 9 12689
1326 9 12689
7785 0 13882
13444 0 10717
7205 0 21757
21321 9 9353
27821 0 25414
12689 9 4637
28011 9 30425
13314 0 71
15330 3 13697
24272 9 2327
5307 11 29137
32252 9 28011
25084 9 28011
28011 9 23914
30993 7 1680
11106 9 28011
2708 9 12689
32444 11 24492
11736 9 32592
3914 9 12689
12689 9 11117
3209 5 17849
28011 9 28849
27377 5 25399
6200 11 16337
24942 9 3955
10884 9 12689
27015 9 9548
25406 8 12867
2890 11 17555
29748 5 26568
4249 0 26777
12689 9 23490
25779 11 31515
10033 10 4937
17922 11 8789
18936 9 21629
10314 8 9838
18525 5 15808
12572 5 31492
8688 11 14662
23626 11 25107
12372 0 15545
6032 9 32943
98 9 4743
22022 9 27683
17950 9 13410
13073 9 3972
19894 11 30278
11016 9 28011
10934 0 17069
33251 0 25139
14384 9 20884
32556 11 21451
24019 11 25835
27187 9 12689
175 9 28011
26779 6 19386
27064 9 7155
13493 0 22096
32525 0 13665
22031 0 32447
4740 0 4401
10648 3 32636
27801 7 10631
21332 9 12689
27786 11 20977
2748 0 4882
27566 9 12105
8076 0 621
28011 9 21826
5637 9 10931
22163 0 20911
9832 11 11132
13493 9 27477
16389 3 4249
4044 0 30590
15327 0 2027
22142 11 27046
30935 0 24957
24851 0 16913
20269 7 17433
30223 11 24823
3354 9 8968
19057 3 20383
25070 0 18975
3820 9 18552
14000 0 31143
20878 9 30620
19176 11 5281
12689 9 28011
12289 9 12689
32215 9 19211
13319 0 12719
4706 5 2075
4981 0 5364
9149 0 59
1375 6 16873
14296 1 8379
23449 9 10227
32863 0 311
13832 9 10135
5681 11 4052
24829 9 4633
12188 9 12689
28011 9 9020
20894 9 18929
3173 11 24448
19233 9 5742
24829 9 28011
3492 11 33326
21321 9 29062
23877 9 28011
7808 9 12362
28011 9 11725
32797 9 20019
23687 9 12689
5325 9 9419
4839 9 8466
27519 9 12689
5658 9 27566
5838 8 30741
19539 11 17256
31473 6 18929
24140 0 1357
30564 9 32897
12689 9 20268
1648 8 8498
9634 9 21273
20718 11 14132
28011 9 23449
8402 9 12289
28011 9 27660
6299 11 23282
27151 9 21437
2708 0 13268
2955 11 2185
23073 11 19259
16121 9 28011
12689 9 22796
12689 9 25315
20015 0 18347
16826 3 4249
6032 9 25771
30620 0 956
19059 9 25958
1524 9 21984
14598 8 689
7351 7 12968
32885 9 24527
29793 9 16888
14251 0 20913
4185 9 12689
32102 9 30797
22982 9 11725
4567 11 29700
9213 0 3590
4801 9 3955
26568 8 8297
21908 9 23575
20894 9 12689
27600 0 26645
3425 11 8317
23282 0 19114
2866 0 32592
27221 11 7677
5461 11 30941
27024 9 12016
32254 9 11157
4742 11 30384
8194 5 28647
14715 0 1197
5420 9 17226
26442 9 9225
17539 9 17655
6472 0 20382
12794 9 21879
19560 11 5281
4939 9 11193
10252 9 25315
5427 9 10478
10840 11 33251
28011 9 18174
24459 11 20069
13941 8 7448
9456 5 22005
28011 9 12289
20575 9 22251
27926 11 355
10758 1 4884
32543 5 12169
9737 6 29242
1113 9 25772
13603 0 17772
16605 11 7452
32440 0 14531
29086 9 22488
3124 11 32488
2350 0 22252
5742 9 9954
31366 9 9756
19253 11 4553
28011 9 27660
14990 11 24733
25867 1 32079
29632 3 438
22563 9 13534
27852 9 24643
28960 9 3979
16888 9 15483
9634 9 19211
10728 9 12689
4433 9 10846
11478 11 25472
10220 9 12289
20639 11 4727
17739 8 24718
11346 9 9634
12689 9 31448
10509 9 14059
17698 9 19732
29725 9 12362
13796 9 30797
14530 9 28063
19267 11 22093
15073 0 32050
11213 9 12689
7688 0 6934
4590 6 5882
4389 10 897
12689 9 19446
29854 7 7453
776 7 11955
10135 9 18929
9379 5 25671
27892 9 1115
24093 9 12689
20770 9 3354
24063 0 18804
31526 11 3519
31075 9 28011
31727 11 22474
27809 11 22346
12689 9 1112
8623 0 12599
30269 9 18013
27104 9 23159
32554 0 13049
27821 9 28011
6074 5 22542
28011 9 24458
13854 0 24392
24651 9 28011
31394 9 28488
20207 9 28011
13741 9 28011
7241 9 98
20947 2 521
4489 9 11800
28011 9 11193
5667 8 27795
16101 10 98
20226 9 19898
28011 9 20884
12289 9 23575
13123 11 17962
6100 9 28011
28297 5 19840
21672 9 8466
4743 9 1714
25494 11 4743
18521 9 6943
7314 9 2875
15841 10 20226
11828 2 21057
906 9 28011
10154 11 16496
13359 11 29129
29311 9 7131
17064 0 27156
27477 9 28011
22137 0 33249
12149 9 21381
3161 0 32178
19095 0 18058
25794 4 23400
10641 0 26346
27560 9 12689
8466 9 26138
18425 9 8107
8332 5 14531
20826 9 4049
7560 5 3901
25753 11 20523
9421 0 28054
3620 11 7688
21021 9 12188
32636 0 8578
12689 9 3111
28011 9 7316
8281 8 10523
25981 7 14534
98 9 25615
27083 1 17457
873 6 13763
24573 5 27291
227 9 19050
10572 11 10170
12994 1 31045
24651 9 9634
28664 9 28011
25914 11 21723
29968 9 12689
14620 0 11586
17867 9 9432
29886 11 29680
31293 9 14480
25315 9 24907
28365 0 24128
14602 11 1735
24829 9 3354
31361 11 16918
31394 0 21454
25937 9 6032
3855 3 14976
13410 9 17729
18013 9 29086
6818 9 28011
28011 9 6398
30826 7 846
7131 9 8595
28011 9 33252
10481 8 11641
4801 9 27669
12689 9 5248
21276 6 27895
21956 0 14332
19211 9 9634
19211 9 31016
12689 9 12289
12289 9 12689
2933 9 12149
28011 9 31451
16316 0 3838
9285 0 28468
8061 9 202
14389 5 32257
8349 3 20792
17197 6 24631
10063 9 23575
12689 9 21847
8327 7 1093
30218 1 2492
12689 9 18013
4801 9 12289
20226 2 23186
7331 11 21194
11664 11 30414
8906 10 20226
28011 9 27226
134 10 20226
27772 0 17524
6927 9 12689
512 9 30953
19211 9 33245
16093 9 2375
29307 9 20325
18936 0 13602
18633 4 26440
4249 0 26280
1649 0 33133
26124 0 28695
16496 0 18849
29827 8 30011
32227 3 27729
29147 8 29858
24547 0 24563
28011 9 12689
14464 11 25070
31785 9 3354
22071 11 24509
15564 11 22031
24484 4 320
28011 9 15996
18537 11 4217
8936 9 12689
31113 9 28011
4654 11 17501
243 0 14776
5237 0 32419
6910 11 6902
25659 9 18359
19059 9 28011
23680 11 323
31061 9 13131
17519 1 1364
12362 9 3697
3314 7 7858
22037 0 19663
13007 0 22861
12677 11 9635
6030 5 1071
10044 11 25829
22515 3 4249
13487 0 28195
12237 11 243
10796 9 28011
12362 9 19633
4249 0 19022
33221 9 28155
10779 9 6398
31061 9 14878
12188 9 30726
28883 0 28012
12689 9 28011
16543 9 3231
4801 9 21057
21057 9 12689
19662 11 8095
1115 9 10178
11861 11 24547
3207 8 8004
23412 6 31690
8137 0 17987
17193 11 25092
11585 11 10796
2542 3 26124
27139 9 28011
24093 9 24529
23806 0 8887
12362 9 21892
10178 9 27064
906 9 28805
15047 0 19914
20790 9 18484
1112 9 11130
14976 0 11653
29411 9 2375
9509 9 18013
17954 11 20732
12188 9 12035
20217 11 5127
23458 9 8363
18723 4 28379
3354 9 21388
33215 8 24181
14194 9 18013
21273 9 23877
22131 0 31320
28011 9 12689
18935 0 11156
29637 6 26644
28777 0 29305
28011 9 4743
6908 0 29775
28011 9 30512
906 9 9823
12689 9 12289
2254 3 1220
12289 9 16888
17748 9 16968
7953 0 29285
30010 9 20958
3769 9 17944
5009 0 13732
12689 9 15579
4139 9 28011
28011 9 420
27500 0 26378
28011 9 15400
6079 0 891
28011 9 28540
71 9 16309
21672 9 1721
14214 9 25156
13189 9 26506
30797 9 20877
13032 8 13204
22435 9 2375
8811 9 12689
8872 9 12689
28011 9 12844
2886 9 25196
29921 8 25098
14214 9 18936
12689 9 9954
12289 9 28100
30000 0 18146
16496 0 24150
20637 6 13108
18867 0 16489
21273 9 30797
4014 9 2792
31934 9 28011
12689 9 28011
24140 0 5863
31942 9 22257
18940 0 1738
23457 3 4249
20305 0 31204
26639 11 29903
12689 9 16093
13210 9 6578
9419 9 28011
5577 11 18580
28011 9 7386
18223 6 9041
24093 9 19517
12810 2 27762
3266 3 6635
2186 4 22304
14976 0 22941
4249 0 13061
29791 11 32440
29953 9 28011
33191 9 15489
12411 0 30762
2983 11 1623
15160 0 30334
18228 0 15640
17755 9 6289
10509 9 10447
21672 9 27226
27477 9 31017
23732 6 20999
25050 11 6599
12689 9 9634
27017 0 15327
13697 0 11316
5742 9 5742
21273 9 9634
2708 9 31994
30779 0 1562
6671 9 19387
12689 9 385
31934 3 31955
15557 0 26839
19808 9 30337
19127 9 29041
33317 11 11807
12689 9 4801
7592 5 18560
32921 5 27765
2265 3 13697
5463 9 11462
28444 11 906
23789 11 24839
24829 9 30797
30948 5 17111
9419 9 28011
22367 5 18074
29861 0 28699
25236 3 31989
15558 1 3726
3388 0 23673
8797 6 32514
20226 2 6286
9634 9 1112
5375 0 26582
16990 11 1780
31782 9 16363
22749 0 32507
23449 9 8466
16838 9 12689
13874 9 14214
9245 0 7507
18576 5 26568
12689 9 21761
12906 8 29458
22265 11 12882
21863 9 32513
8496 10 20226
16212 11 25674
32891 0 21363
12689 9 24152
21571 11 9033
16919 9 30258
25181 0 32782
17020 0 29467
12362 9 9756
23451 9 27386
21270 6 23721
32467 7 2417
1910 8 29099
30082 0 13700
8555 11 11097
27477 9 16902
3336 9 6100
2708 9 12689
27200 0 22062
12689 9 5427
16121 9 15375
12328 11 5816
23103 5 14973
12689 9 32951
13578 9 21574
12689 9 25937
9347 11 30421
26843 6 4015
16948 11 26920
19615 11 29045
1623 9 13131
17140 11 17895
19033 9 13489
12689 9 6944
29679 5 9751
32102 11 29194
13832 11 22474
22685 11 15602
7871 0 31969
4161 6 4506
12689 9 24897
16954 8 3294
8595 9 18013
12689 9 26377
28011 9 27844
27697 9 8466
5337 5 22885
4249 0 21204
24975 6 25959
29700 9 3697
31852 11 1162
22964 11 20488
28011 9 29957
1966 2 29777
26609 0 16093
19057 9 22567
21864 9 21898
4165 0 2978
12511 0 32498
6589 5 21385
25315 9 28011
2666 11 3167
3909 7 21926
32975 10 20226
25399 11 1691
26887 5 29369
6635 0 4404
8407 9 3569
15489 9 3245
264 9 26982
21280 0 16330
18949 10 20482
98 9 4801
29821 9 6388
31893 9 14353
15232 11 21981
1659 9 11548
30387 9 19072
1619 9 28777
12804 8 20863
15151 9 17463
12689 9 9419
12689 9 9756
28777 9 12689
1000 0 16116
7651 9 3244
30898 8 9049
1838 8 25075
20914 0 25647
12689 9 6994
20942 9 17798
7462 11 27413
12111 5 25519
22124 11 4580
4014 9 4917
21273 9 19893
3079 11 16044
13252 0 4027
9786 11 22031
6510 6 19431
32897 9 8466
21273 9 17463
28715 0 3599
7651 9 25516
33063 0 16812
16588 11 14242
28011 9 4801
15964 11 21428
16888 0 440
21373 11 20920
19568 9 28011
3559 9 7794
17673 2 23202
6700 11 15579
30471 11 5871
21425 8 23562
9634 9 21273
32250 11 10570
9634 9 16309
33040 11 23934
1343 5 24396
12115 9 4801
28805 9 26429
6943 0 16032
28011 9 4249
14977 11 31946
25249 9 2600
15750 0 29686
15393 9 1482
16724 2 16304
27821 9 284
3231 9 18988
28980 11 10591
17698 9 29424
12689 9 5135
12289 9 10846
11222 11 19524
31934 9 23370
28910 11 15520
13131 9 22997
14419 0 32138
20019 9 13832
21801 11 19927
23575 9 19466
23769 9 32561
16487 5 27038
20093 1 28424
32592 9 21847
20226 2 7203
6100 9 6100
10907 9 13832
3245 9 4801
22310 9 28011
9419 9 16888
28063 9 28011
31721 11 17224
2633 10 21854
28011 9 9634
18482 0 6200
32235 5 12208
28011 9 28132
15887 9 18013
15393 9 858
20207 9 12689
25315 9 31347
12289 9 12289
9193 6 30563
28011 9 6635
9485 9 21021
17110 0 29761
6701 0 14813
12689 9 31075
3958 5 25925
28011 9 28294
6908 0 9709
12340 9 19211
6786 9 2336
3901 8 18464
7248 11 23242
28011 9 22322
18181 9 8011
3146 10 25115
22290 0 17249
6314 9 23390
27980 0 11216
10816 11 16044
24154 8 20979
8221 0 24148
13852 11 26429
28011 9 28011
20804 0 16649
3231 9 29700
32738 0 18851
2446 9 12362
5130 5 31968
31785 9 32235
19211 9 12689
17557 3 4249
27924 8 8629
3628 5 21486
3206 9 22959
28777 0 2933
14662 0 3164
17226 9 13667
31760 11 14987
31566 8 20712
26179 11 30767
20362 7 24343
12689 9 12289
21665 9 24860
10796 9 12689
29411 11 30135
32573 7 30695
22251 9 28540
20402 0 30719
5867 0 26445
10156 9 12689
12882 0 13176
30135 0 30096
12470 2 4534
14214 9 227
8357 5 8607
25156 9 18670
29311 0 6555
9634 9 20019
13281 9 16309
10685 11 27180
27054 5 8786
27821 9 8241
19033 11 22990
17992 9 27226
29793 9 12383
28859 0 9191
6000 9 20894
2254 9 9756
28011 9 27190
4249 9 24811
31989 0 30244
8385 11 20814
4193 9 8466
27653 5 29187
12689 9 28777
4979 9 12689
29650 9 1944
28011 9 23490
4249 0 10603
33253 11 22724
26564 9 28011
6414 9 32250
11691 5 24219
9439 5 11877
2193 11 8298
14530 0 14072
11426 9 28011
1839 11 13641
30833 0 10159
20942 9 858
18105 0 5419
17436 6 830
22680 0 23778
28011 9 9634
14480 11 19059
24920 3 29977
12689 9 20896
18529 0 12859
29096 6 29441
28503 11 19384
31080 8 19181
12362 9 12689
28287 9 5742
20095 9 12689
3606 0 32785
31926 11 25267
2314 11 22031
21902 11 20244
28011 9 12289
1567 0 12485
7741 0 30211
28011 9 23633
12689 9 30915
23855 9 32307
11274 1 975
12289 9 8473
3972 9 12383
21847 9 28011
12689 9 12689
4801 9 11643
23763 0 3742
20649 5 6220
13018 6 15871
21428 0 16279
27892 0 23986
15187 9 12362
27821 2 27821
19715 0 21867
30446 9 21556
727 6 17322
9159 11 32005
12689 9 25564
31942 9 11156
31946 9 31946
29040 7 7310
29236 3 17000
15984 9 906
16234 0 30693
1310 0 24848
2254 9 12362
32250 9 31785
10135 9 2375
12282 11 32863
7901 0 20915
18013 9 4532
30337 9 12689
7618 9 4161
12689 9 22982
12021 5 17465
10227 9 9015
8152 5 16215
16121 9 32575
5894 4 28144
15091 7 1007
17655 0 22394
22990 11 6725
1574 8 8286
2016 9 28011
1276 9 13236
11609 5 1221
31061 9 4801
11280 9 28011
3619 9 9432
16121 9 27519
21196 9 18670
7297 9 27892
19025 9 26305
18825 9 12689
30797 9 22320
22125 5 28216
19194 0 30569
2455 11 28225
25685 0 19099
16287 9 7155
98 9 98
9244 9 12689
4249 0 25138
17946 9 23852
32859 9 25105
682 0 17943
24409 3 27284
22786 3 7018
3671 11 31189
23271 7 19459
28011 9 20535
22317 9 12115
8810 3 15774
2432 5 2688
1888 11 24964
5742 9 5742
9183 4 31271
2708 9 12689
29141 11 25633
22250 8 10381
32445 0 25565
12689 9 19211
28259 9 11462
31075 9 25582
14214 9 29495
30233 2 32790
31626 10 15650
20448 8 2426
918 11 22418
906 9 28011
25183 11 31309
27420 9 20753
28926 9 26305
10901 5 22629
29725 9 21057
32994 0 25141
7290 10 18929
12149 9 12689
12638 10 20947
28011 9 13314
5490 11 2238
394 7 32815
20019 9 28011
20894 9 29194
28011 9 14184
12798 5 25234
12867 8 2358
9954 9 20570
9634 9 12689
28777 9 12289
4801 9 9756
19896 0 18976
18929 9 18929
18110 9 12689
18723 4 14587
9823 9 25129
31922 9 12126
30743 0 3545
28011 9 18471
71 9 8935
1636 9 23780
27024 9 12689
19851 11 20652
6414 9 28011
7540 2 22965
14033 2 8199
1529 11 26111
29826 9 27365
30609 9 322
11901 11 19857
10877 11 31074
12689 9 7493
5933 9 14691
24093 5 12018
1909 9 20734
16137 0 2232
33084 11 20742
20512 0 22185
906 9 4801
17025 9 15579
3313 11 28248
31430 11 10062
16121 9 12689
7785 9 2375
18193 0 11216
27630 0 31397
10150 9 7791
5320 11 29793
3041 9 12289
28100 9 28011
6578 9 11807
7763 0 11721
28600 9 21021
30476 5 4709
30171 0 24155
12689 9 323
4583 11 14957
22665 0 32434
172 11 33305
22331 9 28890
28011 9 32943
24060 9 23004
7131 9 28011
3909 0 21437
2375 9 1067
2254 9 33319
16838 9 27226
17111 8 5714
27187 9 12689
906 9 9457
14976 0 27251
28731 6 7591
28011 9 30742
9754 6 618
12121 9 12689
20513 9 30598
16167 6 12002
26097 11 29700
22796 9 12826
14530 9 28011
18936 9 10754
29656 0 7452
9457 9 12289
9931 9 14808
28011 9 8466
11382 11 30852
24567 5 2314
7972 11 28277
6931 9 4208
1221 8 29694
10484 11 10525
26442 9 11712
17049 9 12689
4009 5 17077
28011 9 28805
18929 0 17405
11029 9 15858
30917 9 5491
13894 9 13131
18306 0 19969
32215 9 27892
8402 9 30662
8982 10 5451
1691 0 15366
8097 8 31537
22324 9 24285
31593 11 1691
28011 9 7910
16309 9 21908
6906 11 27660
28011 9 29076
1212 11 7688
2375 9 27226
13131 9 28011
17041 11 31910
12009 7 5157
17934 9 26001
10432 11 17259
20958 9 21021
2364 0 29058
21273 9 4942
