9419 9 16888
12362 9 12689
9634 9 12689
3231 9 18425
25426 9 19211
4839 9 4801
6927 9 12689
28011 9 31451
30917 9 5491
31113 9 28011
8811 9 12689
32102 9 30797
18737 9 9225
98 9 98
12689 9 12289
16121 9 32575
29700 9 27187
12121 9 28011
17539 9 17655
27015 9 13832
4801 9 9756
28011 9 4801
10509 9 10447
15306 9 9536
28600 9 21021
3697 9 28777
12183 9 24427
12689 9 18013
14832 9 21462
23466 9 24060
21347 9 2792
29650 9 1944
30685 9 10785
16121 9 15375
33251 9 18471
20942 9 24396
12149 9 12689
12689 9 19276
6100 9 6100
18988 9 27350
27477 9 16902
12289 9 28011
9634 9 19211
30797 9 22320
28011 9 4743
10135 9 18929
18737 9 29411
12689 9 4249
12362 9 19633
6414 9 32250
27187 9 12689
14214 9 12689
31061 9 4801
19808 9 30337
9954 9 20570
26623 9 29032
18181 9 8011
12689 9 6821
13874 9 14214
28100 9 28011
18936 9 21629
16968 9 11462
21273 9 19893
12289 9 28011
12689 9 25937
8841 9 31148
10971 9 4801
12689 9 22796
7131 9 28011
28011 9 27660
28011 9 18471
19149 9 12289
31782 9 16363
12689 9 1112
29038 9 20828
28011 9 29076
28136 9 13048
28011 9 28011
1112 9 31151
4014 9 2792
31393 9 24125
27560 9 12689
9419 9 28011
28960 9 3979
28011 9 27660
28011 9 16492
6950 9 29280
32897 9 8466
12689 9 18714
21273 9 8464
24829 9 30797
24517 9 9427
25315 9 12289
4249 9 12046
23667 9 7284
20947 9 24427
2708 9 28777
19025 9 26305
20878 9 30620
12689 9 4905
24651 9 28011
12362 9 3697
13189 9 26506
29700 9 3697
32254 9 11157
14214 9 227
4039 9 28011
8936 9 12689
31075 9 28011
18013 9 29086
20019 9 18013
10252 9 28011
3619 9 9432
2375 9 28011
30115 9 10644
31366 9 9756
18737 9 866
12689 9 21761
19384 9 28011
5637 9 10931
32215 9 27892
28011 9 15520
30244 9 25197
15136 9 18740
2254 9 33319
20575 9 22251
16121 9 12689
12689 9 3619
13796 9 30797
6818 9 28011
20019 9 13832
12689 9 30797
10227 9 9015
1659 9 11548
28011 9 14643
19276 9 10509
16309 9 18737
3206 9 22959
9419 9 9529
16702 9 3952
25958 9 29411
28011 9 21194
14059 9 12689
14106 9 28011
7068 9 14308
4340 9 7223
30010 9 20958
21672 9 8466
98 9 25615
28011 9 15400
3820 9 18552
10150 9 7791
2254 9 12188
14106 9 23598
11029 9 15858
12689 9 6578
7297 9 27892
14214 9 29495
20513 9 30598
10796 9 12689
7131 9 8595
28011 9 18641
13551 9 12689
27024 9 9740
21273 9 9634
28011 9 18174
24093 9 24529
5157 9 4801
5463 9 11462
98 9 4743
3354 9 8968
28011 9 12943
22796 9 12826
16121 9 12689
20958 9 21021
2375 9 12689
12689 9 25315
28011 9 32627
7535 9 32892
12689 9 5248
22435 9 2375
28963 9 21453
21335 9 2708
5658 9 26298
1276 9 13236
227 9 19050
20513 9 28011
7306 9 28011
8595 9 12112
24586 9 32252
12340 9 19211
12689 9 12362
19211 9 12689
31893 9 14353
18670 9 29953
25554 9 24942
12289 9 1112
31293 9 14480
22982 9 12689
29953 9 28011
4014 9 858
16838 9 27226
9669 9 8514
21273 9 9509
12689 9 31448
28011 9 7316
9634 9 20019
2909 9 10110
16838 9 12689
2708 9 12689
30772 9 19415
28011 9 11193
906 9 9457
28011 9 28294
4039 9 27064
12689 9 16093
31942 9 22257
28011 9 32943
28011 9 6398
28011 9 7057
24706 9 1112
27064 9 13131
7241 9 98
18737 9 28926
28627 9 25833
9634 9 21273
23490 9 25222
12115 9 4801
12689 9 15400
12689 9 31599
26982 9 28011
3697 9 12289
12689 9 28011
4801 9 12289
227 9 32414
14184 9 27892
28011 9 9634
33319 9 2446
5420 9 17226
7808 9 18193
18714 9 31785
25084 9 28011
18567 9 9233
28011 9 19732
4249 9 535
23488 9 15847
20610 9 28011
30360 9 1189
29826 9 27365
12689 9 12689
18324 9 25524
4979 9 12689
25772 9 32250
28011 9 28011
28777 9 12689
4743 9 1714
12689 9 1486
3245 9 28011
16287 9 7155
906 9 28011
6414 9 28011
12689 9 24152
15393 9 858
21863 9 32513
2446 9 12362
1619 9 28777
23776 9 20942
10380 9 3619
12362 9 12362
7314 9 33266
19464 9 5768
4979 9 7944
16968 9 31806
18929 9 18929
28011 9 27226
906 9 28805
10884 9 12689
12689 9 9419
7272 9 6100
21672 9 26524
27187 9 12689
20019 9 28011
1112 9 8936
28777 9 23390
17307 9 12289
12689 9 5135
3231 9 6120
14634 9 31209
2375 9 27226
29725 9 12362
10121 9 32099
17798 9 16888
512 9 27794
12689 9 9954
22324 9 24285
4839 9 8466
12689 9 25222
28011 9 2375
4801 9 11643
175 9 28011
22563 9 13534
18425 9 8107
28011 9 28063
7695 9 28011
21057 9 12689
4647 9 29062
14530 9 28011
906 9 9823
12188 9 12035
12689 9 12289
28011 9 28132
12689 9 28011
26981 9 27024
13249 9 10038
4185 9 12689
12689 9 12289
4959 9 25772
12362 9 9756
13073 9 3972
3972 9 163
28154 9 32281
3040 9 28926
2016 9 28011
3273 9 6403
10779 9 6398
28805 9 26429
19057 9 22567
4801 9 28926
4249 9 24811
2528 9 28011
13832 9 353
21574 9 17139
31061 9 29411
16038 9 12689
20513 9 13583
29793 9 16888
12121 9 12689
17226 9 697
3354 9 8968
15984 9 906
19033 9 13489
6314 9 22660
10178 9 27064
19893 9 29083
2886 9 25196
12689 9 30915
2375 9 1067
13741 9 28011
13739 9 28130
30564 9 32897
420 9 24114
17992 9 27226
11156 9 5440
16543 9 3231
17755 9 6289
29086 9 22488
29927 9 28011
12689 9 28011
1115 9 10178
18670 9 202
17226 9 13667
20894 9 12689
12689 9 4637
27821 9 8241
5427 9 10478
12689 9 31075
19211 9 31016
17025 9 15579
14832 9 12689
16121 9 27519
28011 9 33252
28011 9 12689
8936 9 28540
20226 9 19898
14214 9 18936
12689 9 11117
12689 9 5427
12289 9 12289
3336 9 28011
9931 9 14808
27455 9 28011
8466 9 26138
6931 9 4208
27151 9 21437
906 9 28011
18714 9 5157
22022 9 27683
28011 9 12289
12689 9 28664
20207 9 12689
20770 9 3354
28011 9 14184
11426 9 28011
28259 9 11462
23878 9 21437
9634 9 18471
22310 9 28011
10135 9 2375
32885 9 24527
71 9 16309
28011 9 23633
15887 9 18013
9457 9 12289
1567 9 28507
31394 9 28488
12689 9 6818
28011 9 27190
9634 9 19211
28011 9 23914
9419 9 5325
175 9 12689
11106 9 28011
28011 9 28849
4647 9 28011
28116 9 1623
7910 9 204
1173 9 12689
12383 9 12689
21672 9 27226
28011 9 20535
4801 9 29076
28011 9 2535
22982 9 11725
12289 9 18936
8407 9 3569
6032 9 17539
12188 9 30726
11670 9 10417
30609 9 322
12289 9 12689
12149 9 21381
11280 9 28011
19059 9 25958
19233 9 5742
16255 9 25554
15880 9 32585
10796 9 28011
9329 9 98
12689 9 3111
12689 9 12289
18825 9 12689
30446 9 21556
25932 9 29194
10509 9 24517
2185 9 4801
687 9 29411
4208 9 18141
858 9 19384
32501 9 3393
3231 9 18988
28011 9 19722
21428 9 28011
10907 9 13832
24529 9 12689
5742 9 9954
18567 9 5618
24651 9 9634
29134 9 31348
12689 9 28777
12289 9 6503
15842 9 3245
28011 9 30425
12390 9 29062
27420 9 20753
12689 9 17698
9262 9 4764
21273 9 4942
28011 9 15996
30387 9 19072
24093 9 19517
21847 9 28011
27821 9 28011
6578 9 28946
22475 9 25206
28011 9 30726
28287 9 5742
31061 9 14878
12826 9 28011
12689 9 12362
14530 9 28063
26982 9 22435
6786 9 2336
12845 9 18326
19130 9 28011
18013 9 12289
12689 9 20896
31785 9 32235
21908 9 24829
28011 9 9020
2708 9 12689
7503 9 11955
25937 9 6032
15393 9 1482
21907 9 20942
12689 9 23490
12689 9 22982
23575 9 19466
28011 9 17539
21672 9 1721
29700 9 12689
71 9 8935
894 9 17287
17698 9 19732
21273 9 30797
4801 9 3955
12689 9 27930
23449 9 10227
24829 9 28011
906 9 4801
26429 9 21826
27028 9 12689
4801 9 21057
10907 9 10907
3559 9 7794
28926 9 4039
12383 9 19276
16093 9 28011
27094 9 22182
13210 9 25156
23877 9 28011
12289 9 8473
26442 9 11712
16912 9 7145
33311 9 12689
21321 9 29062
28011 9 5461
24829 9 3354
13578 9 21574
17698 9 29424
4801 9 32764
19216 9 30674
32501 9 28011
28011 9 11725
28011 9 7910
20894 9 18929
25315 9 31347
12689 9 26001
12362 9 5686
12689 9 28011
26564 9 28011
15816 9 9419
13131 9 28011
1326 9 12689
21349 9 7808
12689 9 9634
3231 9 6902
12794 9 21879
7131 9 28777
28011 9 24458
17056 9 29487
31922 9 12126
23599 9 11193
27015 9 9548
27519 9 12689
12362 9 21892
1728 9 7651
6989 9 17816
28011 9 15107
9548 9 1356
29411 9 2375
26335 9 27964
28011 9 1567
21273 9 17463
13049 9 7808
4014 9 12689
17867 9 9432
12689 9 28011
353 9 866
12289 9 4249
6858 9 27660
10220 9 12289
21273 9 23877
23449 9 8466
24829 9 4633
1113 9 25772
21864 9 21898
24093 9 12689
15273 9 18567
12689 9 28011
16354 9 2375
28011 9 26008
12289 9 23575
4139 9 28011
12689 9 3534
27844 9 3245
27024 9 12689
22317 9 12115
28011 9 13697
30758 9 31064
8595 9 29411
28011 9 31255
10178 9 18929
28011 9 420
9509 9 10509
12689 9 11970
29958 9 30797
28011 9 29957
19732 9 28011
12689 9 8740
32575 9 28933
14327 9 28011
17748 9 16968
12689 9 4944
30797 9 20877
19229 9 17816
11736 9 32592
4489 9 11800
28011 9 13189
2708 9 12689
25715 9 12689
3959 9 12689
12689 9 9634
26639 9 1335
12289 9 12689
7005 9 26564
9634 9 21273
32252 9 28011
12689 9 15579
8663 9 28011
29725 9 21057
175 9 28011
23266 9 7554
19478 9 18013
16121 9 28011
13697 9 24891
29793 9 12383
15489 9 3245
14384 9 20884
24942 9 3955
12689 9 21847
27852 9 24643
28011 9 30512
31934 9 28011
4205 9 13131
15187 9 12362
28011 9 30742
12689 9 385
20146 9 4801
13354 9 2111
12689 9 323
14386 9 12821
8281 9 31782
20279 9 21907
20207 9 28011
5742 9 5742
8466 9 6711
28011 9 28805
33311 9 16684
4801 9 98
29953 9 7808
26658 9 28540
18936 9 10754
16309 9 21908
276 9 1112
3231 9 29700
26036 9 19464
27477 9 28011
12689 9 12689
11346 9 9634
9634 9 21273
18471 9 4335
28011 9 2538
21321 9 9353
18907 9 21273
12689 9 25315
1112 9 11130
5036 9 26036
28011 9 16309
20483 9 11193
28011 9 6635
24359 9 15922
16888 9 15483
1680 9 28011
2933 9 12149
9634 9 1112
28011 9 27844
18521 9 6943
8473 9 12689
13410 9 17729
16492 9 9634
10959 9 19690
16268 9 4743
10509 9 14059
4249 9 21257
28011 9 18471
21021 9 12188
28011 9 21826
19063 9 12289
13894 9 13131
32250 9 31785
264 9 26982
10817 9 26571
13832 9 10135
27104 9 23159
12689 9 31946
15400 9 5639
25156 9 18670
17950 9 13410
9859 9 30049
28011 9 12289
13210 9 6578
16339 9 28011
18822 9 12689
3354 9 21388
30318 9 21021
17934 9 26001
7651 9 25516
28926 9 26305
28946 9 4801
28011 9 23449
21196 9 18670
12689 9 9756
3245 9 4801
12689 9 32951
12362 9 12689
9717 9 28011
25659 9 18359
18988 9 28764
19050 9 31395
28011 9 9634
5742 9 5742
1788 9 11643
29821 9 6388
2254 9 9756
27892 9 1115
21332 9 31942
13493 9 26124
22331 9 28890
20942 9 858
9669 9 25197
6100 9 28011
23463 9 7651
98 9 4801
28011 9 22322
31785 9 3354
28011 9 8466
12689 9 1900
12188 9 12689
10509 9 18018
12689 9 14807
12689 9 28011
20095 9 12689
10728 9 12689
29796 9 12362
13493 9 27477
32592 9 21847
31061 9 13131
15151 9 17463
7651 9 3244
29311 9 7131
27806 9 21908
9954 9 12689
1944 9 31061
12689 9 16888
8595 9 18013
15165 9 12362
20325 9 28011
6671 9 19387
27697 9 8466
12689 9 12289
165 9 16985
4939 9 11193
27821 9 284
13832 9 14308
13131 9 22997
24060 9 23004
3914 9 12689
6578 9 11807
12689 9 26377
6032 9 25771
8137 9 24829
10156 9 12689
16838 9 3231
2375 9 10235
30281 9 18239
32215 9 19211
32553 9 12689
18110 9 12689
18714 9 25772
33312 9 10227
28011 9 12689
12689 9 12362
4097 9 21273
12689 9 18013
17049 9 12689
4801 9 27669
1623 9 13131
8402 9 12289
13697 9 6391
9419 9 12945
28777 9 3972
21629 9 21388
8936 9 23974
28011 9 4249
27420 9 906
25315 9 24907
12689 9 6994
12689 9 2708
12289 9 16888
13281 9 16309
1909 9 20734
12689 9 4801
20894 9 29194
4701 9 11967
8402 9 30662
28777 9 12289
23452 9 12689
2500 9 28011
28011 9 12844
26442 9 9225
8402 9 12689
14214 9 29086
17867 9 31242
31075 9 25582
9634 9 28011
4801 9 11618
3972 9 12383
4633 9 4801
31903 9 25615
19211 9 9634
12689 9 20268
18567 9 15273
28011 9 29280
31942 9 11156
4433 9 10846
12689 9 25564
12289 9 16378
6100 9 28061
7808 9 12362
32797 9 20019
4014 9 4917
9634 9 16309
14214 9 25156
27139 9 28011
12689 9 16121
6032 9 32943
14194 9 18013
12689 9 12289
13493 9 12689
28011 9 20884
8872 9 12689
10381 9 29311
33191 9 15489
23451 9 27386
28011 9 7651
14214 9 12689
6003 9 29750
30337 9 12689
29413 9 12689
12689 9 7493
9634 9 21864
23458 9 8363
13236 9 17307
24262 9 16821
227 9 10135
24517 9 16795
14530 9 21898
21665 9 24860
9634 9 19211
23575 9 12289
7785 9 2375
1636 9 23780
9550 9 13313
16492 9 10904
2375 9 22488
4161 9 12689
248 9 5904
12689 9 6944
27519 9 12689
14878 9 31946
27064 9 7155
15151 9 9634
16093 9 2375
18988 9 12362
22251 9 28540
29307 9 20325
9353 9 12689
29998 9 13466
13989 9 28011
27566 9 12105
9419 9 28011
25222 9 17867
3769 9 17944
6314 9 23390
19211 9 13131
2938 9 30281
19127 9 29041
6112 9 1271
27519 9 25821
28011 9 4249
12689 9 9557
7618 9 4161
11016 9 28011
12689 9 19732
30269 9 18013
12689 9 12289
25584 9 19464
21332 9 12689
7314 9 2875
5325 9 9419
25249 9 2600
8041 9 14214
18013 9 21283
8061 9 202
19211 9 9634
12689 9 24897
18013 9 4532
10327 9 12689
25315 9 28011
2708 9 4185
29968 9 12689
8936 9 28011
3041 9 12289
6000 9 20894
17946 9 23852
12289 9 10846
28011 9 29445
31934 9 23370
4801 9 8466
2254 9 12362
27477 9 28011
28011 9 22959
24375 9 29086
1524 9 21984
28011 9 7386
28011 9 23490
17539 9 9149
5933 9 14691
9485 9 21021
28011 9 13314
20942 9 17798
16494 9 17139
20826 9 4049
33221 9 28155
2375 9 28011
32859 9 25105
28011 9 12635
27104 9 25156
21908 9 23575
19722 9 30337
13832 9 23855
9244 9 12689
12689 9 5995
9935 9 30269
25374 9 23102
16378 9 28011
9509 9 18013
19343 9 12689
10687 9 12689
29725 9 28011
22183 9 28011
2708 9 31994
5658 9 27566
3336 9 6100
31946 9 31946
10252 9 25315
12362 9 21599
9823 9 25129
28063 9 28011
12689 9 19446
23687 9 12689
12689 9 28011
20565 9 4543
12689 9 32252
12689 9 28061
19211 9 9634
512 9 30953
4801 9 28011
27024 9 12016
20790 9 18484
23855 9 32307
23266 9 23449
24272 9 2327
2345 9 10884
19568 9 28011
16919 9 30258
28664 9 28011
24517 9 12689
19211 9 33245
30512 9 18857
4193 9 8466
28011 9 9669
11213 9 12689
12689 9 12689
23769 9 32561
27477 9 31017
10063 9 23575
28011 9 12689
12289 9 28100
10779 9 20513
10846 9 28011
28011 9 28540
24657 9 24838
17698 9 12689
3245 9 32854
12689 9 19211
33311 9 2938
98 9 12689
11725 9 12689
19059 9 28011
29086 9 3769
10220 9 18951
4615 9 12689
15349 9 12362
18670 9 6954
12689 9 11157
1339 9 23148
26982 9 3972
20776 9 28011
21847 9 3231
5440 9 28011
30674 9 12689
13127 9 7489
7234 9 4249
12188 9 22869
2933 9 23877
12289 9 12689
22640 9 27660
32554 9 19059
7808 9 12689
26982 9 12689
12289 9 2708
30793 9 28011
16378 9 28011
8938 9 32660
12689 9 26001
12689 9 24396
19544 9 29826
7417 9 28650
5768 9 21540
12689 9 23449
6100 9 5995
12289 9 33177
19143 9 5645
30512 9 11130
7110 9 12689
25043 9 3336
6786 9 12689
14474 9 13359
12689 9 3569
19343 9 7123
12289 9 12689
28011 9 29041
3245 9 28011
3972 9 23390
24152 9 13037
16492 9 4801
28993 9 25156
12362 9 12689
4249 9 7948
6179 9 11157
16492 9 9509
18013 9 27700
18325 9 18453
12121 9 33191
28011 9 4838
27669 9 12689
1451 9 3709
2972 9 12689
31061 9 4313
14592 9 12289
17729 9 12689
22435 9 8123
10893 9 4014
9634 9 19343
31143 9 12689
12689 9 29725
6711 9 8177
2739 9 28011
11213 9 15273
12289 9 9329
23411 9 4014
2375 9 12383
3697 9 2055
1112 9 28011
9309 9 16684
385 9 30797
14479 9 25084
21321 9 866
4408 9 1482
12188 9 906
29092 9 13048
27697 9 3354
28011 9 13099
25070 9 7064
18356 9 2375
27794 9 27532
28011 9 28540
14321 9 9823
20513 9 21321
8428 9 18714
10227 9 15520
16838 9 2846
20884 9 29725
3955 9 23984
12689 9 32885
14308 9 13189
12689 9 25841
15579 9 3709
12689 9 12289
28011 9 31091
6112 9 28011
12289 9 14878
25560 9 15017
25714 9 11999
28011 9 23575
12383 9 28011
23252 9 28011
2375 9 10971
27660 9 5465
31994 9 18552
12689 9 906
26442 9 28011
32356 9 9529
9634 9 9126
9634 9 28664
23041 9 28011
12362 9 3697
19059 9 27013
28011 9 31782
28805 9 13048
26699 9 12689
19204 9 13832
31942 9 3448
28777 9 6414
2933 9 12289
12289 9 12289
26982 9 9208
6927 9 28011
10796 9 5238
2487 9 26982
12289 9 2375
28011 9 3914
17919 9 12689
12689 9 12689
22251 9 21903
18521 9 2708
12132 9 12689
20513 9 23855
15521 9 28011
28011 9 16492
12362 9 12689
8264 9 2557
23575 9 14032
28011 9 12289
28011 9 16093
12689 9 16093
32899 9 5210
24009 9 9634
25571 9 28011
11980 9 4801
7913 9 12689
12689 9 2446
18526 9 13874
21462 9 28011
12689 9 17748
13131 9 28551
29129 9 2375
23277 9 31782
3245 9 20942
6711 9 12289
6273 9 8657
3965 9 12689
858 9 23466
13187 9 19276
21273 9 2375
19211 9 9634
28011 9 19677
5325 9 22183
30258 9 30258
1728 9 12689
28011 9 31722
24897 9 6985
13131 9 491
31189 9 26132
14930 9 14878
22998 9 25631
21908 9 17937
6032 9 24902
18638 9 27794
7910 9 27660
12689 9 15284
1920 9 161
33197 9 4743
12689 9 28011
28011 9 25744
4694 9 1944
9457 9 27477
9823 9 6100
29062 9 17319
5491 9 12087
175 9 28011
27775 9 28011
17436 9 9634
28011 9 12689
19808 9 12689
2250 9 11230
28011 9 6617
12383 9 16161
12689 9 28011
28063 9 3231
446 9 6598
31994 9 28011
2725 9 16968
12689 9 19059
906 9 7613
7064 9 28011
21672 9 2375
28011 9 2938
230 9 2243
12689 9 1326
2007 9 4489
3277 9 29140
8091 9 12689
4406 9 27628
32892 9 27094
28011 9 31091
32103 9 302
21908 9 26018
11970 9 27669
28011 9 7901
15136 9 18738
12121 9 9396
2792 9 14032
27660 9 7695
10197 9 19211
18425 9 31903
12289 9 12689
2708 9 24874
15682 9 28011
16309 9 227
21335 9 3231
28011 9 31209
23776 9 25315
4905 9 866
7354 9 4839
31341 9 23575
12689 9 28011
15579 9 8658
10381 9 15375
12689 9 19690
24734 9 7266
17820 9 24907
8797 9 12689
5546 9 14691
7695 9 28011
12689 9 17934
12689 9 30384
18737 9 21321
15400 9 4642
1112 9 20959
31209 9 20682
28011 9 3959
14718 9 12689
13106 9 15664
12689 9 329
6270 9 20840
25271 9 18486
29385 9 6848
28926 9 14884
28011 9 9144
32817 9 13127
13696 9 32049
28011 9 28664
28777 9 438
30049 9 13808
1856 9 12289
5742 9 12188
12289 9 28011
4839 9 30434
29796 9 10213
858 9 12689
12689 9 13493
28011 9 11559
28011 9 2185
12689 9 30024
12689 9 3955
22982 9 4665
28011 9 16737
13049 9 7808
23277 9 27566
15584 9 6314
1115 9 28011
17181 9 28011
30434 9 12689
12689 9 906
9634 9 19211
15289 9 10752
21550 9 28011
33245 9 13638
9634 9 28011
1112 9 9015
19956 9 12689
9634 9 19211
3902 9 32252
28011 9 4030
12689 9 28011
13750 9 31123
1112 9 2375
28011 9 12689
866 9 2254
4801 9 12362
866 9 29022
19276 9 32250
23004 9 21370
21672 9 24860
30269 9 28011
6297 9 30564
12289 9 21826
21273 9 165
12689 9 21984
3697 9 28777
19938 9 12390
16968 9 12689
885 9 18425
28011 9 16684
28011 9 20521
33319 9 7808
31946 9 28011
33319 9 31152
28011 9 19033
16314 9 12689
8658 9 23878
7316 9 2528
9823 9 28011
27606 9 3747
16376 9 12689
1239 9 16224
12689 9 12689
12689 9 31088
6578 9 12689
9634 9 18181
15379 9 12689
28154 9 23411
71 9 6941
12689 9 12289
28011 9 4917
28938 9 13168
12289 9 31946
19059 9 27512
29868 9 26377
23449 9 30797
21908 9 12689
19149 9 12289
11019 9 25893
7808 9 23466
28744 9 10135
1497 9 12689
11725 9 12689
12689 9 32252
11193 9 14479
4647 9 28011
12689 9 5465
14815 9 18951
12689 9 2384
30433 9 12689
587 9 27821
28011 9 17805
23575 9 28011
12689 9 13714
31150 9 18425
30779 9 7272
12689 9 15489
13131 9 28011
19373 9 28011
27200 9 8595
28011 9 14032
31065 9 7711
27137 9 9468
28011 9 12689
28849 9 28011
1769 9 6980
2641 9 31942
16093 9 28011
30785 9 1522
12689 9 4743
33245 9 12289
13832 9 30609
13037 9 28011
26084 9 3801
32052 9 536
12689 9 9322
29129 9 8759
28664 9 5118
12689 9 29608
11756 9 21672
18326 9 23390
20011 9 12689
27669 9 12289
28063 9 27803
1567 9 20019
9529 9 1680
19343 9 28011
6908 9 25315
4801 9 9509
9309 9 27187
18013 9 7272
1635 9 28011
1806 9 25222
13599 9 22679
33311 9 12635
11643 9 2254
16287 9 12689
4488 9 12689
25902 9 25950
12689 9 19504
11280 9 26315
28011 9 12689
28011 9 12289
12689 9 23769
17946 9 32602
2375 9 15520
12689 9 12289
8514 9 19286
31994 9 28011
9208 9 3914
23058 9 12689
14289 9 9194
28011 9 29826
2933 9 15225
12689 9 19211
14416 9 33031
19383 9 4293
12689 9 12689
20513 9 33191
5375 9 6398
2254 9 28011
25223 9 7314
6902 9 28011
19884 9 20770
9669 9 21255
21429 9 21672
26124 9 30425
16101 9 15386
24829 9 21670
28011 9 14106
12689 9 11016
29092 9 8466
11762 9 30294
26340 9 10995
19373 9 18714
28926 9 24629
5616 9 19633
21388 9 2446
14957 9 876
11083 9 28011
9634 9 4801
3604 9 10110
28011 9 27953
12289 9 3955
12794 9 28011
6410 9 4637
9634 9 19211
9717 9 21556
19384 9 29750
13131 9 4801
10324 9 12689
5157 9 5157
29608 9 17540
19050 9 28011
9756 9 2375
12362 9 12689
18857 9 17297
12689 9 25426
3354 9 4185
535 9 2254
26877 9 25852
6617 9 15887
31393 9 12689
29616 9 8657
19790 9 7329
16268 9 10227
9609 9 8740
25315 9 13236
10220 9 10931
4801 9 19732
23449 9 24527
21667 9 8904
21273 9 12689
858 9 12689
10846 9 12689
6728 9 19211
5427 9 21335
21984 9 1623
31946 9 24829
28011 9 15471
25552 9 28011
3354 9 12689
25902 9 5825
4888 9 13551
28011 9 24427
20281 9 17576
22638 9 6100
24811 9 18641
22022 9 28011
7519 9 13131
13384 9 19050
22183 9 4801
4161 9 11193
21177 9 22123
11195 9 3697
5050 9 18013
20770 9 12689
20698 9 20698
23575 9 7329
1434 9 12289
4801 9 16097
32405 9 8523
12689 9 6100
26695 9 31979
24272 9 17817
27999 9 31435
21908 9 28938
6711 9 12689
28902 9 29660
30674 9 28011
21603 9 1112
12689 9 2708
28011 9 29868
13131 9 20925
4801 9 14214
12689 9 25564
26001 9 26124
1567 9 98
17049 9 353
2557 9 4847
31782 9 3206
27794 9 4647
30915 9 25308
6100 9 7651
1112 9 21908
2375 9 264
28011 9 30887
16118 9 32235
12689 9 4801
4615 9 12689
12289 9 4743
9419 9 12689
7146 9 28011
4801 9 13033
323 9 12689
4249 9 18988
6112 9 1112
1567 9 18670
98 9 12689
4743 9 12689
4406 9 21273
22251 9 13977
17805 9 8372
9756 9 15489
24375 9 28011
26036 9 28011
13131 9 12362
19384 9 12689
9634 9 19211
8686 9 18581
12289 9 9015
13048 9 12689
19033 9 28011
3231 9 25070
28011 9 7910
302 9 28011
12289 9 25964
21273 9 17463
14214 9 32250
14824 9 9634
12689 9 11148
19690 9 227
420 9 2375
28011 9 12362
12689 9 25222
12689 9 11213
3914 9 8657
7808 9 21864
9309 9 16684
4249 9 28011
4647 9 13236
12689 9 28011
4905 9 12689
12188 9 12188
1952 9 21196
8407 9 13127
12289 9 29411
8968 9 12689
4562 9 14273
19276 9 23411
4801 9 12689
23034 9 28011
28011 9 9634
28011 9 3127
18557 9 16378
3448 9 8151
5325 9 22183
21908 9 29080
16991 9 28011
16838 9 13236
24651 9 28294
22013 9 30789
9208 9 29307
12689 9 23449
28011 9 33311
9457 9 3972
26982 9 19211
33243 9 18723
20770 9 8374
12289 9 12362
25315 9 9634
17698 9 26429
18331 9 31979
28063 9 28011
24427 9 12411
22435 9 9144
6100 9 12689
16829 9 4185
21907 9 12689
19211 9 9457
28011 9 16634
4801 9 25156
23088 9 2375
9634 9 25920
28011 9 16599
15375 9 32138
12689 9 15105
25770 9 28011
4433 9 12689
894 9 14386
20770 9 21370
27386 9 3193
33191 9 28116
21273 9 24547
20682 9 12289
5440 9 30258
14059 9 24485
3697 9 9475
4185 9 31946
23277 9 15349
4801 9 12689
3264 9 24811
12689 9 1635
3245 9 29998
26483 9 28011
4801 9 10038
26458 9 10509
19296 9 9900
7618 9 27024
32592 9 8466
18988 9 12016
12362 9 27477
25821 9 27953
14214 9 23058
25315 9 17798
25229 9 31347
12689 9 12689
5686 9 12362
4161 9 12689
12689 9 23449
16121 9 12689
353 9 4014
23390 9 9634
32414 9 7190
15291 9 1567
4615 9 21280
12689 9 4647
30286 9 15596
27187 9 28011
7910 9 12689
7910 9 5440
6786 9 21257
1623 9 4694
3697 9 27519
24829 9 9634
876 9 25315
28011 9 4801
25852 9 23877
16968 9 5440
29305 9 9149
9563 9 12689
28011 9 14691
17817 9 18737
6455 9 26429
12689 9 30269
25599 9 28011
25197 9 30049
24501 9 13131
23633 9 8936
7651 9 17567
21826 9 20513
28011 9 28011
28926 9 9669
14059 9 28011
3972 9 13375
19722 9 28011
32278 9 4014
18013 9 12289
12689 9 4801
28011 9 12016
21737 9 28011
28011 9 5463
12383 9 23466
6578 9 27477
28011 9 7808
20925 9 7329
28011 9 16435
28650 9 32429
12689 9 13099
28011 9 19337
28011 9 31088
12362 9 20513
3336 9 23034
7009 9 29725
15489 9 24388
21273 9 9634
13236 9 9438
20840 9 12689
28011 9 25537
12689 9 8405
2377 9 27854
906 9 441
4665 9 23110
9284 9 30269
12689 9 1543
22488 9 13131
4801 9 12289
29700 9 18714
13314 9 5742
1331 9 22911
24529 9 16121
24829 9 17261
12689 9 25715
2750 9 6578
28011 9 9634
13578 9 28011
21321 9 12689
12689 9 26036
12689 9 12689
7563 9 12689
28011 9 1326
28011 9 9468
6954 9 1728
10817 9 12689
18178 9 18013
6577 9 14777
22183 9 21908
28011 9 9284
3697 9 12689
3245 9 4801
23449 9 28011
5304 9 16458
4647 9 15331
28011 9 19059
23612 9 11426
8936 9 9185
14386 9 6635
1112 9 9329
25524 9 28011
20513 9 23855
30797 9 4647
12689 9 27168
9634 9 21388
19732 9 5157
12689 9 8740
18471 9 28011
16699 9 20947
12689 9 7131
12188 9 19211
29998 9 19211
9419 9 28011
28011 9 13667
18324 9 32660
18523 9 31061
12689 9 20895
31946 9 8414
4801 9 29796
25973 9 29927
20033 9 1189
7306 9 27512
12689 9 21892
8670 9 28011
16465 9 31797
1728 9 21672
32278 9 23776
17808 9 12689
4193 9 19211
23451 9 18737
7808 9 20884
25945 9 22488
15600 9 31946
14815 9 8009
26036 9 3965
28011 9 12345
9634 9 13625
10523 9 29038
3769 9 18740
21381 9 6186
12689 9 9015
28011 9 12689
4562 9 8473
1555 9 13894
13359 9 8658
30758 9 13409
15256 9 7354
12689 9 28011
28926 9 8811
14474 9 12689
28011 9 28805
26036 9 12689
1173 9 30674
10380 9 14479
27420 9 12689
12362 9 24909
11762 9 12689
21574 9 12689
28011 9 3072
27477 9 3336
12689 9 10846
98 9 3231
18471 9 28011
14327 9 28011
29009 9 12689
12689 9 2296
12689 9 3231
23034 9 32951
14184 9 20163
28011 9 28011
15014 9 32278
28777 9 12689
28011 9 10156
8759 9 28011
14327 9 23877
12826 9 6711
14551 9 17054
12689 9 4039
13361 9 11147
12689 9 3801
12689 9 24891
31016 9 12689
12689 9 549
28011 9 4743
17957 9 4801
22660 9 24618
10509 9 28011
21892 9 22803
27884 9 12362
5276 9 16339
9634 9 19211
6100 9 9823
12689 9 13739
28011 9 28011
28011 9 5179
25902 9 25454
16492 9 6100
5995 9 12689
4532 9 29968
16867 9 10227
24293 9 8740
12689 9 27566
28011 9 27477
31285 9 28011
33191 9 12689
2033 9 15762
28011 9 11725
26036 9 12689
23877 9 858
21021 9 21556
4489 9 12362
28011 9 27498
13739 9 24023
5496 9 12362
1523 9 12689
12689 9 30258
28011 9 16378
9509 9 31393
30779 9 15393
4433 9 28011
7223 9 11807
28011 9 31347
12689 9 2254
6927 9 18929
4743 9 538
4405 9 9634
6100 9 9823
13741 9 15984
23999 9 2674
22310 9 28011
14214 9 12689
12689 9 6016
12689 9 10063
28011 9 13102
71 9 28404
12289 9 5397
12689 9 27028
28964 9 28011
12689 9 28011
6297 9 9309
27844 9 28651
13131 9 10198
12689 9 243
28011 9 29076
12689 9 7948
28011 9 21629
28011 9 16684
6250 9 28011
5397 9 20908
12689 9 18929
24897 9 21915
12689 9 4405
4407 9 22488
4743 9 17054
21273 9 33311
28011 9 28011
16268 9 31332
19211 9 12689
30797 9 30797
23411 9 12689
24124 9 12689
28664 9 4801
13888 9 4900
26250 9 16435
29700 9 27884
30674 9 28011
27798 9 6289
2938 9 4801
1093 9 12689
27697 9 12362
28011 9 19732
13210 9 3354
18081 9 1067
28011 9 12689
6708 9 19130
12689 9 28011
15003 9 27658
4521 9 28063
29953 9 9634
3914 9 17934
18141 9 2018
7223 9 7326
28011 9 27386
1815 9 12689
12289 9 4532
28011 9 24907
15559 9 4801
27519 9 98
27024 9 29038
9634 9 6288
4801 9 26036
33311 9 33245
16684 9 28011
1173 9 20513
25635 9 28011
26110 9 32252
28011 9 25902
2375 9 7999
32948 9 9397
28011 9 23004
31113 9 7532
25315 9 4801
25772 9 25197
2402 9 6923
16377 9 12689
4039 9 6100
18425 9 8740
21588 9 4208
9636 9 21908
19149 9 12289
27024 9 23877
17560 9 7329
7999 9 28011
12689 9 31785
28011 9 844
16634 9 4801
12689 9 4532
12362 9 12689
19033 9 13131
21761 9 13131
20894 9 33211
27519 9 20208
17748 9 7910
10523 9 28011
4049 9 8151
28011 9 17867
28011 9 2938
12689 9 1137
22683 9 3697
18557 9 29793
28011 9 27892
12016 9 136
32104 9 3662
14106 9 22567
18141 9 14214
3436 9 12689
25271 9 12362
12689 9 28011
19127 9 21437
24811 9 12689
4647 9 12289
27794 9 12689
9435 9 27187
28327 9 12689
1728 9 4647
32277 9 8759
