3314 7 7858
1574 8 8286
16826 3 4249
11664 11 30414
12111 5 25519
7785 0 13882
13022 0 658
17193 11 25092
3909 0 21437
172 11 33305
18325 11 21564
2620 3 9276
23386 0 10233
16515 8 24620
29960 0 17383
13192 11 23781
13444 0 10717
13852 11 26429
11478 11 25472
21937 0 18615
32556 11 21451
10314 8 9838
32554 0 13049
6521 8 15166
18940 0 1738
27786 11 20977
13493 0 7826
1276 1 30782
8168 11 20055
16954 8 3294
28859 0 9191
25070 0 18975
14143 11 25685
30087 8 11790
9737 6 29242
30000 0 18146
4249 0 19022
8623 0 12599
10733 7 16079
22031 0 32447
1691 0 21952
30223 11 24823
26690 7 28460
26926 11 2832
10901 5 22629
3313 11 28248
1221 8 29694
25477 8 26847
32219 11 8444
14602 11 1735
31394 0 21454
11609 5 1221
21571 11 9033
13714 0 22130
16948 11 26920
25236 3 31989
6701 0 14813
12638 10 20947
15408 0 263
9149 0 59
9496 11 16044
29714 11 10801
11222 11 19524
30948 5 17111
8982 10 5451
27630 0 31397
21540 0 20242
19517 0 22751
22290 11 19219
20295 11 9974
1838 8 25075
10467 11 3713
26700 0 28839
5703 11 28517
29177 2 19678
4249 0 25138
32235 4 5740
1621 5 7045
5521 8 3810
19930 0 4734
25115 2 30742
2901 7 9902
14976 0 27251
14715 0 1197
31566 8 20712
3124 11 32488
20795 0 28528
22988 8 16503
2953 7 4267
21270 6 23721
29013 11 17256
15816 11 25997
2193 11 8298
26083 11 11548
4740 0 4401
13280 0 10784
20914 0 25647
25779 11 31515
16071 5 27544
4249 0 21204
32975 10 20226
1966 2 29777
13493 0 17812
11858 11 7767
3620 11 7688
29827 8 30011
28777 0 27028
22724 0 13897
1310 0 24848
6472 0 20382
15995 5 7873
2918 11 9250
9183 4 31271
4895 0 13910
4590 6 5882
8315 6 18737
26887 5 29369
19176 11 5281
12572 5 31492
15558 1 3726
18525 5 15808
5375 0 26582
21801 11 19927
11901 11 19857
24975 6 25959
5796 0 8758
22163 0 20911
24920 3 29977
31722 11 3720
29679 5 9751
22318 11 291
30082 0 13700
20947 2 521
4654 11 17501
13018 6 15871
22600 11 16912
7370 11 23243
18936 0 13602
6008 2 6381
6589 5 21385
30744 5 1221
12882 0 13176
10033 10 4937
7540 2 22965
22955 3 4695
22780 6 10042
19048 11 11807
30269 6 7235
24063 0 18804
1649 0 33133
15964 11 21428
27980 0 11216
12025 11 19973
5681 11 4052
29236 3 17000
16888 0 440
21425 8 23562
4249 0 32200
18929 0 17405
8221 0 24148
21280 0 16330
9573 11 13603
4583 11 14957
31157 11 26045
20985 11 10641
1839 11 13641
19560 11 5281
20718 11 14132
14530 0 1211
4389 10 897
25292 11 22705
7741 0 30211
22984 11 15083
17655 0 22394
32505 11 26795
20015 0 18347
10816 11 16044
22176 11 16237
17197 6 24631
28462 2 18637
32636 0 8578
19057 3 20383
11691 5 24219
25310 0 13183
10685 11 27180
14662 0 3164
19254 8 28706
723 0 30654
22515 3 4249
7464 5 1314
14530 0 14318
7331 11 21194
24154 8 4476
9552 0 1356
16605 11 7452
18529 0 12859
16724 2 16304
9754 6 618
5577 11 18580
10154 11 16496
20402 0 30719
18723 4 14587
22131 0 31320
15670 5 1378
16588 11 14242
15073 0 32050
5838 8 30741
27510 11 32863
27054 5 8786
15543 0 27050
29921 8 25098
30233 2 32790
20637 6 13108
1665 11 23983
20226 2 6286
27907 8 14102
32408 0 23996
23732 6 20999
32102 11 29194
7857 11 29474
24370 8 9480
10013 5 15051
14389 5 32257
9439 5 11877
17041 11 31910
17706 0 6902
8555 11 11097
7290 10 18929
29854 7 7453
27809 11 22346
18867 0 16489
31727 11 22474
23389 0 21905
29391 3 16620
14296 1 8379
134 10 20226
17673 2 23202
16713 11 14242
9145 0 8057
13319 0 12719
327 10 28449
15160 0 30334
15144 7 4030
31626 10 15650
12711 7 6746
1282 0 9392
16389 3 4249
26179 11 30767
33253 11 22724
32440 0 7757
22964 11 20488
33084 11 20742
21432 7 21772
8357 5 8607
11212 11 29990
2350 0 22252
19851 11 20652
8810 3 15774
8281 8 10523
15091 7 1007
6484 7 14158
22336 0 9736
32304 11 27079
22124 11 4580
29184 2 25425
20305 0 31204
3698 8 11427
10484 11 10525
30218 1 2492
32587 0 2557
20093 1 28424
12237 11 243
4742 11 30384
1543 6 10437
3855 3 14976
28777 0 29305
25938 3 19224
18261 0 18476
22031 0 1351
13603 0 17772
24851 0 31524
22764 4 10702
27892 0 25337
21927 6 21927
6475 11 21824
16718 2 32166
23404 11 19205
10308 11 13649
15517 7 15517
5009 0 13732
12511 0 32498
12867 8 2358
19303 0 10812
4165 0 2978
23957 11 25582
3146 10 25115
21655 7 14562
24374 0 2530
19650 5 20748
10619 1 15969
10047 8 28469
29580 7 30463
4735 8 26667
9412 8 12435
29040 7 7310
4044 0 30590
4762 1 8542
14530 0 14072
13854 0 24392
30471 0 20226
3492 11 33326
28777 0 2933
5130 5 31968
19847 11 14824
22129 11 18926
3975 11 33046
3606 0 32785
9421 0 28054
31473 6 18929
26843 6 4015
11484 0 18393
1000 0 16116
29090 0 3897
2186 4 22304
23388 5 11011
28715 0 3599
29411 11 30135
9019 11 18929
4567 11 29700
5209 5 20503
5411 0 18248
8496 10 20226
17976 11 15012
25685 0 19099
13697 0 31828
29667 11 25075
31989 0 30244
1386 3 8670
23763 0 3742
22786 3 7018
5772 0 16237
31080 8 19181
20890 0 10871
14543 7 12689
27986 5 21220
18223 6 9041
33251 0 25139
11382 11 30852
4671 5 17990
6908 0 29775
27772 0 17524
5237 0 32419
30833 0 10159
30171 0 24155
32358 0 9941
21902 11 20244
26779 6 19386
3173 11 24448
28297 5 19840
27500 0 26378
22265 11 12882
30135 0 30096
19715 0 21867
5772 0 8325
28910 11 15520
27504 6 10581
28810 0 30707
6635 0 4404
21780 11 7131
2955 11 2185
23680 11 323
9832 11 11132
25794 4 23400
880 11 6537
916 8 3464
29232 0 3738
17020 0 29467
24573 5 27291
5708 3 264
7560 5 3901
30993 7 1680
24285 0 30981
22493 10 30301
25181 0 32782
7763 0 11721
14598 8 689
14565 5 24542
9798 3 2137
6700 11 15579
14033 2 7090
31462 0 17854
3958 5 25925
32250 11 10570
18935 0 11156
12282 11 32863
27017 0 15327
18105 0 5419
1683 0 33211
32575 11 28392
21373 11 20920
3909 7 21926
3079 11 16044
22176 0 22055
21069 7 25055
9347 11 30421
31934 3 31955
25050 11 6599
17954 11 20732
23767 8 29776
15330 3 13697
21937 0 25735
32525 0 13665
1910 8 29099
32264 0 16558
4297 0 20050
7871 0 31969
23282 0 19114
7972 11 28277
5565 0 21673
27639 7 21481
22125 5 28216
29637 5 12208
31926 11 25267
6074 5 22542
938 0 11135
9196 7 18929
19074 0 32585
27221 11 7677
23262 0 5254
10923 0 16578
23480 11 15842
18576 5 26568
13808 10 31191
29088 0 32517
21908 0 17702
25949 0 3121
22037 0 19663
7484 0 5070
6841 0 23277
1567 0 12485
16365 6 19870
18919 11 2317
31783 0 5995
13252 0 4027
16227 6 3697
18482 0 6200
12906 8 29458
6435 11 9963
31852 11 1162
6510 6 19431
7131 0 3858
17797 2 587
1343 5 24396
22290 0 17249
7901 0 20915
27890 7 8142
22142 11 27046
32445 0 25565
20211 11 11085
2792 6 29130
11073 5 9677
24567 5 2314
5968 5 29734
3207 8 8004
22890 5 16810
13493 0 22096
31721 11 17224
9213 0 3590
7351 7 12968
24409 3 27284
19909 0 12085
29656 0 7452
19539 11 17256
17858 11 4598
24140 0 1357
20512 0 22185
8688 11 14662
13123 11 17962
10085 11 3468
23073 11 19259
1648 8 8498
7592 5 18560
29671 7 11526
17403 5 332
10934 0 17069
5337 5 22885
25595 0 22338
14419 0 32138
21113 11 4536
23412 6 31690
22680 0 23778
8732 11 22724
13864 0 20913
23828 8 9494
3703 5 1922
22071 11 24509
10389 8 26409
18840 5 11957
20226 2 7203
5443 11 24960
1691 0 15366
29147 8 29858
4497 8 9280
6980 0 28333
32467 7 2417
22665 0 32434
22749 0 32507
10529 8 6791
13832 11 22474
16316 0 3838
1691 0 30898
20591 11 20576
30898 8 9049
3502 10 27644
3628 5 21486
8385 11 20814
22217 5 15631
8076 0 621
13314 0 71
26832 11 23034
10758 1 4884
5894 4 28144
30620 0 956
24484 4 320
22367 5 18074
170 11 15225
27801 7 10631
8332 5 14531
30172 8 15879
4249 0 11238
31430 11 10062
21561 6 21561
5667 8 27795
7953 0 29285
1888 11 24964
11642 0 29153
3266 3 6635
20362 7 24343
31526 11 3519
32402 8 941
18125 10 9915
17839 7 17383
6771 11 13126
25981 7 14534
25399 11 1691
8194 5 28647
4249 0 22619
30301 2 5705
4712 2 4778
1529 11 26111
4249 0 26280
29806 5 13485
17922 11 8789
30743 0 3545
20848 7 19784
11509 7 11509
21771 8 32335
12411 0 30762
10648 3 32636
4153 11 20926
17739 8 24718
466 10 18760
22137 0 33249
6906 11 27660
28135 3 22547
24019 11 25835
28883 0 28012
19253 11 4553
24517 6 2921
10330 5 18548
14620 0 11586
30658 7 1266
18279 0 29440
13487 0 28195
29632 3 438
17432 11 18518
13479 10 27386
22370 11 22034
17436 6 830
2455 11 28225
27796 11 24839
19896 0 18976
3425 11 8317
15471 11 6786
29748 5 26568
13944 5 19539
30833 0 27602
2983 11 1623
8693 11 3699
11128 0 25241
15716 5 7202
9854 11 13219
25494 11 4743
26609 0 16093
243 0 14776
14804 10 12693
31593 11 1691
2398 11 13090
14033 0 3782
9455 11 11736
118 8 508
7242 1 27618
30168 0 20122
10044 11 25829
13506 0 15961
25797 0 2116
4249 0 26777
15557 0 26839
2265 3 13697
26088 7 9754
32863 0 311
10262 11 13714
8906 10 20226
10877 11 31074
18723 4 28379
33280 3 4249
19267 11 22093
727 6 17322
23230 11 24956
16496 0 18849
16212 11 25674
22685 11 15602
4044 0 27395
20217 11 5127
15895 5 21341
30212 11 32063
16234 0 30693
32994 0 25141
24936 7 22065
23103 5 14973
30491 8 14907
15643 10 6590
11961 3 13493
28980 11 10591
19033 11 22990
26124 0 28695
15327 0 2027
19332 11 20920
30779 0 1562
28664 7 11608
4292 5 21127
19095 0 18058
9881 11 16044
6910 11 6902
28347 11 32929
24851 0 16913
2185 0 26113
27653 5 29187
13359 11 29129
759 0 29690
27821 2 27821
19973 0 21357
2008 0 33193
26833 11 12090
10641 0 26346
9786 11 22031
24459 11 20069
3856 6 23506
13032 8 13204
17557 3 4249
27718 10 28650
1375 6 16873
15138 0 24231
12810 2 27762
32023 5 22778
15633 0 1924
4249 0 10603
25137 8 23966
16465 11 6956
11828 2 11695
20226 2 134
25914 11 21723
28365 0 24128
8327 7 1093
20983 10 12345
5350 10 31785
2748 0 4882
5729 11 20844
8789 11 26981
27200 0 22062
31729 8 19598
31760 11 14987
28154 1 6048
23789 11 24839
28444 11 906
9245 0 7507
12798 5 25234
6200 11 16337
19662 11 8095
5490 11 2238
12372 0 15545
32192 5 17098
16238 0 32920
7022 0 21246
2949 0 31784
27926 11 355
3388 0 23673
641 11 31134
29637 6 26644
2633 10 21854
22674 0 22198
26046 6 32533
9487 0 23154
32235 4 7819
23806 0 8887
21428 0 16279
16167 6 12002
14976 0 22941
21863 0 3444
4910 5 3657
16496 0 17953
30471 11 5871
10104 6 17671
20649 5 6220
776 7 11955
18228 0 15640
28498 5 19840
29068 11 6003
10572 11 10170
2086 11 6908
8349 3 20792
8563 5 8237
2542 3 26124
32668 11 13231
26097 11 29700
9285 0 28468
8752 11 3558
2866 0 32592
27892 0 23986
19861 11 32686
1452 11 13060
15284 0 32016
20855 6 16132
14251 0 20913
4706 5 2075
29141 11 25633
12470 2 4534
3901 8 18464
22282 0 6484
12804 8 20863
14777 6 24984
7248 11 23242
20804 0 16649
11359 0 6459
15750 0 29686
18949 10 20482
25753 11 20523
7866 0 27042
2314 11 22031
5307 11 29137
6008 2 18105
29791 11 32440
12432 3 6635
32444 11 24492
1924 11 27046
3063 11 6484
20639 11 4727
3821 11 10796
23271 7 19459
9712 11 33094
23166 5 4450
26899 11 23781
10432 11 17259
25183 11 31309
9285 0 21316
33317 11 11807
29311 0 6555
5119 0 5651
17218 7 13832
6796 0 27165
682 0 17943
2708 0 13268
9456 5 22005
16238 0 1398
7688 0 6934
27083 1 17457
11274 1 975
9379 5 25671
16137 0 2232
10811 5 24299
14990 11 24733
6030 5 1071
11828 2 21057
17963 8 29987
18306 0 19969
28375 2 4562
28731 6 7591
26639 11 29903
32440 0 14531
394 7 32815
14019 0 5135
20448 8 2426
2364 0 29058
6299 11 23282
14000 0 31143
12021 5 17465
33215 8 24181
29102 11 28862
3289 8 3775
24922 11 22130
32227 3 27729
12328 11 5816
28449 2 6423
8097 8 31537
33040 11 23934
32738 0 18851
27377 5 25399
7462 11 27413
15047 0 19914
9159 11 32005
27924 8 8629
3671 11 31189
5080 5 28308
24154 8 20979
21587 5 4200
11999 10 98
24140 0 5863
2566 11 4161
2869 11 6943
11943 5 8498
17064 0 27156
21276 6 27895
19615 11 29045
30417 5 16303
15232 11 21981
31251 8 1542
12970 11 13252
29861 0 28699
1788 6 1782
12677 11 9635
22981 0 25596
5320 11 29793
24547 0 24563
5461 11 30941
31361 11 16918
28282 0 6094
32573 7 30695
26884 0 3199
14464 11 25070
32396 11 5980
14169 5 17222
23986 0 14175
21956 0 14332
25269 11 2538
24254 0 30566
2254 3 1220
2118 11 24839
16064 0 10976
32138 7 16255
5777 7 8276
2666 11 3167
26001 6 519
13941 8 7448
10470 8 19007
17519 1 1364
18331 11 29821
22990 11 6725
2432 5 2688
246 6 18580
9193 6 30563
20226 2 23186
6173 11 15324
16101 10 98
11489 0 1890
24093 5 12018
6079 0 891
25391 5 11957
12009 7 5157
10840 11 33251
1212 11 7688
22724 0 28281
752 0 2635
7695 0 3134
27577 0 23042
20718 0 1481
13583 0 32916
8152 5 16215
18784 11 25772
21839 11 26857
15 7 33319
4981 0 5364
14977 11 31946
30476 5 4709
11585 11 10796
18096 3 15773
18633 4 26440
19433 0 24237
8855 10 6008
25867 1 32079
13529 7 28506
18537 11 4217
5828 10 20226
11577 11 15702
18637 10 28462
26138 6 21239
8137 0 17987
15734 11 16127
17111 8 5714
4249 0 23759
7721 0 29060
12267 3 4249
1377 11 32863
17140 11 17895
5889 0 13579
24193 6 23844
481 11 8134
30726 11 13739
14033 2 8199
30938 11 26327
12994 1 31045
32543 5 12169
4145 11 15633
17323 7 10067
918 11 22418
12480 11 10931
13875 0 30743
8797 6 32514
14976 0 11653
1362 11 21981
16651 5 11580
7205 0 21757
19894 11 30278
3209 5 17849
4249 0 13061
25406 8 12867
11725 0 19027
30826 7 846
6943 0 16032
4161 6 4506
13037 2 30786
16990 11 1780
29886 11 29680
19043 5 5095
2890 11 17555
30466 11 3535
15564 11 22031
25593 5 2316
24586 10 25837
707 8 26354
33063 0 16812
29096 6 29441
8820 3 4695
22047 6 22656
14480 11 19059
16487 5 27038
13697 0 11316
19194 0 30569
32891 0 21363
26001 6 19748
16496 0 24150
13007 0 22861
11861 11 24547
28503 11 19384
32863 0 15798
4199 0 23529
32235 5 12208
22031 0 3251
17110 0 29761
20269 7 17433
14390 11 24229
873 6 13763
5867 0 26445
18193 0 11216
6908 0 9709
23997 0 29504
22250 8 10381
9524 11 15767
20200 11 30109
32921 5 27765
30652 5 19874
10481 8 11641
6361 8 18955
27821 0 25414
22337 0 3224
30516 5 22471
8980 11 4152
7049 8 2092
26568 8 8297
26239 7 21312
21890 11 23391
4009 5 17077
9145 0 117
1998 11 11269
22848 5 21942
15841 10 20226
24132 0 11934
2909 11 22747
29581 10 8323
16581 11 369
19826 5 849
23626 11 25107
1868 11 13252
23457 3 4249
28101 8 981
1207 7 18633
31917 8 2862
3161 0 32178
30935 0 24957
27600 0 26645
25710 0 28124
8356 7 24484
8850 0 26783
6066 11 18326
25710 0 9240
21602 0 30322
10740 10 20226
421 11 10220
24547 6 33218
26640 11 15521
15349 0 6696
22764 6 11751
13098 3 4249
5665 11 23262
29652 11 30834
21222 11 27474
20095 11 5463
18929 2 7661
31723 11 18059
27191 8 12005
16729 11 26437
8413 5 11957
4405 0 15284
13697 1 7780
17479 5 26508
28764 0 2399
30083 0 16504
26506 0 12418
3782 11 14033
22699 5 8237
29028 11 18384
30175 11 32863
8460 3 26124
20725 8 19689
33250 11 2587
24888 8 11349
4413 11 26512
24291 11 25639
27333 3 27259
23772 10 6008
12587 8 5258
30703 8 33140
20657 11 9279
21843 7 21843
12763 0 15354
3442 11 14201
28651 0 6028
31498 11 7681
3269 6 5529
7321 0 17311
28818 5 17415
3808 2 18686
29836 8 4623
29106 2 15020
21956 0 317
9448 6 16811
9957 11 10495
13145 3 16646
6008 2 27421
11605 6 32903
5428 7 10737
23890 0 11573
14693 6 24874
29321 8 30729
33145 11 32180
27162 0 29782
12803 8 8753
28375 2 6477
12384 0 22992
17170 0 17329
31427 8 32035
7128 11 3779
1553 11 14572
27910 0 24966
27073 10 17797
11652 11 16887
24105 11 22282
10091 1 13979
27717 11 31503
31514 5 29349
5650 11 5281
16895 0 7839
4499 7 9223
19467 6 21072
2365 5 25321
7612 5 14616
18768 0 17009
8565 0 18235
16684 10 15650
21421 5 25364
3656 4 31877
8583 11 16496
17911 11 13765
31389 6 18545
24979 8 28205
25873 5 33167
17411 11 7011
18161 11 6537
2732 0 935
4044 0 13902
3322 8 11173
15794 0 9019
26386 3 2759
9300 8 20681
17097 8 20229
26172 7 4317
11343 0 10653
19487 8 5507
29000 0 12542
3935 11 30414
12875 6 30627
5036 7 20856
31041 8 17330
9990 0 20665
10287 2 19269
8203 6 13692
9289 10 25837
32935 11 19688
1975 7 26138
15117 11 15334
3447 10 28449
29129 11 30318
25472 0 26032
32235 4 4609
13493 0 3053
19772 11 2364
25485 0 10854
28635 0 18585
1949 8 27254
7184 4 28030
10585 0 31242
15567 6 28594
7205 10 6008
15415 11 8859
17195 11 32525
1396 11 30774
24839 0 32989
25055 6 12109
18304 2 19866
22903 7 25384
3960 11 11748
1972 0 29777
21822 5 3685
4249 0 16266
15316 11 11253
26267 11 17491
7375 5 30145
23196 3 9839
16357 0 9879
1050 11 32353
23148 0 19435
2376 11 21981
22640 0 7216
23282 0 947
24839 0 5970
3191 8 6569
16447 0 4057
32598 0 23067
12720 0 14032
16102 0 14718
8072 3 16646
6811 8 24221
3882 11 14662
7284 11 2399
30674 7 30674
1 7 31943
21060 6 9355
3855 8 25596
20162 3 4249
13207 11 4030
6008 2 32601
20192 8 1986
27779 11 11027
1620 7 28918
23839 11 9617
2183 8 32451
23915 3 21761
13790 8 28117
11807 0 28420
32388 0 27014
12978 11 32185
27351 8 20721
31291 5 2825
16998 11 32025
2087 11 27577
22031 0 13057
4657 8 5841
6329 6 33172
20140 11 3409
28024 0 20425
4087 8 21565
18723 4 8191
17671 11 32673
8541 0 29083
9540 4 23136
28651 0 16716
12998 6 1639
14736 0 22668
30688 7 14259
15677 1 4372
29052 6 9903
15128 11 17256
12478 11 27583
28202 8 14550
28154 3 4249
22125 0 32432
31146 8 1008
14610 11 31709
32638 11 33208
24469 5 3676
29976 0 2039
19237 0 31419
16914 5 24545
14614 11 25544
25881 11 171
4536 0 33115
6319 11 1310
16838 0 2757
26505 8 15286
16679 1 21255
8039 5 7522
31904 11 20844
2762 8 25234
31230 7 21481
5179 0 6432
15694 0 23273
8850 0 10102
1378 8 11059
23075 0 3927
33311 0 32159
9329 0 21882
22684 5 1378
25294 11 1735
12882 0 31777
28632 5 22500
15077 8 31095
1578 11 23909
759 0 16435
9416 11 10814
8758 11 4080
15682 0 1267
13990 11 31017
19728 0 20060
8853 11 15679
1093 11 4598
23034 0 28122
2972 0 14324
14699 11 4536
22851 0 16056
28493 0 26374
14561 10 22187
15209 0 22785
7807 8 7155
32235 4 10708
28245 0 8446
16004 8 108
23555 7 31556
1994 0 16953
31560 0 33048
1697 11 17880
3877 5 6062
30360 0 6609
22178 0 4319
31352 8 21919
28462 2 6566
3966 8 26786
25710 0 9383
18995 7 22971
17254 6 12563
24076 10 8034
2504 11 308
1521 11 25189
19079 0 423
6008 2 29417
22031 0 24075
20226 2 33002
2323 11 29045
11852 0 4862
33274 7 22463
1920 5 1918
27749 6 9323
8729 10 20947
20550 11 16496
10588 6 32159
9839 0 31891
10890 11 9320
26479 0 16592
18779 0 16086
12172 11 2918
29232 0 3983
29550 11 1310
3391 11 27386
22201 1 3619
4249 0 32584
32551 11 30822
4695 0 16079
6484 11 14646
13603 0 9744
18200 0 21603
28623 10 20226
16363 0 20787
1548 7 8253
22731 11 32005
27976 11 20924
4775 8 23828
6753 7 26377
10236 1 209
5620 6 32643
15447 10 7540
25070 5 2230
13679 0 24861
12141 10 17049
26248 0 29389
15182 0 5841
17064 0 30683
16044 0 27039
15794 0 20882
24515 11 4126
6993 0 11283
11506 8 24036
4954 11 23691
14419 0 5663
10247 0 19295
16496 0 11936
10884 0 21749
4885 0 26091
30278 0 31309
8666 11 28864
18163 0 31395
4589 0 25178
21010 7 71
32570 11 19984
22010 11 11012
3138 0 16758
8751 5 16011
32417 0 7535
1783 3 16383
6976 11 11878
18633 5 17222
11711 11 13832
18096 3 23252
18220 1 12860
12384 0 30657
2108 5 12609
30833 0 18665
3525 7 28711
17913 0 24424
21166 11 4599
1972 0 14338
8052 11 28416
10981 11 22449
8100 7 7977
30697 7 12931
473 10 15650
2465 11 23242
20555 7 10509
13396 0 13500
4201 8 794
14887 11 33028
7785 0 23506
18882 10 897
22687 10 10919
28506 8 30772
19802 8 4122
32143 5 5383
9681 6 1734
6472 6 6472
19789 11 25070
9247 11 30888
3909 0 14700
26150 7 26150
13755 0 8544
12876 8 24401
31380 8 5279
27624 5 10744
464 11 20844
27312 11 3186
9335 0 7972
28460 6 27312
17758 3 21057
25238 3 16838
13864 0 24702
17347 8 10597
23962 0 22095
24251 0 2497
33127 11 26323
6695 3 32636
13632 0 32502
28228 11 1693
15047 0 9211
23937 5 25956
17689 11 5966
22776 11 24044
11426 0 20805
1078 11 18582
31891 6 21995
1691 0 8181
18890 0 28459
9929 8 17735
14702 0 16326
4249 0 15249
21443 0 17451
16174 0 150
8185 6 14454
21824 0 12450
6728 0 12943
6078 11 2164
10455 3 31989
22222 11 16044
13527 11 26857
14240 1 24896
20548 5 31440
9825 11 17219
17538 7 25811
13243 11 30942
15650 2 2207
30231 5 22196
26124 0 23116
8912 5 29153
22108 11 9902
4734 11 19930
28731 6 5572
6737 0 23574
24011 11 22094
24506 0 3104
28809 11 10062
21372 0 4806
22196 8 2473
11556 0 11398
15538 11 16496
19349 8 22507
5318 8 15508
16268 11 16700
11504 8 4601
22103 11 13359
21121 0 26445
22908 7 17746
30414 0 9049
4743 0 6042
8390 7 33329
30760 6 9953
26295 0 17850
10251 11 22119
12554 5 4733
8134 0 481
4522 8 17500
12882 11 19690
1912 0 18211
14625 5 9444
21937 0 11284
14813 11 6701
1758 11 1336
32711 11 28777
7649 10 6008
8200 11 18081
18861 6 15694
27910 0 24324
30472 11 25472
32760 8 4290
13506 0 29249
19938 0 31407
16838 0 28654
28634 2 8338
6375 11 17985
13943 5 24484
28645 11 27844
29150 10 3808
4249 0 14051
24913 2 22590
2385 0 32762
21353 5 15846
28332 0 11639
12416 11 10796
25205 0 32371
19906 11 13321
8818 11 22628
20200 0 5546
1467 11 21459
17556 7 24966
10883 0 20410
26242 11 1169
2952 8 9058
23480 7 24629
71 6 36
29265 11 30414
12046 0 22504
2268 11 32016
9887 11 4677
29106 2 11539
5403 8 4693
30944 7 9754
9419 11 20615
25358 0 24207
25949 0 9190
29161 10 27821
3914 0 25287
2161 11 24616
12187 11 11695
18134 6 32815
4807 6 23016
16044 0 9556
13493 0 28851
22072 11 32842
3947 11 13252
11980 5 15626
13150 8 31801
28648 3 9839
31288 11 10982
12342 5 9483
12324 7 13018
18582 0 26088
1108 11 20010
31785 2 8689
32705 11 11045
2220 1 21851
8185 11 14976
22708 8 29385
8984 11 15633
11791 5 27007
12182 11 26352
15893 0 4151
16375 7 16394
14098 6 11686
29766 11 9417
30000 0 29434
30797 0 7355
13372 5 1601
21009 8 254
16802 3 22600
8868 0 1291
32949 0 7048
15991 6 8476
12023 6 15245
3560 8 15275
23877 6 32590
22265 8 11668
23546 0 26621
28412 11 32942
24758 3 24441
27964 0 23725
28722 11 2956
23543 11 29931
4036 0 5877
24374 0 18671
29173 11 30639
12794 0 23781
21121 0 9566
8791 11 1985
16769 11 18936
3276 10 6008
32186 0 11903
6895 8 13790
9902 0 3863
9602 11 21824
4557 0 14844
18898 0 19457
2570 11 22031
13832 6 2196
25632 11 18006
26361 8 16502
27808 8 2928
26518 11 30207
19989 7 19989
24493 11 16178
27788 11 15803
22541 0 5438
13067 11 16044
21898 0 14853
16514 0 23186
23639 0 17957
22692 5 13485
9362 7 24629
397 6 28812
14531 8 30801
2493 11 28249
7221 11 30779
18723 7 29052
18582 0 9105
13189 0 9962
4375 11 29195
22763 8 9409
8656 0 508
27052 0 24330
29515 6 23914
12062 11 7501
23371 8 694
18930 8 16647
29459 11 29998
12193 0 26133
20447 0 27382
26352 0 14982
28482 0 9441
17867 6 16948
485 0 17844
20612 0 13285
25803 0 3336
27172 11 21824
906 0 30264
3207 8 13323
31922 0 20942
13714 0 19391
26835 11 4819
3054 3 15664
28072 5 11957
18151 0 22104
20967 11 8850
6067 10 30483
25837 2 2057
9669 11 29927
2391 0 25904
30588 10 26885
23243 0 23018
25710 0 10727
9855 7 16784
11828 2 5467
16996 11 15039
8160 11 5683
13970 0 1756
16665 5 32720
16779 11 15821
12775 11 2603
9754 0 30751
20759 0 2930
30439 11 19519
1249 0 1656
32554 0 31092
13481 11 3140
12431 11 20814
20038 10 31191
18381 6 3050
16587 5 18660
15662 8 20333
30946 11 20212
30762 0 9550
4249 0 25500
21101 11 24673
1780 0 21990
24100 5 31488
12000 0 15699
14872 11 26724
210 11 22493
8281 7 29306
29382 0 19122
23282 0 30172
5062 0 13518
9089 0 18382
25189 0 28339
1249 0 18707
849 5 21576
32463 0 3303
31981 11 1425
21445 6 15967
5207 3 4182
23348 8 15578
7527 10 6008
32863 0 23919
20612 0 30438
3027 11 18935
13152 11 28737
25197 6 4340
21981 0 23243
29186 5 17471
24527 0 13923
18935 0 8681
11890 11 32587
20926 0 4153
21182 5 24219
21372 0 1335
29221 0 12822
21478 5 18930
15521 0 26640
23873 11 31075
21494 11 25070
7794 7 28731
31087 5 27695
29407 11 7711
9878 3 11085
19372 11 4217
9816 10 14655
587 11 5618
13493 0 21972
11447 8 20507
3373 11 16641
20159 11 30162
5887 11 6385
3715 0 3586
8896 5 28197
18737 11 2377
22609 11 17724
18207 11 7711
17193 0 7013
19466 10 6957
25660 11 7525
20769 7 21773
31061 0 27285
32302 5 19802
32429 0 4568
27116 7 911
8323 2 33047
16242 5 1514
23695 8 3141
25055 6 24427
27583 11 27146
13887 11 6537
1830 0 10368
4748 0 27884
18067 7 32350
25337 7 6098
5413 3 31075
5173 11 2344
5017 3 31242
4950 3 22153
9018 5 5598
10826 5 27586
1691 0 11240
18713 11 23673
15284 11 28651
32993 7 24193
31548 0 5866
1310 0 27954
6008 2 27033
7160 5 9789
16473 5 13264
30171 11 2422
2042 11 30852
30787 11 16600
30531 7 17511
2968 5 12562
25731 11 12915
5567 10 13210
28692 0 29271
33053 5 22091
14146 3 16646
8850 0 7015
25837 2 5618
6484 11 28399
16646 0 12869
30620 0 11030
6537 0 22494
21109 11 4536
10396 8 15595
15532 7 31389
32853 0 14686
1961 8 5131
6967 0 10175
4270 11 15966
7458 11 14305
3315 0 13506
4632 11 2366
31045 1 8679
12857 11 15664
30301 2 16653
5917 11 9126
7225 10 10667
6484 11 15633
4378 0 25387
24285 0 9151
5 8 12170
31922 0 2549
490 6 13308
125 2 17300
23482 11 23868
14242 0 23100
2375 11 8241
24126 11 25338
10141 10 31191
23601 0 32110
24063 0 2556
6765 6 13164
31142 11 27772
6892 8 23742
5985 7 32884
25472 0 13751
14112 11 23277
23876 5 1853
14069 5 17993
6464 0 31854
8650 11 30278
3637 11 4750
25565 11 32445
28699 0 945
16380 0 13008
28699 0 21389
5300 10 22406
10671 11 25710
13913 7 720
14900 0 30945
15225 2 27680
9001 11 29390
5736 11 9507
21240 0 30698
9276 11 6943
5807 0 14287
2678 0 33238
8665 2 2150
25624 0 19075
19245 0 1115
1364 1 17519
27498 0 9978
15633 0 15328
9738 11 17256
4764 11 16888
11821 8 14669
9365 0 17335
27610 11 25070
30666 0 1527
22031 0 28091
19416 5 6911
3808 2 27249
639 6 14633
26370 11 31848
7229 11 20878
28862 0 7034
16833 0 26168
17411 5 33301
13430 6 21561
22724 0 1634
33251 0 32246
19122 11 4370
28176 11 32863
29382 11 30939
25837 2 22748
3977 8 15846
24030 11 1691
10263 11 13739
13196 0 17922
9244 0 21627
24323 6 32358
14862 0 32964
17063 11 15408
3556 0 4801
16018 7 143
30300 11 16895
24081 11 4536
22037 0 31237
18742 5 9
23781 0 18117
29052 6 25042
9285 0 23492
27694 7 11955
11309 5 26870
27126 5 18131
25729 0 4257
22938 8 12936
3808 2 30409
1743 0 17049
17583 8 704
5616 11 21981
2651 11 25144
5456 0 26293
17366 5 4200
33067 11 2896
7649 11 28404
33245 11 12341
33279 3 4249
28044 5 5854
31379 11 24932
16895 0 20602
2182 8 28258
32673 0 11360
85 0 9417
20175 8 8898
17730 11 14662
2788 8 1855
28345 5 15363
27956 1 28154
8514 6 26377
689 8 526
12864 11 25707
19140 5 17664
10245 7 8578
9893 7 4367
575 11 2374
6008 2 9234
19932 11 30111
17664 11 22031
16387 6 33286
14251 0 21885
31513 11 5696
9668 5 31373
21348 8 16616
2962 11 24960
10861 5 7168
23877 3 3783
477 6 4833
3584 0 32775
17797 2 1697
22031 0 25534
12957 0 27256
26776 11 10796
15167 7 31548
11055 11 15666
31310 11 32554
3885 11 19217
18346 5 31931
32016 0 7035
28651 0 18441
23494 3 26124
16528 0 30471
27561 8 8692
1310 0 313
18215 11 25110
11036 0 20009
12018 6 17451
31113 0 30841
20779 11 4977
31989 0 506
27664 10 2266
5463 11 15521
1180 8 3034
6100 6 31844
23382 0 5264
31128 8 23910
25555 0 18360
2543 6 28353
10507 10 18304
27749 6 27790
9193 6 13068
16757 8 3150
748 8 14906
25835 0 24019
28392 0 32575
6635 0 22860
16044 0 12266
25906 10 6008
6635 0 23290
13931 0 11210
1788 6 19276
23463 0 18740
9181 0 27590
19958 0 28298
18723 4 28379
17993 11 2832
6160 5 20786
5119 5 1956
31823 11 13110
3524 0 26564
9213 0 23902
8108 0 18544
25777 8 18920
30513 0 5101
1623 11 22526
27656 11 13697
24468 0 2293
28119 0 5444
4377 7 24491
7278 5 21734
10138 5 32070
12422 5 28765
30742 6 30209
605 11 7877
1101 11 13714
24306 11 31060
31651 8 10696
7453 6 21699
18782 11 27517
28091 8 6904
15521 0 28328
1835 7 10949
4249 0 23168
9632 11 13602
1016 11 23590
32951 11 13008
19049 0 8432
11248 10 22406
19782 7 15314
21317 4 18887
31501 8 2476
24685 0 10449
22028 6 12242
25070 11 6003
30939 0 32708
22505 11 23282
9263 0 26644
23481 0 30060
3200 11 26519
7329 0 27566
29572 8 17492
17268 8 1538
14007 11 19259
30760 6 12047
29184 2 33052
26966 0 9009
33062 0 6418
2695 6 14886
18022 11 22816
6484 0 18162
13587 0 33146
26610 11 18269
27634 11 30726
32587 0 20658
395 11 20813
3440 6 31896
15437 6 29941
25224 5 5518
20813 0 17233
6504 5 27331
15484 0 19721
22113 7 23567
22031 0 20315
24888 8 11543
