3314 7 7858
1574 8 8286
16826 3 4249
11664 11 30414
12111 5 25519
7785 0 13882
13022 0 658
17193 11 25092
3909 0 21437
172 11 33305
18325 11 21564
2620 3 9276
23386 0 10233
16515 8 24620
29960 0 17383
13192 11 23781
13444 0 10717
13852 11 26429
11478 11 25472
21937 0 18615
32556 11 21451
10314 8 9838
32554 0 13049
6521 8 15166
18940 0 1738
27786 11 20977
13493 0 7826
1276 1 30782
8168 11 20055
16954 8 3294
28859 0 9191
25070 0 18975
14143 11 25685
30087 8 11790
9737 6 29242
30000 0 18146
4249 0 19022
8623 0 12599
10733 7 16079
22031 0 32447
1691 0 21952
30223 11 24823
26690 7 28460
26926 11 2832
10901 5 22629
3313 11 28248
1221 8 29694
25477 8 26847
32219 11 8444
14602 11 1735
31394 0 21454
11609 5 1221
21571 11 9033
13714 0 22130
16948 11 26920
25236 3 31989
6701 0 14813
12638 10 20947
15408 0 263
9149 0 59
9496 11 16044
29714 11 10801
11222 11 19524
30948 5 17111
8982 10 5451
27630 0 31397
21540 0 20242
19517 0 22751
22290 11 19219
20295 11 9974
1838 8 25075
10467 11 3713
26700 0 28839
5703 11 28517
29177 2 19678
4249 0 25138
32235 4 5740
1621 5 7045
5521 8 3810
19930 0 4734
25115 2 30742
2901 7 9902
14976 0 27251
14715 0 1197
31566 8 20712
3124 11 32488
20795 0 28528
22988 8 16503
2953 7 4267
21270 6 23721
29013 11 17256
15816 11 25997
2193 11 8298
26083 11 11548
4740 0 4401
13280 0 10784
20914 0 25647
25779 11 31515
16071 5 27544
4249 0 21204
32975 10 20226
1966 2 29777
13493 0 17812
11858 11 7767
3620 11 7688
29827 8 30011
28777 0 27028
22724 0 13897
1310 0 24848
6472 0 20382
15995 5 7873
2918 11 9250
9183 4 31271
4895 0 13910
4590 6 5882
8315 6 18737
26887 5 29369
19176 11 5281
12572 5 31492
15558 1 3726
18525 5 15808
5375 0 26582
21801 11 19927
11901 11 19857
24975 6 25959
5796 0 8758
22163 0 20911
24920 3 29977
31722 11 3720
29679 5 9751
22318 11 291
30082 0 13700
20947 2 521
4654 11 17501
13018 6 15871
22600 11 16912
7370 11 23243
18936 0 13602
6008 2 6381
6589 5 21385
30744 5 1221
12882 0 13176
10033 10 4937
7540 2 22965
22955 3 4695
22780 6 10042
19048 11 11807
30269 6 7235
24063 0 18804
1649 0 33133
15964 11 21428
27980 0 11216
12025 11 19973
5681 11 4052
29236 3 17000
16888 0 440
21425 8 23562
4249 0 32200
18929 0 17405
8221 0 24148
21280 0 16330
9573 11 13603
4583 11 14957
31157 11 26045
20985 11 10641
1839 11 13641
19560 11 5281
20718 11 14132
14530 0 1211
4389 10 897
25292 11 22705
7741 0 30211
22984 11 15083
17655 0 22394
32505 11 26795
20015 0 18347
10816 11 16044
22176 11 16237
17197 6 24631
28462 2 18637
32636 0 8578
19057 3 20383
11691 5 24219
25310 0 13183
10685 11 27180
14662 0 3164
19254 8 28706
723 0 30654
22515 3 4249
7464 5 1314
14530 0 14318
7331 11 21194
24154 8 4476
9552 0 1356
16605 11 7452
18529 0 12859
16724 2 16304
9754 6 618
5577 11 18580
10154 11 16496
20402 0 30719
18723 4 14587
22131 0 31320
15670 5 1378
16588 11 14242
15073 0 32050
5838 8 30741
27510 11 32863
27054 5 8786
15543 0 27050
29921 8 25098
30233 2 32790
20637 6 13108
1665 11 23983
20226 2 6286
27907 8 14102
32408 0 23996
23732 6 20999
32102 11 29194
7857 11 29474
24370 8 9480
10013 5 15051
14389 5 32257
9439 5 11877
17041 11 31910
17706 0 6902
8555 11 11097
7290 10 18929
29854 7 7453
27809 11 22346
18867 0 16489
31727 11 22474
23389 0 21905
29391 3 16620
14296 1 8379
134 10 20226
17673 2 23202
16713 11 14242
9145 0 8057
13319 0 12719
327 10 28449
15160 0 30334
15144 7 4030
31626 10 15650
12711 7 6746
1282 0 9392
16389 3 4249
26179 11 30767
33253 11 22724
32440 0 7757
22964 11 20488
33084 11 20742
21432 7 21772
8357 5 8607
11212 11 29990
2350 0 22252
19851 11 20652
8810 3 15774
8281 8 10523
15091 7 1007
6484 7 14158
22336 0 9736
32304 11 27079
22124 11 4580
29184 2 25425
20305 0 31204
3698 8 11427
10484 11 10525
30218 1 2492
32587 0 2557
20093 1 28424
12237 11 243
4742 11 30384
1543 6 10437
3855 3 14976
28777 0 29305
25938 3 19224
18261 0 18476
22031 0 1351
13603 0 17772
24851 0 31524
22764 4 10702
27892 0 25337
21927 6 21927
6475 11 21824
16718 2 32166
23404 11 19205
10308 11 13649
15517 7 15517
5009 0 13732
12511 0 32498
12867 8 2358
19303 0 10812
4165 0 2978
23957 11 25582
3146 10 25115
21655 7 14562
24374 0 2530
19650 5 20748
10619 1 15969
10047 8 28469
29580 7 30463
4735 8 26667
9412 8 12435
29040 7 7310
4044 0 30590
4762 1 8542
14530 0 14072
13854 0 24392
30471 0 20226
3492 11 33326
28777 0 2933
5130 5 31968
19847 11 14824
22129 11 18926
3975 11 33046
3606 0 32785
9421 0 28054
31473 6 18929
26843 6 4015
11484 0 18393
1000 0 16116
29090 0 3897
2186 4 22304
23388 5 11011
28715 0 3599
29411 11 30135
9019 11 18929
4567 11 29700
5209 5 20503
5411 0 18248
8496 10 20226
17976 11 15012
25685 0 19099
13697 0 31828
29667 11 25075
31989 0 30244
1386 3 8670
23763 0 3742
22786 3 7018
5772 0 16237
31080 8 19181
20890 0 10871
14543 7 12689
27986 5 21220
18223 6 9041
33251 0 25139
11382 11 30852
4671 5 17990
6908 0 29775
27772 0 17524
5237 0 32419
30833 0 10159
30171 0 24155
32358 0 9941
21902 11 20244
26779 6 19386
3173 11 24448
28297 5 19840
27500 0 26378
22265 11 12882
30135 0 30096
19715 0 21867
5772 0 8325
28910 11 15520
27504 6 10581
28810 0 30707
6635 0 4404
21780 11 7131
2955 11 2185
23680 11 323
9832 11 11132
25794 4 23400
880 11 6537
916 8 3464
29232 0 3738
17020 0 29467
24573 5 27291
5708 3 264
7560 5 3901
30993 7 1680
24285 0 30981
22493 10 30301
25181 0 32782
7763 0 11721
14598 8 689
14565 5 24542
9798 3 2137
6700 11 15579
14033 2 7090
31462 0 17854
3958 5 25925
32250 11 10570
18935 0 11156
12282 11 32863
27017 0 15327
18105 0 5419
1683 0 33211
32575 11 28392
21373 11 20920
3909 7 21926
3079 11 16044
22176 0 22055
21069 7 25055
9347 11 30421
31934 3 31955
25050 11 6599
17954 11 20732
23767 8 29776
15330 3 13697
21937 0 25735
32525 0 13665
1910 8 29099
32264 0 16558
4297 0 20050
7871 0 31969
23282 0 19114
7972 11 28277
5565 0 21673
27639 7 21481
22125 5 28216
29637 5 12208
31926 11 25267
6074 5 22542
938 0 11135
9196 7 18929
19074 0 32585
27221 11 7677
23262 0 5254
10923 0 16578
23480 11 15842
18576 5 26568
13808 10 31191
29088 0 32517
21908 0 17702
25949 0 3121
22037 0 19663
7484 0 5070
6841 0 23277
1567 0 12485
16365 6 19870
18919 11 2317
31783 0 5995
13252 0 4027
16227 6 3697
18482 0 6200
12906 8 29458
6435 11 9963
31852 11 1162
6510 6 19431
7131 0 3858
17797 2 587
1343 5 24396
22290 0 17249
7901 0 20915
27890 7 8142
22142 11 27046
32445 0 25565
20211 11 11085
2792 6 29130
11073 5 9677
24567 5 2314
5968 5 29734
3207 8 8004
22890 5 16810
13493 0 22096
31721 11 17224
9213 0 3590
7351 7 12968
24409 3 27284
19909 0 12085
29656 0 7452
19539 11 17256
17858 11 4598
24140 0 1357
20512 0 22185
8688 11 14662
13123 11 17962
10085 11 3468
23073 11 19259
1648 8 8498
7592 5 18560
29671 7 11526
17403 5 332
10934 0 17069
5337 5 22885
25595 0 22338
14419 0 32138
21113 11 4536
23412 6 31690
22680 0 23778
8732 11 22724
13864 0 20913
23828 8 9494
3703 5 1922
22071 11 24509
10389 8 26409
18840 5 11957
20226 2 7203
5443 11 24960
1691 0 15366
29147 8 29858
4497 8 9280
6980 0 28333
32467 7 2417
22665 0 32434
22749 0 32507
10529 8 6791
13832 11 22474
16316 0 3838
1691 0 30898
20591 11 20576
30898 8 9049
3502 10 27644
3628 5 21486
8385 11 20814
22217 5 15631
8076 0 621
13314 0 71
26832 11 23034
10758 1 4884
5894 4 28144
30620 0 956
24484 4 320
22367 5 18074
170 11 15225
27801 7 10631
8332 5 14531
30172 8 15879
4249 0 11238
31430 11 10062
21561 6 21561
5667 8 27795
7953 0 29285
1888 11 24964
11642 0 29153
3266 3 6635
20362 7 24343
31526 11 3519
32402 8 941
18125 10 9915
17839 7 17383
6771 11 13126
25981 7 14534
25399 11 1691
8194 5 28647
4249 0 22619
30301 2 5705
4712 2 4778
1529 11 26111
4249 0 26280
29806 5 13485
17922 11 8789
30743 0 3545
20848 7 19784
11509 7 11509
21771 8 32335
12411 0 30762
10648 3 32636
4153 11 20926
17739 8 24718
466 10 18760
22137 0 33249
6906 11 27660
28135 3 22547
24019 11 25835
28883 0 28012
19253 11 4553
24517 6 2921
10330 5 18548
14620 0 11586
30658 7 1266
18279 0 29440
13487 0 28195
29632 3 438
17432 11 18518
13479 10 27386
22370 11 22034
17436 6 830
2455 11 28225
27796 11 24839
19896 0 18976
3425 11 8317
15471 11 6786
29748 5 26568
13944 5 19539
30833 0 27602
2983 11 1623
8693 11 3699
11128 0 25241
15716 5 7202
9854 11 13219
25494 11 4743
26609 0 16093
243 0 14776
14804 10 12693
31593 11 1691
2398 11 13090
14033 0 3782
9455 11 11736
118 8 508
7242 1 27618
30168 0 20122
10044 11 25829
13506 0 15961
25797 0 2116
4249 0 26777
15557 0 26839
2265 3 13697
26088 7 9754
32863 0 311
10262 11 13714
8906 10 20226
10877 11 31074
18723 4 28379
33280 3 4249
19267 11 22093
727 6 17322
23230 11 24956
16496 0 18849
16212 11 25674
22685 11 15602
4044 0 27395
20217 11 5127
15895 5 21341
30212 11 32063
16234 0 30693
32994 0 25141
24936 7 22065
23103 5 14973
30491 8 14907
15643 10 6590
11961 3 13493
28980 11 10591
19033 11 22990
26124 0 28695
15327 0 2027
19332 11 20920
30779 0 1562
28664 7 11608
4292 5 21127
19095 0 18058
9881 11 16044
6910 11 6902
28347 11 32929
24851 0 16913
2185 0 26113
27653 5 29187
13359 11 29129
759 0 29690
27821 2 27821
19973 0 21357
2008 0 33193
26833 11 12090
10641 0 26346
9786 11 22031
24459 11 20069
3856 6 23506
13032 8 13204
17557 3 4249
27718 10 28650
1375 6 16873
15138 0 24231
12810 2 27762
32023 5 22778
15633 0 1924
4249 0 10603
25137 8 23966
16465 11 6956
11828 2 11695
20226 2 134
25914 11 21723
28365 0 24128
8327 7 1093
20983 10 12345
5350 10 31785
2748 0 4882
5729 11 20844
8789 11 26981
27200 0 22062
31729 8 19598
31760 11 14987
28154 1 6048
23789 11 24839
28444 11 906
9245 0 7507
12798 5 25234
6200 11 16337
19662 11 8095
5490 11 2238
12372 0 15545
32192 5 17098
16238 0 32920
7022 0 21246
2949 0 31784
27926 11 355
3388 0 23673
641 11 31134
29637 6 26644
2633 10 21854
22674 0 22198
26046 6 32533
9487 0 23154
32235 4 7819
23806 0 8887
21428 0 16279
16167 6 12002
14976 0 22941
21863 0 3444
4910 5 3657
16496 0 17953
30471 11 5871
10104 6 17671
20649 5 6220
776 7 11955
18228 0 15640
28498 5 19840
29068 11 6003
10572 11 10170
2086 11 6908
8349 3 20792
8563 5 8237
2542 3 26124
32668 11 13231
26097 11 29700
9285 0 28468
8752 11 3558
2866 0 32592
27892 0 23986
19861 11 32686
1452 11 13060
15284 0 32016
20855 6 16132
14251 0 20913
4706 5 2075
29141 11 25633
12470 2 4534
3901 8 18464
22282 0 6484
12804 8 20863
14777 6 24984
7248 11 23242
20804 0 16649
11359 0 6459
15750 0 29686
18949 10 20482
25753 11 20523
7866 0 27042
2314 11 22031
5307 11 29137
6008 2 18105
29791 11 32440
12432 3 6635
32444 11 24492
1924 11 27046
3063 11 6484
20639 11 4727
3821 11 10796
23271 7 19459
9712 11 33094
23166 5 4450
26899 11 23781
10432 11 17259
25183 11 31309
9285 0 21316
33317 11 11807
29311 0 6555
5119 0 5651
17218 7 13832
6796 0 27165
682 0 17943
2708 0 13268
9456 5 22005
16238 0 1398
7688 0 6934
27083 1 17457
11274 1 975
9379 5 25671
16137 0 2232
10811 5 24299
14990 11 24733
6030 5 1071
11828 2 21057
17963 8 29987
18306 0 19969
28375 2 4562
28731 6 7591
26639 11 29903
32440 0 14531
394 7 32815
14019 0 5135
20448 8 2426
2364 0 29058
6299 11 23282
14000 0 31143
12021 5 17465
33215 8 24181
29102 11 28862
3289 8 3775
24922 11 22130
32227 3 27729
12328 11 5816
28449 2 6423
8097 8 31537
33040 11 23934
32738 0 18851
27377 5 25399
7462 11 27413
15047 0 19914
9159 11 32005
27924 8 8629
3671 11 31189
5080 5 28308
24154 8 20979
21587 5 4200
11999 10 98
24140 0 5863
2566 11 4161
2869 11 6943
11943 5 8498
17064 0 27156
21276 6 27895
19615 11 29045
30417 5 16303
15232 11 21981
31251 8 1542
12970 11 13252
29861 0 28699
1788 6 1782
12677 11 9635
22981 0 25596
5320 11 29793
24547 0 24563
5461 11 30941
31361 11 16918
28282 0 6094
32573 7 30695
26884 0 3199
14464 11 25070
32396 11 5980
14169 5 17222
23986 0 14175
21956 0 14332
25269 11 2538
24254 0 30566
2254 3 1220
2118 11 24839
16064 0 10976
32138 7 16255
5777 7 8276
2666 11 3167
26001 6 519
13941 8 7448
10470 8 19007
17519 1 1364
18331 11 29821
22990 11 6725
2432 5 2688
246 6 18580
9193 6 30563
20226 2 23186
6173 11 15324
16101 10 98
11489 0 1890
24093 5 12018
6079 0 891
25391 5 11957
12009 7 5157
10840 11 33251
1212 11 7688
22724 0 28281
752 0 2635
7695 0 3134
27577 0 23042
20718 0 1481
13583 0 32916
8152 5 16215
18784 11 25772
21839 11 26857
15 7 33319
4981 0 5364
14977 11 31946
30476 5 4709
11585 11 10796
18096 3 15773
18633 4 26440
19433 0 24237
8855 10 6008
25867 1 32079
13529 7 28506
18537 11 4217
5828 10 20226
11577 11 15702
18637 10 28462
26138 6 21239
8137 0 17987
15734 11 16127
17111 8 5714
4249 0 23759
7721 0 29060
12267 3 4249
1377 11 32863
17140 11 17895
5889 0 13579
24193 6 23844
481 11 8134
30726 11 13739
14033 2 8199
30938 11 26327
12994 1 31045
32543 5 12169
4145 11 15633
17323 7 10067
918 11 22418
12480 11 10931
13875 0 30743
8797 6 32514
14976 0 11653
1362 11 21981
16651 5 11580
7205 0 21757
19894 11 30278
3209 5 17849
4249 0 13061
25406 8 12867
11725 0 19027
30826 7 846
6943 0 16032
4161 6 4506
13037 2 30786
16990 11 1780
29886 11 29680
19043 5 5095
2890 11 17555
30466 11 3535
15564 11 22031
25593 5 2316
24586 10 25837
707 8 26354
33063 0 16812
29096 6 29441
8820 3 4695
22047 6 22656
14480 11 19059
16487 5 27038
13697 0 11316
19194 0 30569
32891 0 21363
26001 6 19748
16496 0 24150
13007 0 22861
11861 11 24547
28503 11 19384
32863 0 15798
4199 0 23529
32235 5 12208
22031 0 3251
17110 0 29761
20269 7 17433
14390 11 24229
873 6 13763
5867 0 26445
18193 0 11216
6908 0 9709
23997 0 29504
22250 8 10381
9524 11 15767
20200 11 30109
32921 5 27765
30652 5 19874
10481 8 11641
6361 8 18955
27821 0 25414
22337 0 3224
30516 5 22471
8980 11 4152
7049 8 2092
26568 8 8297
26239 7 21312
21890 11 23391
4009 5 17077
9145 0 117
1998 11 11269
22848 5 21942
15841 10 20226
24132 0 11934
2909 11 22747
29581 10 8323
16581 11 369
19826 5 849
23626 11 25107
1868 11 13252
23457 3 4249
28101 8 981
1207 7 18633
31917 8 2862
3161 0 32178
30935 0 24957
27600 0 26645
25710 0 28124
8356 7 24484
8850 0 26783
6066 11 18326
25710 0 9240
21602 0 30322
10740 10 20226
421 11 10220
24547 6 33218
26640 11 15521
15349 0 6696
22764 6 11751
13098 3 4249
5665 11 23262
29652 11 30834
21222 11 27474
20095 11 5463
18929 2 7661
31723 11 18059
27191 8 12005
16729 11 26437
8413 5 11957
4405 0 15284
13697 1 7780
17479 5 26508
28764 0 2399
30083 0 16504
26506 0 12418
3782 11 14033
22699 5 8237
29028 11 18384
30175 11 32863
8460 3 26124
20725 8 19689
33250 11 2587
24888 8 11349
4413 11 26512
24291 11 25639
27333 3 27259
23772 10 6008
12587 8 5258
30703 8 33140
20657 11 9279
21843 7 21843
12763 0 15354
3442 11 14201
28651 0 6028
31498 11 7681
3269 6 5529
7321 0 17311
28818 5 17415
3808 2 18686
29836 8 4623
29106 2 15020
21956 0 317
9448 6 16811
9957 11 10495
13145 3 16646
6008 2 27421
11605 6 32903
5428 7 10737
23890 0 11573
14693 6 24874
29321 8 30729
33145 11 32180
27162 0 29782
12803 8 8753
28375 2 6477
12384 0 22992
17170 0 17329
31427 8 32035
7128 11 3779
1553 11 14572
27910 0 24966
27073 10 17797
11652 11 16887
24105 11 22282
10091 1 13979
27717 11 31503
31514 5 29349
5650 11 5281
16895 0 7839
4499 7 9223
19467 6 21072
2365 5 25321
7612 5 14616
18768 0 17009
8565 0 18235
16684 10 15650
21421 5 25364
3656 4 31877
8583 11 16496
17911 11 13765
31389 6 18545
24979 8 28205
25873 5 33167
17411 11 7011
18161 11 6537
2732 0 935
4044 0 13902
3322 8 11173
15794 0 9019
26386 3 2759
9300 8 20681
17097 8 20229
26172 7 4317
11343 0 10653
19487 8 5507
29000 0 12542
3935 11 30414
12875 6 30627
5036 7 20856
31041 8 17330
9990 0 20665
10287 2 19269
8203 6 13692
9289 10 25837
32935 11 19688
1975 7 26138
15117 11 15334
3447 10 28449
29129 11 30318
25472 0 26032
32235 4 4609
13493 0 3053
19772 11 2364
25485 0 10854
28635 0 18585
1949 8 27254
7184 4 28030
10585 0 31242
15567 6 28594
7205 10 6008
15415 11 8859
17195 11 32525
1396 11 30774
24839 0 32989
25055 6 12109
18304 2 19866
22903 7 25384
3960 11 11748
1972 0 29777
21822 5 3685
4249 0 16266
15316 11 11253
26267 11 17491
7375 5 30145
23196 3 9839
16357 0 9879
1050 11 32353
23148 0 19435
2376 11 21981
22640 0 7216
23282 0 947
24839 0 5970
3191 8 6569
16447 0 4057
32598 0 23067
12720 0 14032
16102 0 14718
8072 3 16646
6811 8 24221
3882 11 14662
7284 11 2399
30674 7 30674
1 7 31943
21060 6 9355
3855 8 25596
20162 3 4249
13207 11 4030
6008 2 32601
20192 8 1986
27779 11 11027
1620 7 28918
23839 11 9617
2183 8 32451
23915 3 21761
13790 8 28117
11807 0 28420
32388 0 27014
12978 11 32185
27351 8 20721
31291 5 2825
16998 11 32025
2087 11 27577
22031 0 13057
4657 8 5841
6329 6 33172
20140 11 3409
28024 0 20425
4087 8 21565
18723 4 8191
17671 11 32673
8541 0 29083
9540 4 23136
28651 0 16716
12998 6 1639
14736 0 22668
30688 7 14259
15677 1 4372
29052 6 9903
15128 11 17256
12478 11 27583
28202 8 14550
28154 3 4249
22125 0 32432
31146 8 1008
14610 11 31709
32638 11 33208
24469 5 3676
29976 0 2039
19237 0 31419
16914 5 24545
14614 11 25544
25881 11 171
4536 0 33115
6319 11 1310
16838 0 2757
26505 8 15286
16679 1 21255
8039 5 7522
31904 11 20844
2762 8 25234
31230 7 21481
5179 0 6432
15694 0 23273
8850 0 10102
1378 8 11059
23075 0 3927
33311 0 32159
9329 0 21882
22684 5 1378
25294 11 1735
12882 0 31777
28632 5 22500
15077 8 31095
1578 11 23909
759 0 16435
9416 11 10814
8758 11 4080
15682 0 1267
13990 11 31017
19728 0 20060
8853 11 15679
1093 11 4598
23034 0 28122
2972 0 14324
14699 11 4536
22851 0 16056
28493 0 26374
14561 10 22187
15209 0 22785
7807 8 7155
32235 4 10708
28245 0 8446
16004 8 108
23555 7 31556
1994 0 16953
31560 0 33048
1697 11 17880
3877 5 6062
30360 0 6609
22178 0 4319
31352 8 21919
28462 2 6566
3966 8 26786
25710 0 9383
18995 7 22971
17254 6 12563
24076 10 8034
2504 11 308
1521 11 25189
19079 0 423
6008 2 29417
22031 0 24075
20226 2 33002
2323 11 29045
11852 0 4862
33274 7 22463
1920 5 1918
27749 6 9323
8729 10 20947
20550 11 16496
10588 6 32159
9839 0 31891
10890 11 9320
26479 0 16592
18779 0 16086
12172 11 2918
29232 0 3983
29550 11 1310
3391 11 27386
22201 1 3619
4249 0 32584
32551 11 30822
4695 0 16079
6484 11 14646
13603 0 9744
18200 0 21603
28623 10 20226
16363 0 20787
1548 7 8253
22731 11 32005
27976 11 20924
4775 8 23828
6753 7 26377
10236 1 209
5620 6 32643
15447 10 7540
25070 5 2230
13679 0 24861
12141 10 17049
26248 0 29389
15182 0 5841
17064 0 30683
16044 0 27039
15794 0 20882
24515 11 4126
6993 0 11283
11506 8 24036
4954 11 23691
14419 0 5663
10247 0 19295
16496 0 11936
10884 0 21749
4885 0 26091
30278 0 31309
8666 11 28864
18163 0 31395
4589 0 25178
21010 7 71
32570 11 19984
22010 11 11012
3138 0 16758
8751 5 16011
32417 0 7535
1783 3 16383
6976 11 11878
18633 5 17222
11711 11 13832
18096 3 23252
18220 1 12860
12384 0 30657
2108 5 12609
30833 0 18665
3525 7 28711
17913 0 24424
21166 11 4599
1972 0 14338
8052 11 28416
10981 11 22449
8100 7 7977
30697 7 12931
473 10 15650
2465 11 23242
20555 7 10509
13396 0 13500
4201 8 794
14887 11 33028
7785 0 23506
18882 10 897
22687 10 10919
28506 8 30772
19802 8 4122
32143 5 5383
9681 6 1734
6472 6 6472
19789 11 25070
9247 11 30888
3909 0 14700
26150 7 26150
13755 0 8544
12876 8 24401
31380 8 5279
27624 5 10744
464 11 20844
27312 11 3186
9335 0 7972
28460 6 27312
17758 3 21057
25238 3 16838
13864 0 24702
17347 8 10597
23962 0 22095
24251 0 2497
33127 11 26323
6695 3 32636
13632 0 32502
28228 11 1693
15047 0 9211
23937 5 25956
17689 11 5966
22776 11 24044
11426 0 20805
1078 11 18582
31891 6 21995
1691 0 8181
18890 0 28459
9929 8 17735
14702 0 16326
4249 0 15249
21443 0 17451
16174 0 150
8185 6 14454
21824 0 12450
6728 0 12943
6078 11 2164
10455 3 31989
22222 11 16044
13527 11 26857
14240 1 24896
20548 5 31440
9825 11 17219
17538 7 25811
13243 11 30942
15650 2 2207
30231 5 22196
26124 0 23116
8912 5 29153
22108 11 9902
4734 11 19930
28731 6 5572
6737 0 23574
24011 11 22094
24506 0 3104
28809 11 10062
21372 0 4806
22196 8 2473
11556 0 11398
15538 11 16496
19349 8 22507
5318 8 15508
16268 11 16700
11504 8 4601
22103 11 13359
21121 0 26445
22908 7 17746
30414 0 9049
4743 0 6042
8390 7 33329
30760 6 9953
26295 0 17850
10251 11 22119
12554 5 4733
8134 0 481
4522 8 17500
12882 11 19690
1912 0 18211
14625 5 9444
21937 0 11284
14813 11 6701
1758 11 1336
32711 11 28777
7649 10 6008
8200 11 18081
18861 6 15694
27910 0 24324
30472 11 25472
32760 8 4290
13506 0 29249
19938 0 31407
16838 0 28654
28634 2 8338
6375 11 17985
13943 5 24484
28645 11 27844
29150 10 3808
4249 0 14051
24913 2 22590
2385 0 32762
21353 5 15846
28332 0 11639
12416 11 10796
25205 0 32371
19906 11 13321
8818 11 22628
20200 0 5546
1467 11 21459
17556 7 24966
10883 0 20410
26242 11 1169
2952 8 9058
23480 7 24629
71 6 36
29265 11 30414
12046 0 22504
2268 11 32016
9887 11 4677
29106 2 11539
5403 8 4693
30944 7 9754
9419 11 20615
25358 0 24207
25949 0 9190
29161 10 27821
3914 0 25287
2161 11 24616
12187 11 11695
18134 6 32815
4807 6 23016
16044 0 9556
13493 0 28851
22072 11 32842
3947 11 13252
11980 5 15626
13150 8 31801
28648 3 9839
31288 11 10982
12342 5 9483
12324 7 13018
18582 0 26088
1108 11 20010
31785 2 8689
32705 11 11045
2220 1 21851
8185 11 14976
22708 8 29385
8984 11 15633
11791 5 27007
12182 11 26352
15893 0 4151
16375 7 16394
14098 6 11686
29766 11 9417
30000 0 29434
30797 0 7355
13372 5 1601
21009 8 254
16802 3 22600
8868 0 1291
32949 0 7048
15991 6 8476
12023 6 15245
3560 8 15275
23877 6 32590
22265 8 11668
23546 0 26621
28412 11 32942
24758 3 24441
27964 0 23725
28722 11 2956
23543 11 29931
4036 0 5877
24374 0 18671
29173 11 30639
12794 0 23781
21121 0 9566
8791 11 1985
16769 11 18936
3276 10 6008
32186 0 11903
6895 8 13790
9902 0 3863
9602 11 21824
4557 0 14844
18898 0 19457
2570 11 22031
13832 6 2196
25632 11 18006
26361 8 16502
27808 8 2928
26518 11 30207
19989 7 19989
24493 11 16178
27788 11 15803
22541 0 5438
13067 11 16044
21898 0 14853
16514 0 23186
23639 0 17957
22692 5 13485
9362 7 24629
397 6 28812
14531 8 30801
2493 11 28249
7221 11 30779
18723 7 29052
18582 0 9105
13189 0 9962
4375 11 29195
22763 8 9409
8656 0 508
27052 0 24330
29515 6 23914
12062 11 7501
23371 8 694
18930 8 16647
29459 11 29998
12193 0 26133
20447 0 27382
26352 0 14982
28482 0 9441
17867 6 16948
485 0 17844
20612 0 13285
25803 0 3336
27172 11 21824
906 0 30264
3207 8 13323
31922 0 20942
13714 0 19391
26835 11 4819
3054 3 15664
28072 5 11957
18151 0 22104
20967 11 8850
6067 10 30483
25837 2 2057
9669 11 29927
2391 0 25904
30588 10 26885
23243 0 23018
25710 0 10727
9855 7 16784
11828 2 5467
16996 11 15039
8160 11 5683
13970 0 1756
16665 5 32720
16779 11 15821
12775 11 2603
9754 0 30751
20759 0 2930
30439 11 19519
1249 0 1656
32554 0 31092
13481 11 3140
12431 11 20814
20038 10 31191
18381 6 3050
16587 5 18660
15662 8 20333
30946 11 20212
30762 0 9550
4249 0 25500
21101 11 24673
1780 0 21990
24100 5 31488
12000 0 15699
14872 11 26724
210 11 22493
8281 7 29306
29382 0 19122
23282 0 30172
5062 0 13518
9089 0 18382
25189 0 28339
1249 0 18707
849 5 21576
32463 0 3303
31981 11 1425
21445 6 15967
5207 3 4182
23348 8 15578
7527 10 6008
32863 0 23919
20612 0 30438
3027 11 18935
13152 11 28737
25197 6 4340
21981 0 23243
29186 5 17471
24527 0 13923
18935 0 8681
11890 11 32587
20926 0 4153
21182 5 24219
21372 0 1335
29221 0 12822
21478 5 18930
15521 0 26640
23873 11 31075
21494 11 25070
7794 7 28731
31087 5 27695
29407 11 7711
9878 3 11085
19372 11 4217
9816 10 14655
587 11 5618
13493 0 21972
11447 8 20507
3373 11 16641
20159 11 30162
5887 11 6385
3715 0 3586
8896 5 28197
18737 11 2377
22609 11 17724
18207 11 7711
17193 0 7013
19466 10 6957
25660 11 7525
20769 7 21773
31061 0 27285
32302 5 19802
32429 0 4568
27116 7 911
8323 2 33047
16242 5 1514
23695 8 3141
25055 6 24427
27583 11 27146
13887 11 6537
1830 0 10368
4748 0 27884
18067 7 32350
25337 7 6098
5413 3 31075
5173 11 2344
5017 3 31242
4950 3 22153
9018 5 5598
10826 5 27586
1691 0 11240
18713 11 23673
15284 11 28651
32993 7 24193
31548 0 5866
1310 0 27954
6008 2 27033
7160 5 9789
16473 5 13264
30171 11 2422
2042 11 30852
30787 11 16600
30531 7 17511
2968 5 12562
25731 11 12915
5567 10 13210
28692 0 29271
33053 5 22091
14146 3 16646
8850 0 7015
25837 2 5618
6484 11 28399
16646 0 12869
30620 0 11030
6537 0 22494
21109 11 4536
10396 8 15595
15532 7 31389
32853 0 14686
1961 8 5131
6967 0 10175
4270 11 15966
7458 11 14305
3315 0 13506
4632 11 2366
31045 1 8679
12857 11 15664
30301 2 16653
5917 11 9126
7225 10 10667
6484 11 15633
4378 0 25387
24285 0 9151
5 8 12170
31922 0 2549
490 6 13308
125 2 17300
23482 11 23868
14242 0 23100
2375 11 8241
24126 11 25338
10141 10 31191
23601 0 32110
24063 0 2556
6765 6 13164
31142 11 27772
6892 8 23742
5985 7 32884
25472 0 13751
14112 11 23277
23876 5 1853
14069 5 17993
6464 0 31854
8650 11 30278
3637 11 4750
25565 11 32445
28699 0 945
16380 0 13008
28699 0 21389
5300 10 22406
10671 11 25710
13913 7 720
14900 0 30945
15225 2 27680
9001 11 29390
5736 11 9507
21240 0 30698
9276 11 6943
5807 0 14287
2678 0 33238
8665 2 2150
25624 0 19075
19245 0 1115
1364 1 17519
27498 0 9978
15633 0 15328
9738 11 17256
4764 11 16888
11821 8 14669
9365 0 17335
27610 11 25070
30666 0 1527
22031 0 28091
19416 5 6911
3808 2 27249
639 6 14633
26370 11 31848
7229 11 20878
28862 0 7034
16833 0 26168
17411 5 33301
13430 6 21561
22724 0 1634
33251 0 32246
19122 11 4370
28176 11 32863
29382 11 30939
25837 2 22748
3977 8 15846
24030 11 1691
10263 11 13739
13196 0 17922
9244 0 21627
24323 6 32358
14862 0 32964
17063 11 15408
3556 0 4801
16018 7 143
30300 11 16895
24081 11 4536
22037 0 31237
18742 5 9
23781 0 18117
29052 6 25042
9285 0 23492
27694 7 11955
11309 5 26870
27126 5 18131
25729 0 4257
22938 8 12936
3808 2 30409
1743 0 17049
17583 8 704
5616 11 21981
2651 11 25144
5456 0 26293
17366 5 4200
33067 11 2896
7649 11 28404
33245 11 12341
33279 3 4249
28044 5 5854
31379 11 24932
16895 0 20602
2182 8 28258
32673 0 11360
85 0 9417
20175 8 8898
17730 11 14662
2788 8 1855
28345 5 15363
27956 1 28154
8514 6 26377
689 8 526
12864 11 25707
19140 5 17664
10245 7 8578
9893 7 4367
575 11 2374
6008 2 9234
19932 11 30111
17664 11 22031
16387 6 33286
14251 0 21885
31513 11 5696
9668 5 31373
21348 8 16616
2962 11 24960
10861 5 7168
23877 3 3783
477 6 4833
3584 0 32775
17797 2 1697
22031 0 25534
12957 0 27256
26776 11 10796
15167 7 31548
11055 11 15666
31310 11 32554
3885 11 19217
18346 5 31931
32016 0 7035
28651 0 18441
23494 3 26124
16528 0 30471
27561 8 8692
1310 0 313
18215 11 25110
11036 0 20009
12018 6 17451
31113 0 30841
20779 11 4977
31989 0 506
27664 10 2266
5463 11 15521
1180 8 3034
6100 6 31844
23382 0 5264
31128 8 23910
25555 0 18360
2543 6 28353
10507 10 18304
27749 6 27790
9193 6 13068
16757 8 3150
748 8 14906
25835 0 24019
28392 0 32575
6635 0 22860
16044 0 12266
25906 10 6008
6635 0 23290
13931 0 11210
1788 6 19276
23463 0 18740
9181 0 27590
19958 0 28298
18723 4 28379
17993 11 2832
6160 5 20786
5119 5 1956
31823 11 13110
3524 0 26564
9213 0 23902
8108 0 18544
25777 8 18920
30513 0 5101
1623 11 22526
27656 11 13697
24468 0 2293
28119 0 5444
4377 7 24491
7278 5 21734
10138 5 32070
12422 5 28765
30742 6 30209
605 11 7877
1101 11 13714
24306 11 31060
31651 8 10696
7453 6 21699
18782 11 27517
28091 8 6904
15521 0 28328
1835 7 10949
4249 0 23168
9632 11 13602
1016 11 23590
32951 11 13008
19049 0 8432
11248 10 22406
19782 7 15314
21317 4 18887
31501 8 2476
24685 0 10449
22028 6 12242
25070 11 6003
30939 0 32708
22505 11 23282
9263 0 26644
23481 0 30060
3200 11 26519
7329 0 27566
29572 8 17492
17268 8 1538
14007 11 19259
30760 6 12047
29184 2 33052
26966 0 9009
33062 0 6418
2695 6 14886
18022 11 22816
6484 0 18162
13587 0 33146
26610 11 18269
27634 11 30726
32587 0 20658
395 11 20813
3440 6 31896
15437 6 29941
25224 5 5518
20813 0 17233
6504 5 27331
15484 0 19721
22113 7 23567
22031 0 20315
24888 8 11543
6290 1 1755
28251 2 16231
5286 11 16044
6269 11 4453
24453 0 27046
2695 6 20610
33025 11 19697
17610 0 1062
23707 6 5397
25710 0 32451
3110 3 12566
2881 11 25070
15041 11 18856
18117 7 16238
26522 5 24103
22807 1 4867
20789 6 23344
2997 3 4182
32356 11 32423
27892 11 13765
13528 5 17874
3920 5 68
30414 0 2553
28650 0 9948
15185 10 897
19453 3 7251
15533 8 7996
12826 2 26190
18446 0 14858
7564 11 27660
32015 5 26953
9830 7 13212
33304 11 26327
24684 6 23226
21296 8 12057
11122 7 5157
32645 0 7507
10045 8 27408
6390 0 6253
9500 8 11276
15311 3 5836
10144 6 5993
23640 11 22031
7190 0 24359
16726 0 12325
19220 5 6361
1191 11 30109
8777 11 30639
16044 0 4058
1981 5 24888
1576 0 2695
5898 11 2706
33202 11 243
5439 11 6437
15119 8 32474
3916 7 20656
28534 11 1691
21258 3 31075
29194 0 16334
11520 11 549
13252 0 25151
17867 2 10235
27116 11 914
23467 7 6025
3773 11 6908
8015 0 11264
579 5 3
8183 10 30937
9196 6 7307
29450 11 31119
25472 0 13891
6728 11 11712
32610 0 23953
1282 0 31205
1310 0 32849
25070 0 7855
25642 0 8411
21924 0 30838
9457 0 20004
17307 0 12261
32151 5 19606
26090 7 26909
25 0 33211
19943 11 25070
10485 8 32253
15160 0 5104
10796 0 18398
27590 0 20065
28957 0 24331
32372 3 4249
27785 7 24180
25137 11 13022
10191 11 21966
24839 0 26766
19751 11 9347
10017 10 20226
5426 5 17582
30937 2 5479
16919 0 7792
24839 0 4518
18633 6 2841
31785 2 1878
23225 11 31285
25827 7 11805
20450 6 14016
29502 11 18284
1985 0 8791
2347 5 21718
24873 5 28273
3808 0 12298
31726 0 29593
13004 11 30272
30721 7 30269
9684 11 1100
11147 0 23967
1187 11 20844
6123 5 10108
17541 0 29683
25674 11 2238
15588 0 7058
9145 0 10814
15025 0 20811
23358 11 14961
16750 0 6422
5488 10 20226
28449 2 11338
3007 5 8413
4377 10 25659
32283 11 12316
28416 0 30991
10973 10 28375
18150 11 23742
12929 8 4118
691 8 699
6008 2 28572
10537 0 15165
1683 0 23418
1360 0 747
3632 5 4747
2618 11 9126
26252 0 3411
31061 0 20011
9968 5 26647
31227 5 20419
9596 11 19328
30428 8 26349
15278 6 13724
1841 1 26729
28462 2 1055
30412 0 21356
30759 11 32688
11697 0 13197
22679 11 30941
14583 11 17978
7667 10 6008
29867 11 11100
18951 0 9149
24839 0 19185
33101 11 24227
4641 6 506
22672 8 13890
4277 11 9285
343 11 3705
20022 11 23091
25217 11 5560
26080 11 5843
23927 11 6880
32356 0 15887
16919 0 19315
29206 5 380
10196 8 3381
2116 11 25797
10648 6 30860
21403 7 30294
10668 11 18214
7677 0 8886
24027 7 31583
28509 0 15610
3202 5 24580
3890 8 31850
29030 0 9481
21981 0 2376
23970 6 14369
2206 8 18379
14340 11 31951
16110 7 20826
3299 0 9290
15322 10 897
9791 5 8147
13714 0 8309
31899 1 23040
19022 7 29385
25710 0 13822
20844 0 1419
2033 0 14937
21824 0 13809
19176 5 26366
7119 8 30038
20768 11 6412
31053 0 16533
16079 6 30581
3927 0 19656
30739 11 30077
33275 5 5256
14157 6 29428
9404 0 19781
20814 0 4227
33177 0 9842
10389 11 23282
71 6 20195
8050 11 27028
10384 8 31577
11807 0 15481
5035 6 19106
9526 8 22125
10136 7 25048
1922 8 2331
3301 0 7634
897 2 25380
593 11 9814
586 11 27295
29512 5 8873
31802 10 28251
9669 0 13380
18039 11 1968
16011 8 1448
19359 8 10874
21665 10 6008
29748 8 6140
31725 6 15810
25874 0 9509
12300 8 8780
6953 0 16597
24630 0 8957
7064 0 30925
29058 5 5992
6314 2 21917
18573 0 18306
10829 11 22031
1790 11 2340
31679 0 22898
32206 0 20817
27934 11 32863
22031 0 1314
23737 3 13493
23196 6 11495
33303 10 15650
19690 11 30384
18195 11 29394
8432 0 20182
27341 0 29454
16838 0 1670
3524 0 6613
13722 11 14155
23133 0 14927
32862 7 1130
8764 5 24583
5157 6 29738
2413 0 9202
6086 11 23390
33311 0 31901
6978 0 29555
5726 5 26122
6767 0 22322
21163 11 19678
4545 6 31698
2381 7 29152
1226 8 8352
28362 8 10063
9775 11 24481
27794 1 22944
19709 0 15099
538 0 18889
14303 11 16528
26728 0 6805
25157 11 17224
27402 0 9737
14768 11 31625
14475 11 16044
30400 11 11890
3905 11 12868
20729 11 32454
6008 11 14033
11342 8 24465
5966 0 7317
25108 8 8216
1113 6 1624
15728 11 6537
17221 10 28375
7230 0 12350
25078 8 25492
11910 10 12074
26790 11 16339
27519 1 4089
11596 0 13902
26023 11 13632
32187 5 9881
2174 6 8263
10736 8 6952
25567 8 12786
14403 8 4696
18790 11 31394
11504 8 16800
20232 11 8315
32235 4 11744
22778 5 24888
26420 11 14662
23950 5 15873
2287 3 7329
14454 6 10111
7004 8 29544
3907 5 9759
19161 11 16356
24280 5 15920
30641 5 25966
1322 11 12915
28946 0 1116
10287 2 33048
18273 5 25941
7064 11 9468
2162 11 24851
8237 8 4137
9518 0 26290
21545 8 20138
28651 0 18442
10481 8 9932
13206 11 7185
2054 0 17462
8704 8 8043
13762 0 17533
15291 11 8555
14170 3 9839
22677 7 29381
15602 0 16800
13603 0 1994
3310 11 32863
23169 11 12115
4249 0 24061
13836 11 31857
29562 7 5228
4960 0 18082
29317 11 19079
24114 11 23148
20964 7 21470
12218 11 20699
31760 10 25115
13526 11 33063
8395 5 32846
433 0 17587
5119 0 33152
4217 0 25481
24673 0 2122
25070 0 21802
20226 2 21948
20470 8 8128
26124 0 20195
4430 0 4955
9784 0 22517
14817 0 30812
2330 0 32454
2759 0 18611
10637 11 18518
13314 0 5288
30611 11 16291
2718 8 10339
4682 11 9754
186 6 24263
8490 0 31327
23783 0 8077
937 11 29
9619 6 26811
26681 7 9798
3524 0 18737
7892 11 21753
21318 11 12583
20775 6 29380
31815 8 32377
30125 0 24737
11369 7 9264
16922 5 13179
13460 11 21372
9840 8 8907
6236 10 32669
1310 0 22171
30314 11 16496
16953 0 24508
25095 11 18103
26683 0 25985
31775 0 3591
13487 11 15571
19933 11 21309
25671 8 29629
11548 0 8428
508 11 8656
16481 5 27719
572 11 24254
617 11 1691
20447 0 65
15633 0 4167
32096 5 22577
27267 6 3753
13493 0 1354
28651 0 8412
18558 11 12994
8616 11 6908
16426 7 15534
13219 0 21948
1073 3 19694
16687 11 25107
26708 11 1519
17757 3 13779
22410 11 19255
22977 0 1895
15117 8 31656
23063 10 31708
13030 5 31073
27968 11 16174
14562 6 21655
11232 11 18094
14129 11 13435
17224 0 20692
24839 0 32764
28011 7 2772
33022 2 3144
4210 10 29257
2125 11 11700
3906 5 5632
5616 11 12963
5281 0 14907
3915 8 9975
31395 0 5189
6008 2 28693
22671 8 9087
17256 0 32783
15160 0 22950
1008 0 30618
9992 10 6008
249 11 1310
8147 8 4685
17205 10 25417
27033 10 6008
2327 0 30492
31394 11 9285
15579 5 12841
31666 11 10207
11093 7 720
8705 6 26217
26989 11 55
1994 11 10931
5331 0 9292
10087 5 3974
5938 11 27831
19744 6 29067
369 0 14011
15633 0 25809
31312 8 4657
2071 11 5375
9758 6 10088
21697 11 30154
13873 0 15867
32629 11 15794
22724 0 30965
1370 11 25070
7034 11 28862
28287 6 2005
2266 2 11669
7869 0 18528
4113 11 24449
5554 0 21057
9569 5 10370
28616 11 1693
9636 0 26831
1135 0 2511
8148 5 12766
10936 0 4640
21623 11 30901
23413 0 21570
1891 11 25082
26568 8 7969
26124 0 22696
7118 11 19414
30363 0 13475
7083 8 1187
24427 0 7145
22597 7 7372
25968 5 14642
19673 6 340
2635 0 30798
28301 0 32463
17256 0 31079
12826 2 2165
26202 0 4606
8099 11 25070
30047 11 5983
2390 11 9634
22928 0 9632
10796 0 31341
3154 1 4330
13406 5 9024
5871 0 10421
17796 11 22463
31105 11 10265
12613 11 32148
15650 2 5766
17497 11 8853
8703 7 9193
30295 10 31951
15543 0 21140
6895 8 19462
19118 10 18929
28989 8 24364
22858 7 1335
32296 6 20455
19238 0 18590
1691 0 12393
26952 7 21413
14999 0 22501
15650 2 13359
1752 5 2825
11245 0 30939
31864 0 14734
7854 11 24851
10305 11 7604
15913 6 3620
27001 8 11362
18987 11 21435
14335 0 11213
12575 0 7625
19190 11 6884
4245 5 6898
31023 8 31948
23200 0 1623
29106 2 11246
14761 11 22022
27719 8 15564
21673 0 15361
28650 2 3429
20528 11 21817
18688 11 17046
1592 11 8926
3677 8 4925
22757 6 597
12505 11 5995
8862 5 21537
28829 11 17866
18923 11 32575
169 10 22560
13485 8 4180
31785 2 14930
29543 11 22724
6805 0 7426
26837 11 15644
26414 11 19688
33071 1 8277
21822 11 20305
4963 0 17807
12066 5 27671
6412 0 20768
1691 0 31593
22724 0 13184
24555 7 16083
3600 1 32245
10897 11 30438
10709 0 4913
31492 11 19690
32492 5 3621
7788 0 8946
10146 5 23805
25672 6 12366
17402 11 1093
21023 7 4455
13127 11 15284
25171 0 18128
28782 0 24898
4906 6 116
26491 8 2802
31888 5 22629
4163 6 452
10099 3 22025
3808 2 22095
18572 11 23780
28651 0 902
15914 5 16303
11481 0 2227
9993 11 4165
22816 0 1421
5582 0 21791
5556 0 22336
7709 3 21399
13895 11 1780
18436 11 649
15991 11 21240
8623 7 2172
14113 11 2846
12032 3 6635
3799 11 22063
16324 7 8203
13445 5 17964
27656 0 19363
1721 7 21672
26796 11 4654
9991 7 29641
28195 10 25837
17337 0 10095
24562 0 23179
22712 2 29949
8027 7 18723
19010 0 25037
13792 7 17496
23243 11 4598
27778 1 27428
32574 11 1251
32235 4 3215
20982 7 1977
7887 3 24506
30639 0 25933
4013 3 29097
15794 0 15774
6722 8 5585
11498 11 8409
32303 7 23042
9658 11 25253
24867 11 32323
29637 7 26138
21899 11 16321
19487 8 11178
26201 11 32554
12062 0 14729
12037 11 15633
30889 0 2416
1682 7 3345
21803 0 1106
22640 2 11709
915 6 18885
2115 6 12366
6497 11 3409
15770 11 7064
1277 0 3850
26126 0 29471
24551 7 30311
10912 8 31603
22265 8 28776
7913 6 7913
897 2 5880
2389 6 19392
16044 0 27578
2574 11 1529
845 11 27805
7064 11 20723
30639 0 12203
28935 6 4736
31088 0 8016
9707 0 443
14341 7 5157
13314 0 2
9468 0 10289
4309 11 26745
23282 0 23002
11634 0 28378
10213 0 10017
16937 3 21956
13213 1 10578
13303 10 98
9314 8 27160
14634 0 12994
30703 8 11614
28375 2 12570
31785 2 15404
29861 0 24807
1429 8 4096
17920 11 6103
24847 11 5281
30232 11 8315
22624 11 22031
2111 0 1131
15618 7 14597
4002 11 21026
15044 11 10381
12588 5 24154
28173 6 21311
8704 8 25769
7911 11 5463
31126 3 4249
11126 0 28141
33277 11 17976
29108 3 31809
13165 6 23121
27092 11 7120
13722 5 7912
24776 6 3200
11244 5 24798
24332 11 30654
22809 0 13397
32991 8 23348
12994 0 32645
17757 7 25794
3510 6 1183
28483 8 28724
33168 0 2380
8439 7 12133
10278 0 27264
29298 11 27046
7292 11 6040
14180 11 11345
32863 0 4266
5110 3 1082
27586 8 10826
12763 0 24024
29764 8 29309
10566 0 4625
6902 2 11069
5401 11 25299
30954 11 25472
12483 5 11713
17995 11 11886
15731 0 4814
29956 3 4317
24523 8 13424
22594 7 14369
22745 11 5119
15382 7 17196
15047 0 16986
10242 7 30188
31725 4 1848
8595 0 32473
26174 6 32172
9185 0 26461
24839 0 9998
1051 11 25205
3343 8 33276
24839 0 13538
4249 0 12296
9954 11 9861
24839 0 6306
23634 0 6757
13707 3 27656
18548 11 21824
16136 11 18384
20243 11 29119
16646 0 6248
32440 0 19422
4165 0 32652
14702 0 29425
1960 11 30639
24299 8 32407
7231 11 20160
5481 7 30401
10629 3 26124
8595 0 4490
7022 0 23796
25153 11 12974
18628 0 29716
26222 11 29735
28184 10 6008
16271 5 13182
30469 0 27551
31134 0 22099
25852 11 15860
20160 0 15081
14878 0 538
1990 0 4584
6008 2 1552
28066 0 4223
15650 2 17027
14955 8 21323
15633 0 15284
16728 1 17846
20222 0 28556
14026 0 11613
85 0 12123
14104 11 3808
1851 3 13667
19358 0 25381
25417 6 1580
9816 0 16169
27444 0 22210
32229 11 8539
21971 11 13993
1529 0 11092
4682 0 21950
20212 7 26237
5758 11 15633
3665 5 33231
25710 0 5523
10554 0 22291
11610 7 24461
4536 0 14699
4249 0 13098
27248 0 5241
1462 6 14098
24819 8 29704
16170 0 31279
15522 7 10332
4496 8 28916
5228 6 27566
17158 1 14177
32089 11 22093
19164 11 7077
14009 11 19081
26030 7 29815
506 5 22443
5341 11 4311
13608 11 16496
24266 11 24657
17515 5 24090
25858 11 16152
20353 0 9209
7722 1 6702
21372 0 26711
18566 5 15292
7517 3 6635
19858 11 29129
6567 8 6886
24441 11 6941
1691 0 31442
33198 11 7901
16907 3 11211
23133 0 25298
15583 0 20638
3156 0 15089
6562 0 7747
11697 11 11145
28859 11 22383
269 7 8185
17597 5 511
10470 8 25508
23749 11 32863
8678 11 18309
8041 11 2447
18284 0 29502
4249 0 5761
13189 0 2934
6993 0 1560
14429 8 4185
15157 5 5318
12994 0 9758
18214 7 1558
28308 8 2089
8718 11 21863
8587 8 13193
20132 11 12915
29637 4 983
26409 5 10389
28744 0 3184
9438 0 3669
32344 0 19195
1220 0 10607
25738 11 8937
12765 11 8262
26387 7 10588
26446 11 14844
20019 11 9834
29307 0 6445
23235 7 14911
23294 10 20226
7525 0 7779
28429 8 31934
28179 10 29106
15219 11 15284
11828 2 11175
897 2 11973
7866 0 27042
21309 0 58
32629 0 14376
13945 7 27595
2501 7 6496
21649 8 14503
825 10 16156
2531 11 9994
14954 11 25373
29385 6 4970
19041 3 13603
1508 8 30280
14014 6 23759
25837 2 18108
5735 5 24888
8670 0 12071
3133 5 27578
29730 11 14662
18127 0 1189
29626 7 19938
2394 5 11957
13729 8 29852
16808 11 1691
21661 11 3558
12415 8 23838
32863 0 4295
20894 1 13551
31558 11 24449
13667 0 6376
15858 0 23897
3711 5 20419
22705 0 8494
25073 0 23246
17338 11 23282
9252 5 24967
10037 8 23076
23877 6 14324
15355 5 6972
11316 3 13697
24563 11 24547
24598 6 33280
20920 0 8888
20909 0 14806
3060 0 8123
17517 0 17537
21603 11 18200
20078 3 21956
13603 0 32987
21773 4 16
18151 0 30130
279 7 29051
25810 2 9939
24962 8 16893
25620 7 1482
3808 2 2398
536 0 15877
8315 6 17432
8676 8 16250
30674 6 1576
32951 11 30726
6540 3 16646
13314 0 26563
3082 0 22606
9509 11 25874
20732 0 13679
19383 7 19383
30414 0 13958
13182 6 26383
4649 8 27486
11643 0 12243
22031 0 25700
16030 7 22933
12040 0 9013
14066 11 11069
5834 0 6900
32188 11 31478
28438 0 6809
331 5 16807
8370 0 16858
7460 5 1648
839 7 30658
28032 7 12018
8260 11 32861
10022 8 17483
18206 6 8175
12687 6 27811
25852 0 25367
5667 5 32586
30463 6 12618
29089 5 8092
13314 0 24238
9329 0 8789
2150 10 8665
26568 8 1314
32199 11 10381
1310 0 30185
5772 0 33010
10518 0 5982
7239 0 8555
19517 11 13714
14522 11 1452
1917 11 25043
18606 11 28365
13252 0 27451
28449 2 14185
13382 11 10582
24747 11 414
11207 7 15632
15616 7 15616
4151 3 15893
28687 7 15632
20447 0 18686
5622 5 11101
27821 0 31560
6058 6 11285
23613 11 15794
13314 0 18678
10796 0 32599
8857 11 22328
265 11 6953
11013 8 4753
30191 11 24285
32668 5 32973
24547 0 14308
28392 0 18326
23216 5 19703
18048 6 17311
15479 11 33046
10150 0 32681
23761 7 7030
18135 0 31846
16127 0 2945
15631 8 22217
15912 0 31381
8704 8 2022
21417 0 19600
29293 0 31625
5157 6 11122
18929 0 11719
26327 5 8545
14142 11 32964
31075 0 24270
22306 11 25710
30939 11 7651
7640 3 6635
2763 3 32636
11627 0 3535
9100 11 31784
11101 8 3304
13907 3 16838
26332 8 1440
21436 6 2025
6558 0 32285
12482 0 29318
5181 5 16348
4827 3 28982
895 0 32473
24839 0 25411
29839 1 3976
21932 10 31191
24525 11 17256
22870 7 534
10135 0 22727
30288 7 20110
7514 11 23955
6644 7 3354
22812 11 1310
3614 6 28801
13022 0 1574
4159 11 25105
19589 6 943
20024 3 16620
14063 0 20796
15543 0 29011
3940 6 28806
17797 2 674
32868 5 22744
17898 11 6344
13226 7 13226
9337 11 14064
12611 11 24258
19050 11 4582
9915 2 23087
10717 7 22764
12595 8 27053
9535 3 4249
28063 0 20488
7245 0 20915
23282 0 22505
8147 11 29861
3527 6 27497
9000 11 28048
720 6 22332
22712 2 18044
14283 0 18417
31333 0 10847
23043 5 17495
26031 11 16867
1667 11 23335
14903 5 21117
17717 1 26483
27719 8 28091
27113 3 6943
8566 11 30286
4806 3 21372
843 0 9817
7948 0 7730
26765 11 1289
14900 0 29083
6902 0 8187
11727 0 11139
20887 10 11736
25113 0 14118
26403 10 25837
9575 11 25710
29914 0 20920
25794 4 15053
24506 0 11468
23075 0 24380
24541 11 4453
5817 11 15471
16302 0 22526
12054 11 25472
21249 11 22474
1496 7 22159
33094 0 991
24547 0 14434
8777 5 13146
10150 0 11708
17857 6 294
14563 0 20633
20054 0 11744
31359 11 32530
12631 8 2647
16623 11 5077
29289 5 5163
4833 11 11156
25257 0 21841
27044 0 15270
7990 0 29307
27133 0 18090
16600 0 8013
22642 11 10673
11785 11 15598
24527 0 23267
14139 11 27844
5087 0 28959
9089 0 31693
29156 11 22031
2386 10 16097
16700 0 26341
19931 8 2035
7258 11 8449
8401 11 6839
18613 5 2788
6590 2 19033
20296 6 442
24495 7 3741
22378 11 8740
5805 11 8580
28830 11 6623
6008 2 9238
21847 0 6414
355 0 27926
20226 2 9874
24545 5 10481
26549 7 3186
24073 8 22783
18074 6 18030
19050 0 16861
1768 0 9004
28312 11 7925
24171 7 29385
5426 6 1970
13314 0 3379
3468 0 13033
30462 0 32080
19296 0 22003
25710 0 20454
15916 11 22937
14059 6 13769
8808 8 3282
10421 7 8246
23282 5 18930
28449 2 32741
32255 11 3280
22227 2 16007
19732 5 25113
7780 1 4674
12981 11 22928
31960 10 13951
14679 0 14533
27638 0 294
4507 11 1966
10967 11 7144
29215 11 11355
23945 3 4249
15633 0 10454
16607 1 21989
28368 0 14823
23994 11 13875
15850 5 28978
15341 11 14013
3081 11 32863
29860 11 9654
31880 5 3845
6343 11 8110
6902 0 9244
5118 11 32423
17877 5 22542
15874 6 11433
27009 11 6468
31260 5 21003
13951 2 14512
4562 11 20655
33329 6 32565
31471 10 15650
17012 5 10384
24219 8 27934
25567 8 132
16890 6 22777
25777 8 6055
14794 11 24163
17232 11 26700
30867 5 29911
6474 11 28048
11425 0 31049
22917 11 25070
2978 7 12427
3614 0 16342
27426 3 29311
12551 10 6008
21262 7 1768
31882 10 18471
31304 11 4780
29106 0 26297
29966 11 22037
1862 0 9445
30704 11 26226
10549 0 1716
22031 0 705
3808 2 6621
29027 1 10125
33283 0 25796
13875 0 30941
27722 5 17638
14572 11 3233
12812 7 31389
4249 0 23023
897 2 18854
4944 5 33120
21673 0 30997
20955 5 26568
19755 11 28084
12210 11 31462
11417 8 2195
8383 7 24948
13146 8 22635
11387 11 30955
5463 0 21904
23022 0 9205
15225 2 30551
21309 0 12919
27440 11 15487
9422 11 31951
26124 0 9256
6496 6 24271
9147 0 33238
15367 5 18472
14617 0 13848
11769 7 13833
25834 11 19159
24673 0 20556
16520 8 15135
12158 3 4249
24290 8 21481
25282 11 26521
10821 11 30797
17391 11 32155
27991 0 29353
25999 0 26929
9644 8 32925
324 0 13919
26466 0 26471
22463 6 11998
24864 0 1833
16588 0 15639
10207 0 11384
29292 7 21803
23416 5 3243
32483 11 4076
11983 10 10287
21513 5 31358
18970 11 777
18899 0 999
16979 11 26266
31580 7 4887
4409 11 22816
32475 5 13569
22527 5 30206
29175 11 15313
13910 11 4895
26640 0 12879
976 0 13848
22734 5 25321
6762 8 21593
18214 0 9394
28620 0 22305
13208 5 15564
12585 1 10876
30528 11 7459
6008 2 22000
3384 11 7594
5524 11 18580
24622 5 26567
17482 0 13108
31244 7 9193
23763 0 3742
21163 11 19678
4450 8 16343
20461 11 6908
4739 8 28827
11828 2 27240
21626 5 31440
7991 0 26026
27751 11 906
10994 0 3025
10618 6 6288
27559 0 33180
31785 2 31048
3207 8 29388
19638 7 27122
32080 11 30462
24733 0 120
25070 0 1263
11345 0 19104
12916 5 32756
26643 11 15180
23976 5 11940
23813 10 20226
2586 0 14640
14691 7 30795
7657 10 28462
30318 0 30513
17183 10 6008
4453 0 6269
25008 11 24839
19117 11 15039
9058 11 17064
32423 0 22336
13493 0 15179
22848 8 22139
21310 11 24547
9268 6 4883
22673 5 27713
9800 5 6651
25400 11 22331
6725 0 8903
10580 11 264
26754 0 13699
573 11 26864
4663 0 12992
26934 7 11412
15072 5 10543
25405 0 25014
21937 0 1448
18056 5 23805
5513 11 29437
11555 0 26494
3131 5 5322
23018 11 23243
28351 0 30808
29198 0 8011
24410 10 25837
1936 11 21372
12873 6 14734
25070 0 23379
9217 11 14662
25635 6 29674
16098 8 757
196 11 8320
22096 7 9196
25980 11 17604
22625 5 18671
30833 0 32303
29897 5 18543
8064 1 29081
5568 5 14549
16044 0 18492
11372 11 5582
31526 10 31191
15408 0 15408
21330 8 21516
26463 3 16442
6260 0 9758
22134 5 33183
11380 8 15906
29729 8 2856
3118 11 30363
24630 0 15624
23781 11 2387
29927 0 904
26209 0 7866
536 0 27367
20285 6 31246
7183 11 4654
32235 4 18919
8543 11 25770
28928 11 8108
16730 11 31922
22136 11 20652
17927 11 26761
6823 3 4695
6008 2 4731
27299 0 32823
433 0 19620
15650 2 7954
30639 0 26963
13342 0 28346
11567 0 29531
1964 5 15097
6464 0 11660
19102 5 30417
19296 0 12973
1277 6 27008
25652 8 16886
10303 6 31649
11371 11 1637
32522 0 28592
6151 3 25457
19098 0 5594
8850 0 29971
30639 0 8413
23257 6 10124
26489 8 23195
12906 5 2711
26773 11 32005
4249 0 29796
27806 0 7203
24611 11 27560
14456 0 19864
22438 11 17017
12826 0 30664
13946 0 31101
8877 11 22724
10839 8 31624
29798 11 22724
19079 0 24162
25753 7 18264
16595 10 20226
22754 5 10481
10736 5 11176
16895 0 25610
24348 8 18227
29568 8 13087
32045 0 14867
4455 11 1310
8241 0 2375
6908 0 10482
31061 0 21066
16044 0 21298
27318 0 30993
31254 8 20755
30521 3 4249
4320 8 12547
9973 0 636
25615 0 16101
12657 8 12993
28136 6 20060
17819 11 32060
768 8 9050
24834 11 26283
15632 6 8278
5119 11 22240
32669 0 9057
8414 7 21672
18703 11 23865
28246 11 24149
24047 1 9779
9054 11 18734
25717 0 32501
33286 7 16387
25070 0 16654
24242 8 24819
23964 6 10979
19049 0 8118
32041 0 11516
2257 0 9242
938 11 13448
6931 11 19550
32820 10 25141
22206 11 32589
16318 11 29183
30731 8 15236
24316 0 23287
713 10 31951
22971 0 9571
9313 5 25541
29582 10 29177
6008 2 2065
3315 0 6903
10463 11 22910
4920 2 26465
13887 5 9350
14680 0 16378
28764 6 2629
2422 0 14848
32597 5 1949
24722 0 27357
26801 5 13697
3578 5 23304
4771 11 19973
8744 11 17256
8917 0 15122
24397 3 4249
13252 0 1991
9754 0 681
2153 0 9727
32519 1 15177
29092 11 20531
31607 11 27845
24713 11 13252
27504 7 14516
9287 10 25141
24782 6 13673
9468 0 18322
15602 0 7994
29059 6 31713
29908 10 31951
30470 10 23618
28417 6 27062
11479 0 2057
21754 3 28810
19745 11 23248
20226 2 10422
4049 10 22560
20813 6 23781
6225 5 20220
24696 0 21428
522 0 5395
14027 11 22290
28600 0 33328
20876 4 11933
11988 0 30507
19049 0 3738
25192 5 13964
19592 11 7807
15979 5 1864
15324 0 6173
4223 11 28066
19801 5 3079
15291 7 21481
15401 11 25468
4814 11 15731
9468 0 32119
30984 0 19702
8522 7 11526
31121 5 3833
12385 7 21436
1691 0 24703
7992 11 13931
22145 7 19828
12284 8 529
6008 2 17290
27970 11 14662
25606 8 29736
27295 6 15387
16496 0 7044
16680 0 16542
29106 11 906
11353 1 11182
9456 11 28692
28771 8 7911
17272 11 14000
21196 11 28651
6596 0 27646
14357 7 9195
5582 11 9464
20602 11 16895
23863 7 19882
31794 6 13501
19810 6 6249
21015 11 25273
13111 5 15698
28224 3 31445
15719 11 20795
27958 5 29773
20884 0 9291
129 0 4589
18396 5 277
24716 7 5642
22553 8 10955
7371 8 19475
23575 11 5094
32854 1 9260
25070 0 4327
19828 2 24670
3822 8 16285
9149 0 18228
23376 8 8680
859 8 22813
17769 0 32106
2452 11 7815
16912 0 22679
17923 3 4249
13212 6 9830
20198 0 21492
19685 7 15107
24926 5 15391
1625 7 16312
29127 0 15261
24506 0 14814
2854 10 125
17896 6 23659
24457 11 25975
9145 0 19732
8246 7 288
2037 11 30943
24541 5 13115
9377 11 24427
25650 11 30269
23849 11 15780
16044 0 9
23327 11 15047
10959 11 28607
22724 0 2354
31053 0 30552
18838 6 32750
14941 11 25070
17383 0 28517
17975 3 21956
21106 5 11417
16602 11 7871
9149 0 7398
4182 0 21717
1902 11 8665
24316 11 2956
7514 0 1150
25070 0 23244
21621 0 12744
5365 11 9936
988 1 18013
19413 0 31575
21253 0 20931
31207 5 25162
14844 11 13149
29106 2 28179
30144 5 18159
28819 0 15863
28136 6 3210
14770 0 5380
1622 0 12728
23045 0 1596
11619 11 9973
21720 5 19767
6785 10 897
26556 10 33022
20815 0 23999
19881 11 28651
8656 0 12388
27383 7 2970
7272 11 4127
28989 5 19674
33307 10 29177
16227 6 23575
12482 11 3074
31074 5 3309
24629 0 2588
5013 11 8241
33302 0 29507
22784 0 25828
22257 0 9230
8247 3 998
30887 1 12638
30904 5 6121
22482 0 2744
17567 11 19343
25485 0 9074
19089 5 20236
22487 11 1732
9965 11 1871
24839 0 31933
27474 0 3631
14965 11 26352
25639 0 24291
16646 0 31817
31785 0 23892
3127 1 13640
26568 8 883
17989 11 9711
20325 11 31038
31611 11 4677
27295 0 25341
32235 4 6515
17964 5 5838
5328 5 2967
17137 3 32636
11745 8 14409
24836 8 4295
28375 2 29430
6786 0 974
17153 8 15461
27335 7 15632
30743 0 26543
9068 0 29612
23268 11 29477
6526 11 20813
4694 11 22887
30728 7 15865
22299 6 14020
24054 6 18027
15167 7 3950
13396 0 29146
2207 11 28517
24219 8 9393
28457 3 264
5873 7 29637
16838 11 8595
22657 8 19393
16928 0 16928
30974 5 30824
20937 8 12125
13714 0 14878
7921 2 25214
596 10 24213
5042 11 17686
29978 11 19938
6227 6 7008
397 6 22433
4522 8 31596
20003 5 16565
7522 8 13436
6903 11 33114
9508 0 8362
25860 11 28074
30259 11 15775
8749 8 20021
23892 2 19377
15284 0 12192
20935 7 29385
4589 0 32119
26247 7 9687
12702 11 248
27865 11 26640
26818 10 17797
3556 0 13874
28420 11 31532
18019 0 16608
4098 8 25856
17068 11 7732
6363 6 8205
30303 11 7336
27944 1 9536
25200 10 20226
20368 11 22216
11101 8 21020
16044 0 20823
30384 0 7365
2000 11 21384
5745 10 7540
19565 11 2340
10982 0 19691
30942 11 20898
27266 3 4249
10312 11 30743
23282 0 17258
32233 8 29983
4452 0 14252
9457 0 13359
6635 0 4777
27772 0 31148
15180 0 23664
13234 11 19158
16320 0 19234
27871 11 17920
25848 11 11279
12489 1 5152
5597 11 12340
19477 3 27656
2585 11 25937
12871 11 22640
9665 8 14015
23371 5 2536
32599 0 5618
6746 11 28159
29263 6 23574
11641 5 10481
1197 11 14715
16496 0 15915
22905 5 22629
10698 11 30833
31095 11 17686
9285 0 28876
13697 0 11860
25162 8 31207
12270 0 5148
9827 8 13266
30646 0 4870
27644 2 27438
4276 6 6235
8680 11 28446
15760 8 482
15802 0 32027
12663 10 30301
31609 11 22724
24509 11 21881
27396 11 32323
1883 6 11100
7266 0 26565
15650 0 17029
31489 8 29514
27767 8 5241
23751 2 21469
31995 0 8804
10207 0 815
8432 0 30955
16888 0 30772
3909 0 23158
18740 11 33262
32861 0 21223
13651 11 2808
1470 0 14279
28946 2 27932
30890 11 29657
15047 0 21634
25446 11 22449
5519 0 10966
216 11 17808
27057 11 15624
3933 8 29386
23020 11 22031
19903 8 16397
24542 5 9844
28631 11 25070
28764 6 21592
19093 10 4924
18233 5 25004
8157 6 1784
10309 11 18954
15898 3 6908
19987 11 19259
17464 5 6220
5500 11 18580
23779 7 28845
18070 5 31488
7755 11 19315
13765 0 17911
12151 0 25006
28311 0 29191
18892 11 5503
13596 0 18409
23883 3 4249
29065 5 20216
31401 11 8281
26568 8 22657
3866 6 12138
23540 3 6412
6001 11 15334
21924 11 28777
20432 8 16057
20813 0 395
31971 11 2846
15633 0 3234
27295 0 29228
23609 0 18134
11134 8 25290
1159 0 21597
6671 6 7874
32478 1 9931
22240 0 29460
28766 0 5953
17254 6 8294
16044 0 31057
26001 6 5686
9276 0 11225
1924 0 12955
32863 0 26271
13033 11 3468
18356 0 26743
12608 11 12628
20576 11 2391
30990 2 14270
1135 11 26261
31075 0 23298
828 7 11467
531 0 29844
12899 10 6008
15520 0 28947
15384 5 25096
7045 8 19259
5892 0 28715
31070 0 26746
19198 0 27885
4200 8 21587
9066 11 20814
10631 6 35
5978 11 10960
33126 8 23423
11351 0 23367
4249 0 10042
1690 3 22057
24132 11 31347
28771 5 10481
22031 0 33129
32535 0 30179
12000 0 59
12140 0 17876
18302 5 28817
14585 7 12706
26070 5 33220
3443 11 16044
9262 11 26372
2595 11 24254
20039 0 16832
5694 11 13714
2795 6 315
12420 11 13435
19217 0 2179
8850 0 10051
31739 6 31059
24552 7 17227
18462 3 4249
21999 3 10566
4491 1 8055
30414 0 16957
14832 0 12668
14041 11 24839
160 8 9292
14502 11 23243
12749 6 11201
18544 11 8108
12904 0 3117
3625 11 25729
11535 11 23282
1968 7 11156
2829 11 5109
26450 0 30157
3751 11 1310
18374 11 25107
7741 0 15470
3430 6 30708
28506 6 20411
441 11 12100
29374 11 32670
12202 10 28650
12879 0 3627
27346 0 9611
6886 11 8604
5157 6 3656
6682 5 18645
4748 0 25960
25837 2 24640
19772 0 29070
8660 2 33241
18345 11 25615
1063 0 21410
4483 5 7157
32235 4 31919
21700 10 5166
30278 0 7713
7407 8 24918
7478 5 17700
12873 0 12277
27892 0 24823
7739 11 11036
15408 0 27064
2900 0 28218
10121 0 8036
4731 11 25729
16259 10 6008
28904 11 32254
21876 11 19885
8137 0 3575
6030 8 2401
515 7 30760
2631 5 4320
30174 11 7944
13892 0 32750
28666 11 27205
4977 0 23021
12031 11 29456
30770 11 525
26300 8 19895
9509 0 10699
6857 10 897
12928 3 16646
32942 0 21226
15602 0 2002
9285 0 13920
25666 6 4416
154 11 13231
13806 0 12904
24547 0 28300
27758 5 20150
28777 0 18997
1469 0 30044
24703 8 9527
1691 0 9119
3764 7 31389
9841 0 25542
5635 0 24195
32235 4 29605
13485 8 20020
25222 1 12754
3753 0 19160
33203 0 6010
25710 0 11893
11766 11 12355
19903 8 16385
7077 11 9244
26002 11 25472
17358 11 1310
98 2 33271
2829 6 2829
17890 11 26260
7855 11 25070
29524 0 23347
28623 6 21570
29348 8 27587
25055 6 13557
25841 2 31970
1145 8 19146
7223 1 26940
10067 6 2421
28096 7 28287
1652 7 9758
9621 7 10949
6813 8 5129
31915 5 7979
30336 0 791
18016 8 24124
1236 11 13089
25331 0 1545
23780 0 33250
3777 11 15764
30374 11 13316
7266 0 31256
21570 0 32635
21052 7 10471
25837 2 21883
24084 11 2943
25085 7 3510
28001 6 8550
2249 5 3251
16627 3 13603
10225 0 587
8187 11 13194
28964 7 7621
31724 11 16496
4118 8 20240
1208 11 22031
26572 0 16218
18681 0 11466
19874 8 20196
13001 7 16792
27844 0 6510
6465 11 30639
25557 11 3259
32235 4 14513
11256 0 31036
19296 0 1140
1639 7 12998
24001 11 21309
15633 0 4145
22724 0 11200
18754 5 3311
28718 11 6737
19446 2 28468
17017 0 7866
20226 2 28930
13485 8 9048
18990 0 0
31991 11 423
22 10 19298
2666 5 23348
1130 0 20483
6314 6 19361
20631 0 22784
7577 8 15282
8614 5 12926
21757 11 30078
18976 7 8514
22300 11 15764
24672 7 20110
10319 3 21956
21125 8 12953
16468 6 31505
25215 11 22881
13714 0 3016
11695 11 5284
906 0 8086
11916 11 22636
2855 11 24712
25841 2 1889
13236 1 16007
18067 11 11554
4106 8 10905
3010 11 19314
15982 8 16465
11637 5 30055
30024 10 3808
29961 11 1162
6876 11 27373
21677 5 3893
30674 6 21586
32581 0 21648
5637 0 6947
13252 0 8279
23196 6 30094
31953 0 10194
17345 11 9507
10278 0 21345
30497 5 33192
16630 8 14413
24547 0 20669
31144 0 7478
8286 8 16217
5645 0 26607
1999 6 5293
16997 3 15352
23526 8 7202
2095 11 27710
23968 11 23464
24851 0 26676
20375 11 30662
5170 11 32977
6096 11 24877
21316 11 9285
28944 11 22132
13634 11 19303
26373 3 32636
12305 0 30358
4405 0 20603
30994 11 32670
26119 11 31364
32585 0 19058
24442 11 24877
16465 5 15982
20447 0 25135
2041 0 9457
25658 0 16773
16877 4 27760
31675 0 5090
3515 11 18970
26432 0 11748
32415 0 22656
2510 3 13603
25540 7 29372
22567 11 12340
29819 11 9187
5695 11 7803
9329 0 18326
22645 11 27648
27704 7 16079
2663 10 24152
13049 11 15408
31309 11 30278
4757 0 12421
4309 6 27717
13737 0 9442
19549 11 26327
7485 11 18061
31435 11 10960
4198 6 28004
8149 7 10893
27678 6 17228
1914 8 16461
2580 11 25472
2757 0 23970
22724 0 3178
33046 0 29086
10678 7 26248
16781 11 12695
30278 0 18816
17438 11 17384
27658 7 25554
14138 3 6178
18907 11 28734
5448 5 21409
2490 5 18709
11126 0 30797
6374 11 13506
441 7 10104
26124 0 12008
31922 11 4598
25070 0 358
949 7 29500
2567 0 27620
7011 0 5282
3547 7 29814
6678 0 14845
31775 0 13753
22705 11 32005
4838 0 1836
23935 11 1310
28852 0 14487
18946 0 30421
27136 8 26310
5485 11 22322
30155 6 15175
27425 11 2896
1961 8 28401
30125 0 25374
8850 0 27456
17300 11 25285
32235 4 7546
4421 8 6680
29320 8 6554
27841 11 1310
9911 0 22012
22724 0 3073
32010 11 10801
18760 2 4382
29760 0 10135
27837 11 27046
10502 11 10637
18981 5 16851
11176 8 10736
31761 0 9449
2802 11 22724
16260 7 31725
16228 5 31803
12826 2 17804
23884 5 23112
6911 11 22724
29964 0 21362
32460 8 3587
27075 3 29638
5801 5 10481
14429 8 7223
1601 8 18510
22982 11 8313
4057 11 11247
31859 3 33151
19558 5 24888
1945 11 7976
30412 0 12063
15363 8 27351
27345 11 13252
33011 0 9029
19936 11 25070
11541 11 12394
19479 5 27698
16849 11 20137
363 11 17566
26352 0 20266
23484 0 9580
4030 11 6728
12997 2 17520
4562 10 3528
23229 11 15626
18984 0 14308
30496 10 28449
2557 10 20226
32235 4 12958
10982 0 23413
32235 4 32907
7149 0 1605
32670 0 11538
29228 5 24713
26568 8 16060
24839 0 4840
10165 7 26075
27245 1 13644
2638 0 10371
19446 2 1661
29637 6 10042
22866 11 32863
5318 11 30639
12002 11 17370
32804 11 25685
7324 0 26092
24494 10 25837
27044 0 17478
900 11 20299
32488 0 26817
24391 8 18554
21907 10 31382
15408 0 23460
31075 0 15607
55 0 26989
22449 0 12876
29641 6 14369
12575 7 1605
26796 0 28987
31794 10 6008
12321 0 29706
22066 10 6008
31133 11 8655
32423 0 28744
5772 0 29208
4249 0 9197
3440 0 6385
8323 2 24286
3409 11 9710
19182 0 3203
20434 1 3616
12976 5 23526
23282 0 27693
29103 0 14274
6880 0 32491
19296 0 1535
12765 0 17828
6664 11 14809
33314 8 14018
22928 0 2606
28400 11 3801
4682 0 32986
5857 0 11826
21894 11 16103
21479 11 14662
12930 6 28666
10971 11 13714
17573 11 16378
11806 11 11132
17074 10 19828
26795 0 26572
16968 11 9149
26491 5 281
10498 0 9274
13666 8 27218
13582 11 19775
11858 0 26185
12480 0 6439
12089 0 2906
6253 5 21392
18483 11 27772
5374 11 23877
13435 11 7479
19819 5 23745
14839 0 13660
20805 0 20037
28083 3 4249
16496 0 11203
12759 0 1580
305 11 12960
28553 5 26491
15071 8 4745
25725 11 26091
32037 6 32037
9279 0 25103
19690 11 9104
28419 5 27136
20844 0 25406
27873 7 14059
3673 11 29045
5420 0 11643
8388 8 3684
22116 0 4907
15764 0 16414
4730 5 14453
17430 0 19541
23393 10 5166
3521 5 25234
29177 2 25512
27229 0 9628
22227 0 32894
14017 11 26098
24316 0 19510
30654 10 98
9468 11 6725
26399 0 2519
28383 11 22111
21123 0 21164
9310 11 872
16460 11 11069
32680 11 30639
26352 0 28303
17243 0 21522
28081 0 24577
30316 11 12217
7968 5 9391
7980 3 6635
22667 11 26427
16416 8 3509
59 0 31710
17599 11 19533
19623 11 31670
29151 6 294
2096 11 27500
29863 5 28437
21658 11 29717
10472 11 32863
22814 11 12654
19728 0 11605
279 3 4249
821 11 26406
26377 0 2549
7915 5 20767
15602 0 12373
29330 11 13252
14849 3 32636
10765 4 26949
20366 7 33311
26238 11 15411
30433 0 21499
31785 2 8117
21900 11 21321
8802 8 21573
7431 0 27347
28401 8 20717
8147 8 8069
23930 0 8875
11599 0 2400
23424 5 15829
31951 2 11507
31738 5 17694
3496 6 2998
1169 0 2955
30779 0 28949
24239 8 7770
31181 2 13437
13739 0 15683
22259 0 27789
32111 11 1031
2084 0 29141
25703 10 16844
3986 7 15130
14352 11 14674
21363 11 6841
26640 0 31809
908 5 20772
31951 2 21563
15633 0 17079
12411 11 25664
13726 11 20279
22031 0 5504
16838 0 3412
12452 7 16792
20241 11 12882
26959 11 26204
11292 0 615
18389 11 13714
28818 7 21317
7368 11 6805
7065 11 21772
24547 0 3635
11556 6 575
6486 0 22579
27170 11 22031
21309 0 19098
17069 11 336
20835 11 11994
18180 5 16080
26023 7 30425
26640 0 15501
24310 7 29385
15218 8 12900
21821 11 32440
8759 0 15261
6613 5 32598
30624 5 29366
31532 0 28420
21908 0 16483
8375 11 23205
32636 0 22874
22520 0 28390
17325 11 6302
13869 10 28449
7798 11 15633
31092 11 446
8228 11 434
25070 0 31731
4310 11 18990
21127 8 19410
26124 0 5425
22037 0 26417
10227 6 10584
7534 11 29154
24468 0 5036
11415 11 8892
23097 0 17863
2102 0 22654
15077 5 9895
32440 0 27924
8186 11 30384
32751 6 26755
385 0 4802
14013 0 15074
4817 6 304
7543 6 23987
24506 0 31863
11240 8 3355
21736 8 19931
4744 0 32835
20164 0 8871
20618 11 18898
15581 0 29467
17688 11 13386
29931 11 1830
33075 0 5785
17430 0 12814
3379 7 1482
27439 0 15993
26677 7 1857
1064 0 28420
15921 5 11581
4211 8 11767
3454 11 31846
16435 10 6437
28494 11 16940
8789 10 25837
25202 11 32803
26781 0 28247
15868 7 15868
10606 11 33311
16185 11 5946
7291 7 14422
16084 5 9391
21100 5 25641
8237 8 8563
10509 6 20555
27015 0 2776
568 0 21017
4239 11 1780
33021 8 12412
2033 0 29702
32440 0 18920
5173 7 12826
28825 0 17165
10154 8 25410
14114 8 28414
3186 6 26549
6635 0 1387
17170 10 25837
13669 3 31557
11603 8 27756
6978 0 6484
10422 11 17562
31275 11 14068
11370 7 8107
11602 11 30963
10473 0 28469
32913 11 9244
26981 0 455
13171 11 25633
20652 0 4551
21944 0 16967
863 11 7079
17587 11 433
420 11 7534
3104 7 7030
19961 11 2987
3074 0 22068
21524 6 28053
5508 7 5508
1957 10 6503
19095 0 3821
33260 0 81
1532 0 13284
21443 0 26909
19167 11 1780
25241 0 21924
20192 8 7600
22202 11 20018
18736 3 16442
12482 11 9149
21735 0 6450
31462 0 20960
3278 10 28375
16488 0 16470
8698 10 18760
7057 11 24350
8776 0 9859
7011 5 13558
12904 0 5940
7522 8 311
7767 0 20892
5196 11 24374
6058 10 11480
30278 0 28704
26786 0 2496
21978 11 29195
9734 0 23896
25029 11 12826
11002 11 19314
3048 5 14268
17891 5 2183
28063 0 9516
27062 7 28417
9784 0 24527
27275 11 7178
17934 4 180
25172 6 25172
32233 8 3680
12905 11 3953
7932 10 20226
16628 11 2764
26082 7 6314
8622 0 6486
3174 11 31809
18306 0 32552
13714 0 14224
31839 0 638
29518 11 4548
28442 3 21301
30762 0 3679
3845 11 16044
6805 0 20949
18580 0 2582
12763 0 1462
3728 8 14904
28449 2 23485
4395 3 16442
5825 0 21287
302 0 8817
10481 8 2581
4249 0 11592
5278 6 21570
18553 0 19354
15160 0 11388
33287 0 25766
12925 5 27254
14943 0 8495
20019 2 23528
24300 5 30526
26694 0 25239
21317 5 12208
1017 10 11736
20226 2 22052
3 8 1038
32631 11 26327
6848 0 3340
5927 3 4249
3554 5 3039
25837 2 2399
27383 11 16165
15650 2 15565
7042 8 10133
31710 0 693
26479 0 11628
31056 11 25633
14573 11 13367
6799 5 4503
19919 6 18237
30524 0 26549
14331 5 24342
15554 1 18855
27665 0 28459
25594 11 18154
28779 11 20624
14256 11 433
30259 5 18556
1744 11 25070
9111 0 17945
10289 7 7975
16044 0 15940
19810 6 18423
25900 11 8596
6978 0 27793
31152 6 2136
14845 3 6635
11474 0 28212
4608 10 30301
9320 11 9634
32789 11 4077
5729 8 12784
31347 0 14863
4249 0 28549
10274 5 27078
2363 11 11188
6464 11 25999
7522 8 8039
6513 5 32917
3596 0 14652
18580 0 32446
20840 11 12940
3173 5 4346
18783 11 15764
16043 0 16776
30639 0 28817
29394 11 9463
25273 0 23827
21317 6 11522
26298 11 3588
27608 11 11971
26138 6 4973
491 10 11955
27738 7 24952
7137 11 30941
32235 4 17898
27389 10 18304
29637 4 29608
1005 5 2465
24546 11 14308
18114 5 31488
10116 0 22887
16496 0 19740
4249 0 29160
7903 0 24976
30294 6 9512
24398 11 27593
28161 10 10667
25997 0 29841
8495 11 14943
10597 5 17347
16678 11 24839
6800 8 4136
1723 11 9633
5276 0 11712
29733 8 19096
9549 11 20795
30368 0 1283
19759 11 28600
26498 11 27253
31778 11 682
21979 11 366
28375 2 20650
17797 2 26818
13655 3 16566
5556 0 11016
14894 11 20676
32280 0 25513
21709 1 11669
1251 0 14123
29307 0 17189
27338 0 20854
14662 0 16250
17330 8 28512
23985 11 33046
4161 0 33108
19162 3 4249
32820 7 25417
184 3 32522
28449 2 21924
6008 2 15511
5908 3 31075
5530 5 25883
29177 0 20927
24283 11 6478
16013 7 15567
18151 0 30897
31712 11 22312
3500 11 18483
29072 5 6454
32995 11 1723
10120 0 7827
11771 6 19405
31255 11 22725
19049 0 5036
4590 3 4695
2670 7 6098
4085 0 4085
18308 5 13104
31286 6 27919
21726 0 29382
28554 1 1084
27050 0 27084
11647 8 2477
17383 0 32708
9838 8 27048
8246 7 28218
33232 7 26138
6952 0 26641
2808 0 16138
10267 5 10209
9622 0 13307
25053 8 30238
5110 3 19877
18471 2 17589
23417 0 239
607 8 27770
897 2 16607
22112 11 30639
32505 0 10824
28001 4 6171
22903 11 16518
22488 0 2817
21765 5 26568
9546 11 21026
21881 11 413
23544 7 28773
14829 0 25961
18744 7 29637
21761 2 7406
10158 5 10481
26569 0 18083
8271 11 18079
1973 11 25107
14902 2 1471
29047 7 17395
10816 8 18725
12340 0 10457
19570 8 26228
25070 0 26522
11082 11 6908
15633 0 1497
1360 0 5221
12794 0 14054
23201 11 24312
18196 7 28727
30371 11 1189
18418 11 26088
14706 8 29875
27384 0 14767
996 5 4643
25607 8 4969
27448 7 7393
21512 10 20226
33198 0 28714
8079 0 25150
21908 0 16363
28375 2 7079
1862 0 17317
29537 3 1220
1585 10 24507
16650 11 29232
13887 5 9350
6943 0 17652
12033 0 6679
33203 0 30774
13252 0 22743
26260 0 13820
26620 11 23588
3344 0 12095
20915 0 31701
9244 0 5197
28568 8 6221
20326 11 1310
5276 0 30131
2344 11 4161
10180 8 19069
5894 3 31989
24506 0 24743
11351 0 18270
6810 11 20447
17865 8 15825
29702 11 2033
18867 0 22933
9265 7 31816
30153 11 25043
16838 0 31989
9879 11 14502
13364 11 27016
8573 0 24742
11307 10 31147
28007 0 32036
2596 3 4249
8881 7 22463
11120 11 12838
26498 0 24318
2593 0 15830
23262 0 32042
30716 11 16315
22031 0 12152
16237 0 4405
13754 7 875
30625 6 23441
31710 0 693
22666 8 12611
9669 0 24901
32914 11 28651
26675 7 16784
12390 0 10038
20352 5 2275
12348 11 23282
22119 11 9329
7345 0 8006
22296 0 6365
157 11 9636
14470 0 10096
24533 8 18415
22449 0 18386
13369 3 6848
1944 0 27046
21335 11 16838
14505 6 28340
5826 11 7088
16460 6 14044
5989 10 17049
6925 0 20134
30477 5 9237
26568 8 29748
27644 2 3502
19056 5 5283
20511 11 9754
12212 5 19740
17647 7 27908
27052 0 14852
17347 8 31328
5338 11 20279
22411 5 32794
15764 0 14362
27046 11 21503
29822 11 27284
6985 0 20716
13940 7 18825
17532 3 4249
22258 8 23410
8725 11 32005
26526 0 13720
26124 7 27471
27046 0 9847
11526 6 29671
7045 8 29778
3003 8 23841
10769 6 17487
30782 1 1276
25997 0 4401
22649 7 8809
23160 0 2703
17035 8 21103
16103 0 16104
3069 11 10227
8488 11 12775
21436 6 31092
1529 0 20167
6851 11 22724
9758 7 14773
15900 5 20128
9438 0 8500
3436 3 4249
18398 0 3293
12969 10 11736
9465 0 25303
29195 0 11462
30743 0 5765
5848 11 9244
27377 11 24839
13219 0 31461
5577 7 1652
21189 11 32215
26728 0 5570
8850 0 4936
10796 0 12973
19376 11 6601
29712 11 24839
8811 0 8459
21379 11 12882
32720 5 24888
20463 0 32412
7303 0 16362
13109 11 28746
26335 0 23294
7652 0 27929
26392 5 26165
28086 8 4492
15487 0 27440
22474 0 18269
31892 11 1310
23275 7 22065
34 11 14151
10094 11 12675
12491 5 14445
31875 8 31875
7803 0 25825
24272 4 30295
26848 11 32863
1723 0 12016
906 0 9834
71 4 25978
19728 0 19301
2993 11 20160
7230 0 16039
15794 0 20770
19182 0 4661
8885 11 5825
32587 0 6080
22139 11 14860
24078 11 4044
30278 11 28815
23895 8 5040
21879 10 25837
24553 7 17227
16580 11 4536
32829 0 19648
33300 11 27295
8213 6 20027
9644 8 10452
28376 11 25472
9498 11 14747
24788 5 8069
13995 8 20454
6982 10 14902
18966 5 27340
17231 11 3572
1784 6 2508
18694 5 7045
18911 0 20722
32388 0 7148
18111 11 18171
22062 0 9917
7711 0 25784
2536 8 4121
21763 11 33310
27368 8 7318
23200 11 15633
20258 11 19315
11396 11 28677
8753 11 28119
14230 11 27910
25651 7 886
25484 0 5103
16414 7 12354
4677 0 9887
31396 8 20251
14798 11 24316
17180 10 5621
32235 4 2380
16072 11 11854
29361 5 7371
32669 2 6236
15627 10 18929
9994 0 2531
1691 0 1329
23045 0 7690
33164 11 25472
33046 0 23659
15008 11 32585
30127 6 14370
3528 2 22617
3969 5 1922
20226 2 12016
4743 0 21847
27643 11 24839
12631 8 11997
32960 8 32483
2536 8 497
23468 0 2424
8061 0 31793
18344 0 13359
28444 2 32957
22983 5 23509
7866 11 12015
20439 0 18322
21956 0 24170
6022 7 13637
3647 7 30311
32235 4 24947
20969 5 18930
18061 11 23681
8660 2 6271
28475 11 21407
18114 11 1310
14490 11 24547
19433 0 9560
24970 8 15674
1691 0 22754
9773 11 8119
