33330 12
21822 5 3685
2938 9 12689
5080 5 28308
6967 0 10175
12689 9 1500
17556 7 24966
19343 9 27064
4403 9 16195
28184 10 6008
21984 9 32592
2528 9 28011
446 9 6598
10227 9 15520
31651 8 10696
2265 3 13697
16093 9 23852
12689 9 4743
3354 9 2375
15816 9 9419
279 7 29051
14104 11 3808
19343 9 28011
32575 9 28933
24501 9 13131
858 9 19384
7858 9 29561
9019 11 18929
19690 9 12289
12794 0 23781
2493 11 28249
27477 9 31017
16174 0 150
28011 9 12689
18638 9 27794
21276 6 27895
16912 9 7145
8402 9 3448
19245 0 1115
11128 0 25241
10537 0 15165
28849 9 28011
13894 9 12362
24547 0 24563
20639 11 4727
11359 0 6459
2254 9 12362
30360 9 28011
31785 9 32235
12689 9 27477
20718 0 1481
17056 9 29487
28011 9 29411
17432 11 18518
21428 0 16279
12289 9 10846
33279 3 4249
4249 9 12362
11343 0 10653
6118 9 12689
12009 7 5157
31310 11 32554
12689 9 19211
25968 5 14642
12689 9 4322
7808 9 12362
32993 7 24193
8752 11 3558
18039 11 1968
9634 9 19149
21417 0 19600
29009 9 12689
7064 0 30925
28744 9 9636
14000 0 31143
28744 0 3184
19709 0 15099
29161 10 27821
2695 6 20610
12689 9 30917
28011 9 3902
19732 9 17193
10644 9 12689
17513 9 30360
8980 11 4152
1112 9 1112
28011 9 13189
14583 11 17978
29650 9 1944
28011 9 27477
31041 8 17330
33013 9 3021
32949 0 7048
3902 9 32252
22265 8 28776
30000 0 29434
12689 9 4249
12763 0 15354
30797 9 20877
9990 0 20665
27351 8 20721
27697 9 8466
18521 9 6943
28011 9 31451
9823 9 6100
29154 9 12689
8623 7 2172
25292 11 22705
16101 10 98
15557 0 26839
19211 9 13049
11970 9 27669
33277 11 17976
3245 9 20942
12689 9 18013
17796 11 22463
6008 2 27421
10796 9 12289
3909 0 14700
25386 9 8595
19790 9 7329
6902 9 28011
11316 3 13697
1115 9 28011
22103 11 13359
11618 9 13359
27910 0 24324
28011 9 12289
21655 7 14562
28777 9 26323
24332 11 30654
21908 9 18714
748 8 14906
3354 9 4185
6314 9 22660
23769 9 32561
27024 9 12689
22705 0 8494
5567 10 13210
28011 9 6016
7808 9 23466
8203 6 13692
26090 7 26909
28011 9 3959
20790 9 18484
33319 9 31152
8665 2 2150
18936 9 11656
15185 10 897
12689 9 3111
10178 9 18929
1112 9 21908
12689 9 11213
25714 9 11999
6484 0 18162
1051 11 25205
27890 7 8142
24152 9 13037
2384 9 20652
9439 5 11877
6635 0 22860
13529 7 28506
6671 9 19387
16044 0 4058
2162 11 24851
4340 9 7223
19079 0 423
12121 9 12689
25426 9 19211
16101 9 15386
2150 10 8665
10509 9 28011
707 8 26354
22515 9 4801
30135 0 30096
5157 9 4801
15091 7 1007
25183 11 31309
12775 11 2603
11248 10 22406
25973 9 353
1112 9 30726
7278 5 21734
6578 9 12689
27892 0 25337
28159 9 3972
29608 9 10038
172 11 33305
28634 2 8338
27796 11 24839
13131 9 4801
3373 11 16641
27017 0 15327
12689 9 7948
9634 9 21388
8666 11 28864
4161 9 12689
21273 9 21273
28715 9 8264
12689 9 28011
9658 11 25253
1386 3 8670
18782 11 27517
24124 9 12689
15517 9 29041
27968 11 16174
27821 9 8241
12587 8 5258
21317 4 18887
19772 11 2364
28650 9 32429
14878 9 31946
3040 9 28926
617 11 1691
12689 9 23449
32673 0 11360
3697 9 27519
32252 9 12689
24529 9 28011
6100 9 9823
26982 9 12689
23997 0 29504
1226 8 8352
17867 9 31242
1578 11 23909
25055 6 12109
15291 9 1567
21273 9 165
27600 0 26645
23388 5 11011
175 9 12689
22290 0 17249
28650 0 9948
30414 0 2553
19383 7 19383
9634 9 9126
11489 0 1890
23772 10 6008
3907 5 9759
20512 0 22185
15225 2 27680
12689 9 12689
16838 9 13236
5637 9 10931
31888 5 22629
27821 0 25414
5413 3 31075
29257 9 30772
538 0 18889
13832 9 10135
420 9 24829
12689 9 3955
5050 9 18013
22031 0 20315
6250 9 28011
25729 0 4257
17867 9 9432
22037 0 19663
25710 0 9240
33063 0 16812
6455 9 26429
16287 9 22068
10566 0 4625
18446 0 14858
30889 0 2416
19059 9 6398
8091 9 12689
24829 9 28011
24829 9 21670
18331 9 31979
22964 11 20488
24375 9 29086
1331 9 22911
13131 9 28011
10252 9 28011
9634 9 21273
8912 5 29153
23271 7 19459
15289 9 10752
27498 0 9978
31045 1 8679
12689 9 31599
31088 0 8016
9738 11 17256
723 0 30654
20813 0 17233
12711 7 6746
12689 9 2708
12689 9 16121
2375 9 13714
30387 9 19072
28011 9 18471
1239 9 16224
25902 9 5825
25958 9 29411
6858 9 27660
12172 11 2918
17919 9 12689
20985 11 10641
26568 8 7969
8777 11 30639
6112 9 1271
32554 0 13049
13210 9 3354
32405 9 8523
4014 9 12689
21370 9 25772
29459 11 29998
13506 0 15961
16769 11 18936
16808 11 1691
28392 0 18326
3448 9 8151
9145 0 8057
21908 9 29080
28011 9 11725
15616 7 15616
16271 5 13182
30300 11 16895
9509 9 10509
12689 9 2384
5461 11 30941
4249 0 26280
26335 9 27964
12798 5 25234
12689 9 14807
12689 9 12362
7221 11 30779
12018 6 17451
29796 9 12362
12689 9 3534
11670 9 10417
33265 9 1112
323 9 12689
20925 9 7329
12689 9 16121
28011 9 14106
27785 7 24180
16880 9 6937
12689 9 2375
10529 8 6791
4615 9 12689
12689 9 9322
28600 9 4443
9823 9 25129
5768 9 21540
30666 0 1527
317 9 16460
4249 0 23759
12689 9 30269
26506 0 12418
752 0 2635
12689 9 30269
3314 7 7858
20156 9 27386
10144 6 5993
26001 6 19748
1093 11 4598
5887 11 6385
3354 9 8968
32372 3 4249
10846 9 28973
30641 5 25966
12289 9 5275
14106 9 23598
10796 9 5238
24284 9 28664
29515 6 23914
12362 9 31394
28412 9 28011
11429 9 18988
20279 9 21907
5401 11 25299
13048 9 12689
9717 9 28011
18048 6 17311
31904 11 20844
31105 11 10265
23466 9 5440
8432 0 20182
11943 5 8498
2296 9 12689
28011 9 29076
2193 11 8298
28011 9 18471
4488 9 12689
26202 0 4606
12957 0 27256
29068 11 6003
28119 0 5444
32192 5 17098
18425 9 8740
13037 9 28011
21166 11 4599
6577 9 14777
22310 9 28011
3231 9 25615
1944 9 31061
12689 9 18698
10671 11 25710
28011 9 23466
7564 11 27660
2708 9 12689
28011 9 16492
23749 11 32863
17181 9 28011
12689 9 10846
7721 0 29060
16968 9 5440
1949 8 27254
5917 11 9126
12689 9 243
12689 9 32951
11126 0 28141
12689 9 930
9634 9 28011
16309 9 12149
9775 11 24481
28011 9 25902
28805 9 26429
10135 9 18929
12826 2 26190
21291 9 22982
25050 11 6599
13187 9 19276
30125 0 24737
11238 9 19205
29616 9 18737
23319 9 30826
28883 0 28012
20019 9 13832
32102 9 30797
19041 3 13603
26564 9 14214
10861 5 7168
14702 0 16326
14543 7 12689
6737 0 23574
27083 1 17457
3935 11 30414
13444 0 10717
10091 1 13979
17729 9 12689
6722 8 5585
23695 8 3141
13206 11 7185
21372 0 26711
2732 0 935
16968 9 4801
12289 9 11380
29953 9 9634
12689 9 13714
32853 0 14686
15484 0 19721
2748 0 4882
23599 9 11193
20776 9 28011
7131 9 28777
9634 9 20019
23482 11 23868
28938 9 13168
9289 10 25837
17560 9 1500
1891 11 25082
12289 9 9329
25249 9 2600
2061 9 28011
1343 5 24396
28011 9 11725
9634 9 19211
29058 5 5992
32935 11 19688
12543 9 25715
6058 6 11285
16121 9 12689
20612 0 13285
15809 9 16844
28011 9 7910
28345 5 15363
24126 11 25338
4910 5 3657
29382 0 19122
25731 11 12915
21348 8 16616
9634 9 19211
31942 9 3448
25084 9 28011
13989 9 28011
9185 0 26461
28011 9 8177
12689 9 12689
28011 9 27660
12689 9 21761
8936 9 25271
13445 5 17964
23575 9 19466
26835 11 4819
16363 0 20787
19373 9 18714
33312 9 10227
32138 7 16255
30425 9 8277
26250 9 16435
31626 10 15650
19049 0 8432
26001 9 26124
12384 0 22992
11207 7 15632
25070 5 2230
17698 9 26429
17411 11 7011
20353 0 9209
29090 0 3897
23480 7 24629
28011 9 23914
28650 2 3429
24506 0 3104
18857 9 17297
5009 0 13732
12689 9 27332
27639 7 21481
27719 8 15564
29076 9 1084
6927 9 9438
5119 0 33152
15650 2 13359
30363 0 13475
25635 9 28011
1788 6 19276
28011 9 4249
18269 9 4406
12383 9 28011
1909 9 20734
27656 11 13697
12689 9 2708
6728 9 19211
11193 9 14479
21824 0 13809
11807 0 15481
6765 6 13164
33215 8 24181
2323 11 29045
19416 5 6911
12689 9 19732
13460 11 21372
23463 9 7651
23063 10 31708
5606 9 18439
1952 9 21196
23294 10 20226
24374 0 18671
31521 9 7336
587 9 28011
595 9 12689
12689 9 3972
12282 11 32863
21163 11 19678
9244 0 21627
9247 11 30888
10710 9 21984
15209 0 22785
27028 9 12689
27137 9 9468
12689 9 3354
22597 7 7372
14214 9 227
28011 9 3914
19343 9 12689
17706 9 25724
8595 9 16838
575 11 2374
1776 9 12689
26036 9 28011
3620 11 7688
28506 8 30772
2983 11 1623
19560 11 5281
8099 11 25070
3231 9 27187
8616 11 6908
28926 9 24629
25070 0 18975
2375 9 11462
7651 9 15036
10045 8 27408
23268 9 15284
32215 9 19211
12978 11 32185
22745 11 5119
4406 9 21273
21824 0 12450
28503 11 19384
29659 9 28011
21550 9 28011
11807 9 28011
12689 9 4532
5157 9 5157
28910 11 15520
13578 9 21574
10554 0 22291
9957 11 10495
19211 9 9634
20019 9 12794
7417 9 12289
19025 9 28011
28011 9 13955
12689 9 11157
12689 9 5325
18013 9 21283
18206 6 8175
8623 0 12599
14113 11 2846
25224 5 5518
5318 8 15508
12041 9 15794
6414 9 28011
24262 9 16821
5157 6 29738
26982 9 19211
30337 9 12689
858 9 12689
13249 9 10038
31501 8 2476
2266 2 11669
12689 9 15400
12689 9 6635
13944 5 19539
20698 9 20698
8968 9 3354
5341 11 4311
15014 9 32278
12689 9 906
18013 9 29086
17808 9 12689
6100 9 28011
22488 9 31942
4801 9 8466
15734 11 16127
10481 8 9932
14308 9 13189
12689 9 6635
9193 6 30563
27634 11 30726
21101 11 24673
31513 11 5696
18471 9 9419
12689 9 28011
13319 0 12719
16447 0 4057
17291 9 12362
12689 9 28011
25197 9 25197
18576 5 26568
3245 9 32854
2792 9 20906
1362 11 21981
32089 11 22093
5240 9 25902
18929 9 19499
17463 9 21273
16121 9 12689
28623 10 20226
16684 9 28011
18200 0 21603
28011 9 32230
6895 8 13790
1377 11 32863
23877 9 28011
28462 2 18637
6475 11 21824
9596 11 19328
71 9 6941
24100 5 31488
9634 9 25920
27064 9 7155
1856 9 12289
14009 11 19081
9634 9 28011
14214 9 25156
12689 9 20895
21273 9 2375
21273 9 17463
13714 0 8309
22641 9 20894
28011 9 31255
28011 9 24427
9011 9 10960
12289 9 6503
18633 4 26440
26981 9 27024
26982 9 28011
12689 9 30168
6000 9 20894
27794 9 12689
28011 9 19732
22515 3 4249
11147 0 23967
24517 9 12689
2465 11 23242
9823 9 28011
4589 0 25178
23937 5 25956
12906 8 29458
30954 11 25472
2695 6 14886
1788 9 858
28011 9 9634
22250 8 10381
33221 9 28155
30360 9 9634
23555 7 31556
28063 9 28011
4641 6 506
5443 11 24960
31209 9 20682
210 11 22493
29608 9 3914
3979 9 14879
22031 0 24075
28011 9 27953
13210 9 25156
4801 9 29796
25837 2 2057
11610 7 24461
1961 8 5131
12867 8 2358
23970 6 14369
10811 5 24299
17433 9 28011
26030 7 29815
21574 9 12689
5325 9 22183
32575 11 28392
19958 0 28298
17706 0 6902
11498 11 8409
20814 0 4227
16702 9 3952
32951 11 30726
17583 8 704
5871 0 10421
26899 11 23781
26036 9 12689
10121 9 32099
20447 0 18686
19343 9 906
29411 9 2375
23282 0 947
16127 0 2945
3273 9 6403
12689 9 4647
227 9 10135
22071 11 24509
17025 9 15579
29580 7 30463
9563 9 12689
28011 9 29957
32104 9 3662
11961 3 13493
20159 11 30162
27798 9 6289
31548 0 5866
28011 9 1567
15991 11 21240
9573 11 13603
10191 11 21966
15913 6 3620
18151 0 22104
19544 9 29826
25835 0 24019
9419 9 19690
2938 9 4801
33275 5 5256
4801 9 12689
4888 9 13551
32891 0 21363
13864 0 24702
28011 9 7386
13127 9 7489
28011 9 20535
32501 9 28011
13739 9 28130
16515 8 24620
125 2 17300
18822 9 12689
8758 11 4080
12342 5 9483
6270 9 20840
14530 0 14072
27794 9 12689
30939 0 32708
22505 11 23282
28011 9 24093
32254 9 11157
25197 9 30049
28589 9 4014
14723 9 4748
21273 9 9634
21381 9 6186
26982 9 3972
21273 9 8402
28011 9 13697
13410 9 13692
13455 9 12689
11652 11 16887
30760 6 12047
23466 9 12689
9823 9 4839
21908 9 10038
28011 9 16599
1691 0 31442
21984 9 1623
27599 9 5440
4647 9 29062
9552 0 1356
6989 9 17816
31785 2 14930
27775 9 28011
28011 9 9468
26708 11 1519
22680 0 23778
30772 9 19415
20226 2 21948
15355 5 6972
18825 9 12689
7947 9 4743
6708 9 19130
7808 9 12689
12689 9 28011
21388 9 2446
28600 9 6107
3436 9 12689
302 9 28011
23806 0 8887
15047 0 19914
2708 9 4185
9362 7 24629
7866 0 27042
14662 0 3164
19057 9 22567
12062 0 14729
10936 0 4640
19253 11 4553
13697 1 7780
19050 9 28011
18988 9 12016
27477 9 28011
10572 11 10170
31934 9 23370
16634 9 4801
3276 10 6008
15650 2 17027
8152 5 16215
4044 0 13902
22142 11 27046
28011 9 19337
12115 9 2792
12689 9 8405
12689 9 19276
7351 7 12968
71 6 20195
12689 9 4014
26458 9 10509
29088 0 32517
30697 7 12931
4839 9 8466
19059 9 27512
24093 9 19517
23404 11 19205
28011 9 16093
12340 9 19211
31903 9 28011
1115 9 21908
12689 9 25564
29616 9 8657
27477 9 32278
31394 9 32104
17226 9 10931
18407 9 6303
28011 9 28664
12689 9 27477
12689 9 32885
10044 11 25829
1691 0 12393
12689 9 6100
8237 8 4137
18929 0 17405
20894 9 18929
5456 0 26293
18882 10 897
16234 0 30693
15375 9 32138
3245 9 28011
3343 8 33276
11426 0 20805
23017 9 16287
32570 11 19984
3060 0 8123
12689 9 32252
12023 6 15245
23878 9 21437
28011 9 12362
3245 9 29998
23634 0 6757
19211 9 12689
28011 9 15400
10509 9 10447
25552 9 28011
26442 9 11712
8704 8 25769
27420 9 20753
12689 9 12289
31009 9 12689
586 11 27295
12121 9 28011
27801 7 10631
12572 5 31492
25554 9 24942
20894 1 13551
32235 5 12208
3138 0 16758
19176 5 26366
20226 2 134
18193 0 11216
8395 5 32846
27219 9 32429
18261 0 18476
19373 9 28011
13679 0 24861
12689 9 32252
1815 9 12689
23225 11 31285
21574 9 17139
23877 6 14324
27200 0 22062
2635 0 30798
25660 11 7525
16826 3 4249
31113 9 28011
30172 8 15879
29953 9 28011
22037 0 31237
24427 0 7145
32467 7 2417
12111 5 25519
3890 8 31850
28011 9 9285
33317 11 11807
19722 9 30337
32235 4 11744
22251 9 13977
12362 9 12689
17411 5 33301
16867 9 10227
25772 9 25197
3231 9 18988
21429 9 21672
6902 2 11069
28011 9 31722
2933 9 12149
15489 9 13452
6412 0 20768
3173 11 24448
28650 9 21672
21273 9 9634
24063 0 18804
25810 2 9939
29141 11 25633
5491 9 28011
1841 1 26729
26728 0 6805
28011 9 6314
17755 9 6289
28011 9 28011
29450 11 31119
9435 9 28011
11910 10 12074
18471 9 28011
12689 9 8968
7160 5 9789
17049 9 353
7540 2 22965
28460 6 27312
23876 5 1853
8514 6 26377
29562 7 5228
12267 3 4249
20226 2 33002
6078 11 2164
8855 10 6008
22955 3 4695
15682 0 1267
29236 3 17000
6299 11 23282
4981 0 5364
12188 9 12689
14335 0 11213
10523 9 28011
23839 11 9617
25937 9 6032
15559 9 4801
3604 9 10110
3632 5 4747
16895 0 7839
29265 11 30414
19943 11 25070
6635 0 23290
2008 0 33193
9634 9 21864
12689 9 28011
1548 7 8253
18919 11 2317
12882 11 19690
9634 9 7861
2042 11 30852
22764 4 10702
4249 0 10603
10923 0 16578
12689 9 23490
4801 9 25156
6100 9 28061
15633 0 15284
32885 9 24527
28011 9 32859
28011 9 24458
12689 9 27930
12689 9 12940
29186 5 17471
15893 0 4151
8100 7 7977
9213 0 23902
13852 11 26429
28011 9 12689
28259 9 11462
24913 2 22590
894 9 17287
20610 9 28011
7331 11 21194
22679 11 30941
1467 11 21459
10196 8 3381
15003 9 27658
26952 7 21413
15232 11 21981
12383 9 23466
27560 9 12689
19211 9 33245
24427 9 12411
6032 9 17539
22724 0 28281
975 9 25744
28154 3 4249
28011 9 15996
4249 9 24811
12689 9 6954
21761 9 13131
8137 9 24829
13873 0 15867
17664 11 22031
28648 3 9839
10830 9 25760
9487 0 23154
25753 11 20523
18214 7 1558
14530 0 14318
25949 0 9190
5577 11 18580
31727 11 22474
29927 9 28011
4647 9 23877
1249 0 1656
12689 9 28011
906 9 441
16287 9 2102
14014 6 23759
4389 10 897
30742 6 30209
4647 9 28011
26609 0 16093
20795 0 28528
5667 5 32586
5838 8 30741
29854 7 7453
30760 6 9953
3697 9 12289
12882 0 31777
5867 0 26445
10884 9 12689
20226 2 7203
19276 9 23411
3245 9 4801
9754 0 30751
8183 10 30937
30231 5 22196
20019 9 18013
19544 9 2708
7119 8 30038
18737 9 21321
28011 9 9020
14106 9 28011
8751 5 16011
3600 1 32245
18279 0 29440
16838 0 28654
9669 9 25197
23466 9 24060
24493 11 16178
28416 0 30991
18995 7 22971
21335 9 2708
12689 9 19211
21863 9 32513
23877 9 12689
8656 0 508
9365 0 17335
14403 8 4696
28011 9 14184
19211 9 13131
29953 9 7808
4743 9 12689
18436 11 649
13599 9 22679
8759 9 28011
6008 2 28572
28963 9 21453
1868 11 13252
7341 9 33319
10890 11 9320
16888 9 15483
19782 7 15314
17436 6 830
26124 0 20195
27187 9 28011
12021 5 17465
22073 9 4433
27624 5 10744
10796 0 31341
11901 11 19857
28011 9 30726
12188 9 22869
24291 11 25639
29766 11 9417
21273 9 23877
31061 9 14878
477 6 4833
2633 10 21854
19826 5 849
20770 9 8374
18670 9 29953
2054 0 17462
26036 9 12689
1558 9 12826
22251 9 2375
14715 0 1197
12689 9 1900
4521 9 28063
31994 9 18552
22475 9 25206
14976 0 27251
5582 0 21791
28731 6 7591
21373 11 20920
536 0 15877
20146 9 4801
23262 0 5254
12875 6 30627
33319 9 7808
17730 11 14662
24629 9 12689
12289 9 12362
18930 8 16647
12689 9 28011
24829 9 17261
26989 11 55
31394 9 28488
28011 9 23004
30083 0 16504
12689 9 5135
12575 0 7625
25222 9 17867
873 6 13763
23412 6 31690
29958 9 30797
17673 2 23202
12689 9 4801
12289 9 12689
25391 5 11957
32235 4 3215
27653 5 29187
1790 11 2340
17497 11 8853
11426 9 28011
18898 0 19457
16492 9 10904
28011 9 866
3698 8 11427
18929 9 18929
12416 11 10796
25938 3 19224
24515 11 4126
33311 0 31901
1576 0 2695
12289 9 14878
31942 9 22257
15047 0 16986
2174 6 8263
26179 11 30767
15633 0 4167
13098 3 4249
31016 9 12689
22137 0 33249
12689 9 15368
2788 8 1855
15521 9 28011
28011 9 23252
24586 9 32252
28715 0 3599
32102 11 29194
32738 0 18851
10135 9 2375
19033 11 22990
31061 9 29411
21353 5 15846
12289 9 12689
7321 0 17311
12289 9 29411
24839 0 4518
10687 9 12689
24529 9 17867
28011 9 18737
12794 9 21879
29502 11 18284
5440 9 30258
9324 9 16684
31922 9 12126
28011 9 7057
10136 7 25048
7234 9 30094
25070 11 6003
27794 9 4647
12689 9 26377
7190 0 24359
1524 9 21984
10047 8 28469
9786 11 22031
572 11 24254
12689 9 29608
27519 9 25821
22410 11 19255
9855 7 16784
29367 9 12689
21672 9 9144
1108 11 20010
29806 5 13485
12689 9 28011
22594 7 14369
13192 11 23781
27892 0 23986
13125 9 8968
11106 9 28011
20448 8 2426
21023 7 4455
11999 10 98
13941 8 7448
8850 0 26783
12390 9 29062
17739 8 24718
31526 11 3519
4249 9 7948
1173 9 27844
21222 11 27474
18134 6 32815
21937 0 18615
5703 11 28517
27610 11 25070
16968 9 10710
14214 9 12689
9834 9 28600
6993 0 1560
21270 6 23721
2375 9 28011
16528 0 30471
4706 5 2075
28011 9 29445
7239 0 8555
12289 9 28100
4801 9 19732
25949 0 3121
31146 8 1008
22196 8 2473
28777 0 29305
26172 7 4317
15311 3 5836
22982 9 11725
16605 11 7452
11309 5 26870
19349 8 22507
28011 9 10381
7808 9 28011
30414 0 9049
14180 11 11345
24847 11 5281
22724 0 13897
5742 9 25222
27104 9 25156
26442 9 28011
18670 9 2708
13970 0 1756
13189 0 2934
16867 9 3972
20840 9 12689
4801 9 10038
23282 0 19114
9300 8 20681
32668 11 13231
16838 9 30797
18525 5 15808
1112 9 8936
6179 9 11157
27092 11 7120
19149 9 3354
866 9 2254
28449 2 11338
22699 5 8237
3808 2 18686
12689 9 11148
13578 9 28011
9634 9 19211
29092 9 9669
30785 9 1522
18723 7 29052
16699 9 20947
14530 0 1211
1665 11 23983
28011 9 16378
30278 0 31309
3972 9 23390
4839 9 12689
21673 0 15361
1529 0 11092
12362 9 18714
14562 6 21655
5304 9 16458
28011 9 10931
26683 0 25985
12046 9 17748
9634 9 19211
22757 6 597
31994 9 28011
28534 11 1691
12689 9 11970
13131 9 22997
10204 9 9353
12689 9 25222
28011 9 15490
32554 9 28011
28412 11 32942
28011 9 18641
20243 11 29119
1115 9 31422
6578 9 27477
25981 7 14534
3697 9 2055
7436 9 2185
28011 9 12635
8853 11 15679
14832 9 12689
26518 11 30207
8688 11 14662
13506 0 29249
6821 9 12689
18723 4 14587
20160 0 15081
9634 9 28011
27151 9 21437
9634 9 4801
19732 9 5157
9968 5 26647
18929 9 24860
3914 9 12689
19662 11 8095
23783 0 8077
12689 9 19384
12689 9 385
1620 7 28918
18567 9 5618
9419 9 12689
27892 11 13765
15634 9 6578
12826 9 6711
30258 9 4801
30797 9 2375
26776 11 10796
10893 9 25554
1543 6 10437
7375 5 30145
4039 9 27064
28011 9 9144
18425 9 28011
1838 8 25075
28011 9 28805
3146 10 25115
32402 8 941
9322 9 10509
23457 3 4249
587 11 5618
24154 8 4476
12689 9 15284
2641 9 31942
6472 0 20382
16726 0 12325
14327 9 28011
31492 11 19690
16770 9 23852
21773 4 16
26877 9 25852
12689 9 5995
24573 5 27291
22183 9 28011
4801 9 27669
2938 9 30281
26695 9 31979
32592 9 1523
1592 11 8926
11148 9 12689
25310 0 13183
6767 0 22322
18714 9 25772
27778 1 27428
10728 9 12689
13755 0 8544
10381 9 29311
8385 11 20814
6100 6 31844
28011 9 23490
12689 9 12689
28627 9 25833
19487 8 11178
16465 9 31797
17797 2 1697
27015 9 13832
29748 8 6140
17976 11 15012
8678 11 18309
23382 0 5264
8797 6 32514
28011 9 4838
28011 9 12943
25477 8 26847
2375 9 10971
8357 5 8607
33245 9 13638
2206 8 18379
4801 9 12289
4959 9 10982
32705 11 11045
4801 9 11643
28011 9 9634
28011 9 16093
1212 11 7688
9329 0 8789
4615 9 12689
16779 11 15821
13603 0 1994
21273 9 12689
9208 9 29307
17064 0 27156
22641 9 32255
17097 8 20229
30301 2 5705
4161 6 4506
5796 0 8758
12289 9 12289
3769 9 17944
24285 0 30981
28011 9 24527
17920 11 6103
29092 9 13048
13603 0 9744
8490 0 31327
6067 10 30483
28011 9 26008
12689 9 22982
2574 11 1529
20513 9 28011
22683 9 3697
6100 9 9823
15794 9 20884
27583 11 27146
19539 11 17256
8969 9 20513
12362 9 227
33084 11 20742
3231 9 27660
12415 8 23838
28011 9 1310
8906 10 20226
16030 7 22933
7948 9 28938
9816 10 14655
7649 11 28404
10252 9 25315
4801 9 18013
28862 0 7034
15047 0 9211
27455 9 28011
10380 9 3619
825 10 16156
28011 9 19677
6484 7 14158
31887 9 19211
2531 11 9994
21826 9 20513
19384 9 29750
10063 9 23575
1697 11 17880
3808 0 12298
18566 5 15292
373 9 4801
16365 6 19870
28011 9 14643
6927 9 18929
18670 9 202
20011 9 12689
1682 7 3345
21121 0 9566
18537 11 4217
13156 9 9225
8563 5 8237
23034 9 32951
6100 9 5995
19808 9 12689
243 0 14776
13632 0 32502
1112 9 9015
29106 2 15020
9419 9 5325
27577 0 23042
6008 2 29417
13314 9 13048
18633 5 17222
26001 6 519
31113 0 30841
12929 8 4118
26966 0 9009
15291 11 8555
12689 9 29725
28011 9 16737
3914 0 25287
12689 9 9634
28964 9 28011
265 11 6953
906 0 30264
6902 9 12188
8160 11 5683
4979 9 12689
15662 8 20333
28011 9 16378
3914 9 3914
25070 9 7064
12689 9 12289
32629 11 15794
6589 5 21385
22796 9 12826
2933 9 23877
19059 9 27013
24586 10 25837
15393 9 1482
10432 11 17259
9634 9 28011
23680 11 323
15677 1 4372
1310 0 24848
26658 9 28540
8466 9 6711
1451 9 3709
23767 8 29776
13741 9 28011
512 9 30953
29608 9 13609
12689 9 13131
21907 9 5375
19894 11 30278
12689 9 9557
28011 9 16634
28011 9 28849
5281 0 14907
18228 0 15640
32592 9 8466
26150 7 26150
8041 11 2447
7290 10 18929
18737 9 866
7808 9 20884
33191 9 12689
26982 9 2375
21121 0 26445
2183 8 32451
3231 9 21672
29147 8 29858
19190 11 6884
28011 9 2185
9196 7 18929
22113 7 23567
14887 11 33028
23411 9 12689
5606 9 1112
3206 9 22959
1917 9 28011
24567 5 2314
5490 11 2238
21273 9 31123
385 9 30797
25070 0 7855
13479 10 27386
4734 11 19930
24829 9 9634
14474 9 13359
7808 9 227
32356 11 32423
4654 11 17501
25315 9 24907
12689 9 329
13722 11 14155
12187 11 11695
19861 11 32686
19033 9 13489
8439 7 12133
19715 0 21867
7560 5 3901
28011 9 19033
25358 0 24207
31760 11 14987
25902 9 25950
19615 11 29045
10308 11 13649
12121 9 12689
15600 9 31946
20513 9 2402
13739 9 24023
29632 3 438
24839 0 6306
20844 0 1419
6906 11 27660
31230 7 21481
17158 1 14177
32505 11 26795
7741 0 30211
9353 9 12689
13697 0 11316
6079 0 891
4801 9 9756
17256 0 32783
16838 0 1670
15694 0 23273
1851 3 13667
4801 9 21021
20947 2 521
3161 0 32178
16473 5 13264
14214 9 18936
6943 0 16032
7146 9 28011
12237 11 243
25777 8 18920
4748 0 27884
876 9 25315
1769 9 6980
15393 9 858
19059 9 25958
13303 10 98
10796 9 28011
12689 9 12689
30412 0 21356
25945 9 22488
28011 9 4030
18742 5 9
3209 5 17849
1635 9 28011
23962 0 22095
32592 9 1909
32863 0 4266
16044 0 27039
24063 0 2556
28651 0 8412
28011 9 17805
8583 11 16496
32899 9 5210
31815 8 32377
28063 9 3231
11346 9 9634
21273 9 30797
13888 9 4900
13832 9 353
20226 9 19898
30269 9 18013
13750 9 31123
28011 9 18546
7527 10 6008
8703 7 9193
9634 9 19211
8872 9 12689
7910 9 5440
25337 7 6098
12689 9 21847
31352 8 21919
5667 8 27795
32587 0 20658
11029 9 15858
12689 9 31942
28011 9 28294
9634 9 19343
2666 11 3167
26097 11 29700
875 9 28011
12689 9 12362
33311 9 12689
10796 0 32599
27697 9 858
27566 9 12105
18637 10 28462
14214 9 3697
11634 0 28378
8061 9 202
22488 9 25711
28011 9 5276
20325 9 28011
28011 9 20884
1975 7 26138
6003 9 29750
12689 9 2254
28011 9 12689
12046 0 22504
31922 0 2549
26779 6 19386
16071 5 27544
28011 9 4905
33040 11 23934
15160 0 22950
24630 0 8957
28731 6 5572
33280 3 4249
31113 9 7532
7911 11 5463
3110 3 12566
5616 9 19633
16492 9 9634
30295 10 31951
28011 9 25902
8327 7 1093
15991 6 8476
13832 9 27477
28011 9 24896
28011 9 27064
24306 11 31060
481 11 8134
21661 11 3558
9669 9 21255
25827 7 11805
12689 9 19211
12689 9 28777
29206 5 380
12274 9 28011
23776 9 15521
30258 9 30258
25095 11 18103
19186 9 9634
22617 9 14273
3965 9 12689
18628 0 29716
13741 9 15984
27333 3 27259
21240 0 30698
9636 0 26831
18573 0 18306
24829 9 12689
13150 8 31801
2866 0 32592
12689 9 9756
11980 9 4801
1370 11 25070
21370 9 28011
19732 9 28011
7649 10 6008
15794 0 15774
4647 9 12689
24586 9 8107
327 10 28449
12689 9 13099
2708 9 24874
4647 9 13236
13714 0 19391
27033 10 6008
31348 9 17867
24374 0 2530
4249 9 18988
3245 9 4801
8072 3 16646
5681 11 4052
21283 9 31730
28287 6 2005
4743 9 1714
15633 0 25809
2569 9 26125
20770 9 12689
17922 11 8789
25593 5 2316
15322 10 897
28011 9 28011
21924 0 30838
28926 9 4039
22809 0 13397
20548 5 31440
16378 9 28011
1567 9 28507
26982 9 9208
17698 9 12689
12689 9 25715
26252 0 3411
28011 9 33311
16004 8 108
25659 9 18359
28493 0 26374
16044 0 27578
13493 0 3053
4665 9 23110
28011 9 4249
19728 0 20060
2500 9 28011
25609 9 9834
858 9 5157
25852 0 25367
12689 9 28011
27477 9 28011
12689 9 7493
25137 11 13022
12149 9 21381
10141 10 31191
8984 11 15633
28509 0 15610
12689 9 23346
29730 11 14662
29679 5 9751
5995 9 12689
12037 11 15633
16588 11 14242
29232 0 3738
4039 9 23746
27561 8 8692
33202 11 243
31926 11 25267
14026 0 11613
14214 9 12689
2538 9 14321
20759 0 2930
32235 4 7819
18306 0 19969
12362 9 19633
21697 11 30154
28011 9 25554
5565 0 21673
14390 11 24229
175 9 12689
12689 9 28664
20942 9 858
8194 5 28647
17221 10 28375
10213 0 10017
3628 5 21486
12689 9 15105
5331 0 9292
5496 9 12362
4270 11 15966
26458 9 28011
18929 0 11719
25494 11 4743
21545 8 20138
15881 9 28011
6578 9 28946
1 7 31943
11036 0 20009
16684 10 15650
18013 9 12289
5274 9 9634
12689 9 15579
19425 9 19425
12689 9 12689
12689 9 31785
3975 11 33046
26926 11 2832
9668 5 31373
12689 9 9634
897 2 5880
16998 11 32025
23543 11 29931
28444 11 906
6290 1 1755
26088 7 9754
27590 0 20065
7205 0 21757
3315 0 13506
3231 9 29700
20967 11 8850
12362 9 21892
29512 5 8873
19956 9 12689
4743 9 538
16287 9 7155
3207 8 13323
12689 9 22796
25772 9 32250
30320 9 14059
12289 9 2708
33311 9 12635
32303 7 23042
18096 3 23252
12689 9 11131
21321 9 29062
9244 9 12780
13314 0 18678
17911 11 13765
11643 9 2254
8262 9 4867
31934 9 28011
28699 0 21389
28989 8 24364
26386 3 2759
6375 11 17985
10022 8 17483
9935 9 30269
12689 9 18714
2759 0 18611
31893 9 14353
12689 9 5440
12689 9 28061
31566 8 20712
9276 11 6943
30674 9 28011
24651 9 28294
15567 6 28594
20019 11 9834
10481 8 11641
12689 9 20772
16093 9 28011
25115 2 30742
3606 0 32785
21372 0 4806
13354 9 2111
14007 11 19259
31903 9 25615
3711 5 20419
7788 0 8946
29086 9 3769
33274 7 22463
18633 6 2841
21332 9 12689
21587 5 4200
28777 0 27028
4801 9 16097
22763 8 9409
2375 9 7999
5491 9 558
30000 0 18146
12689 9 9954
21672 9 2375
13406 5 9024
30620 0 956
15136 9 18740
23411 9 4014
28011 9 30887
28011 9 16684
3882 11 14662
16996 11 15039
20789 6 23344
29150 10 3808
8541 0 29083
21839 11 26857
8466 9 27015
30314 11 16496
6173 11 15324
16038 9 12689
15278 6 13724
29700 9 18714
8407 9 3569
21182 5 24219
24776 6 3200
10580 9 23667
10314 8 9838
7009 9 29725
28818 5 17415
2432 5 2688
12864 11 25707
31427 8 32035
9634 9 19211
15964 11 21428
32897 9 8466
28011 9 13314
17758 3 21057
19847 11 14824
16011 8 1448
13165 6 23121
16838 9 12362
30269 9 28011
24459 11 20069
7460 5 1648
6100 9 7651
20942 9 24396
28063 9 28011
8850 0 7015
25189 0 28339
10396 8 15595
8108 0 18544
28011 9 1590
9784 0 22517
6008 2 27033
23613 11 15794
32636 0 8578
4014 9 4917
5898 11 2706
16357 0 9879
30531 7 17511
32817 9 13127
6954 9 1728
30674 7 30674
691 8 699
522 9 28011
5620 6 32643
21335 9 3231
4905 9 12689
32358 0 9941
22203 9 28011
20926 0 4153
20914 0 25647
12689 9 29725
3079 11 16044
31379 11 24932
13314 9 5742
24839 0 13538
13359 9 15579
19808 9 30337
13493 0 7826
19211 9 9634
26833 11 12090
30414 0 13958
28011 9 420
7785 0 23506
875 9 25554
6927 9 12689
13007 0 22861
26110 9 32252
29868 9 26377
4151 3 15893
9634 9 16309
25269 11 2538
15041 11 18856
14033 2 7090
7248 11 23242
3492 11 33326
21273 9 8464
19384 9 28011
24651 9 28011
28011 9 12289
28011 9 31347
20894 9 29194
2350 0 22252
7612 5 14616
5035 6 19106
22990 11 6725
31823 11 13110
10327 9 12689
2487 9 26982
25108 8 8216
11664 11 30414
12689 9 5465
18558 11 12994
12689 9 28011
12689 9 25564
11382 11 30852
18220 1 12860
8686 9 18581
9448 6 16811
10668 11 18214
30466 11 3535
10901 5 22629
2953 7 4267
30472 11 25472
10509 9 18018
19057 3 20383
512 9 27794
9832 11 11132
18353 9 14703
1691 0 31593
24878 9 19033
29311 0 6555
7695 9 28011
31558 11 24449
14240 9 12689
28011 9 12689
25710 0 10727
24547 6 33218
21318 11 12583
12689 9 323
8968 9 9823
4801 9 8604
3709 9 20513
5742 9 9954
16838 0 2757
30917 9 16826
4044 0 27395
858 9 23466
16079 6 30581
4193 9 8466
24829 9 4185
21956 0 317
3354 9 12689
25315 9 17798
19176 11 5281
29293 0 31625
12689 9 28011
11828 2 5467
4807 6 23016
10846 9 28011
1411 9 28011
2185 0 26113
1310 0 30185
24396 9 28011
4401 9 24517
18936 9 10754
28011 9 9634
15841 10 20226
3269 6 5529
12289 9 16888
12677 11 9635
6100 9 12689
3665 5 33231
12689 9 3801
3202 5 24580
2375 9 23588
10220 9 18951
2148 9 27844
16492 9 32721
12689 9 8304
20513 9 4694
22062 9 21488
4014 9 2792
5658 9 27566
16268 9 10227
30944 7 9754
32235 4 5740
21403 7 30294
9954 9 20570
11791 5 27007
25710 0 5523
27510 11 32863
16651 5 11580
4009 5 17077
3525 7 28711
16838 9 27226
29134 9 31348
31087 5 27695
31514 5 29349
12121 9 33191
28011 9 23490
15382 7 17196
18105 0 5419
1683 0 23418
26361 8 16502
27377 5 25399
19149 9 12289
369 0 14011
12188 9 906
22671 8 9087
8704 8 8043
15151 9 9634
19220 5 6361
26887 5 29369
18150 11 23742
19893 9 29083
31023 8 31948
508 11 8656
30674 9 28011
23707 6 5397
21494 11 25070
13030 5 31073
29550 11 1310
14999 0 22501
8428 9 18714
12689 9 29586
28154 9 32281
12411 0 30762
12324 7 13018
12689 9 13049
1162 9 27697
13913 7 720
1917 11 25043
2881 11 25070
2504 11 308
9634 9 1112
23282 0 30172
32206 0 20817
2708 9 28777
8050 11 27028
12383 9 12689
8147 8 4685
32645 0 7507
13073 9 3972
915 6 18885
17218 7 13832
22282 0 6484
15489 9 24388
9634 9 21273
4049 9 8151
10380 9 14479
28011 9 13127
23789 11 24839
9244 9 7651
8767 9 21915
13123 11 17962
28011 9 12689
9634 9 28664
28011 9 28132
16097 9 16888
28011 9 13102
31395 0 5189
28699 0 945
25715 9 22435
26357 9 4491
16044 0 9556
14565 5 24542
20657 11 9279
10981 11 22449
24527 0 13923
30793 9 28011
1310 0 22171
15077 8 31095
5889 0 13579
3959 9 12689
421 11 10220
15182 0 5841
31341 9 23575
9285 0 28468
29129 9 8759
18178 9 18013
4557 0 14844
18737 9 28926
1282 0 31205
4249 0 19022
15160 0 30334
21667 9 12689
28011 9 9669
605 11 7877
5307 11 29137
27934 11 32863
20964 7 21470
12689 9 20896
31053 0 16533
8281 7 29306
1282 0 9392
22031 0 3251
27999 9 31435
1112 9 9329
29725 9 21462
18567 9 9233
12554 5 4733
7794 7 28731
12689 9 12689
18067 7 32350
4039 9 6100
8936 9 12689
27892 9 3004
20826 9 23104
15128 11 17256
17698 9 19732
23088 9 2375
10779 9 6398
18582 0 26088
13493 9 27477
14736 0 22668
16231 9 27466
31785 2 1878
4165 0 2978
26023 11 13632
25852 11 15860
32445 0 25565
13236 9 31348
32016 0 7035
5036 9 26036
23282 0 23002
11585 11 10796
14296 1 8379
22493 10 30301
16496 0 18849
8841 9 31148
18096 3 15773
9208 9 3914
1529 11 26111
9500 8 11276
19276 9 32250
14878 0 538
27187 9 12689
28011 9 27046
23516 9 18269
12689 9 6821
19211 9 9634
19930 0 4734
19238 0 18590
31722 11 3720
12689 9 3569
7563 9 12689
9548 9 1356
918 11 22418
24851 0 16913
7910 9 22293
5742 9 5742
13359 9 8658
22586 9 21257
32215 9 15349
14768 11 31625
7225 10 10667
15044 11 10381
12289 9 21826
10796 9 28011
31782 9 3206
15187 9 12362
27656 0 19363
29311 9 7131
5397 9 20908
20725 8 19689
29861 0 24807
22816 0 1421
9569 5 10370
4145 11 15633
19989 7 19989
15219 11 15284
4801 9 16538
22998 9 25631
21672 9 27226
26522 5 24103
3671 11 31189
18988 9 28764
4633 9 4801
18284 0 29502
12383 9 13667
6910 11 6902
29385 6 4970
28011 9 11559
4801 9 98
1635 9 28011
30739 11 30077
15408 0 263
30609 9 322
11232 11 18094
3901 8 18464
12689 9 12289
30779 9 14691
13836 11 31857
1360 0 747
4199 0 23529
8595 9 15732
12689 9 3972
1335 9 29307
20896 9 13534
29305 9 9149
8968 9 12689
10907 9 13832
10509 9 24517
12689 9 5440
27821 0 31560
30417 5 16303
12689 9 6361
10220 9 10931
23776 9 25315
21649 8 14503
20162 3 4249
18346 5 31931
2402 9 6923
22982 9 4665
12000 9 6711
1780 0 21990
3231 9 3354
20555 7 10509
2708 9 11193
30476 5 4709
4309 11 26745
25567 8 12786
12689 9 30024
22251 9 28540
13314 0 26563
12689 9 12289
17193 11 25092
24551 7 30311
7910 9 12689
14761 11 22022
13527 11 26857
15794 0 9019
12193 0 26133
32543 5 12169
9681 6 1734
2330 0 32454
16212 11 25674
29976 0 2039
28011 9 17102
9634 9 13625
25454 9 26001
18552 9 24651
28429 8 31934
12970 11 13252
10227 9 20826
22724 0 1634
8968 9 4000
15533 8 7996
12362 9 12689
33191 9 28116
25236 3 31989
1567 9 18670
17139 9 28926
8407 9 13127
8076 0 621
33062 0 6418
23599 9 12689
25315 9 31347
22124 11 4580
24293 9 8740
31128 8 23910
3808 2 2398
28011 9 21907
5665 11 23262
16953 0 24508
3905 11 12868
15543 0 27050
27200 9 8595
18929 9 29038
6950 9 29280
18022 11 22816
19858 11 29129
9529 9 12689
20550 11 16496
20513 9 440
19884 9 20770
16968 9 11462
28011 9 17519
12689 9 26001
13493 0 22096
14957 9 876
21574 9 26214
1113 6 1624
20132 11 12915
28011 9 16378
12289 9 12689
28926 9 8811
24285 0 9151
27794 1 22944
17197 6 24631
12689 9 6578
23877 6 32590
12689 9 25426
10912 8 31603
21153 9 8041
10099 3 22025
4249 0 26777
24979 8 28205
28011 9 30742
15912 0 31381
1621 5 7045
7370 11 23243
31723 11 18059
4413 11 26512
12689 9 4944
31150 9 18425
21177 9 22123
28011 9 4743
28024 0 20425
18790 11 31394
7131 9 28011
30471 11 5871
28332 0 11639
27444 9 28061
4036 0 5877
23463 0 18740
5758 11 15633
11725 0 19027
13037 9 15368
12689 9 12215
22807 1 4867
32553 9 12689
28926 9 26305
12689 9 24396
6786 9 21257
21981 0 23243
25906 10 6008
9754 6 618
4497 8 9280
32554 9 19059
2890 11 17555
15887 9 18013
26491 8 2802
21273 9 12689
2620 3 9276
17049 9 12689
25797 0 2116
21478 5 18930
3200 11 26519
28011 9 18013
6931 9 4208
28011 9 5463
3310 11 32863
3584 0 32775
29052 6 9903
13943 5 24484
28777 0 2933
30779 9 7272
19211 9 12689
11762 9 12689
7808 9 18193
32278 9 27064
19673 6 340
9634 9 19211
12689 9 13739
12689 9 12289
28011 9 28011
19690 9 227
7083 8 1187
12689 9 23449
4411 9 32629
6796 0 27165
24562 0 23179
5742 9 5742
12689 9 19446
3506 9 12689
4201 8 794
15579 9 8658
10467 11 3713
29000 0 12542
14419 0 32138
16121 9 12689
13697 9 24891
19851 11 20652
18936 0 13602
19233 9 5742
22677 7 29381
14854 9 25635
27697 9 3354
12689 9 26442
11643 0 12243
4801 9 13033
20894 9 33211
5968 5 29734
26124 0 22696
12689 9 549
2739 9 28011
15415 11 8859
8281 8 10523
28632 5 22500
3782 11 14033
15284 11 28651
15633 0 15328
8089 9 11157
28011 9 9624
1364 1 17519
21665 9 24860
12689 9 25554
2375 9 12689
31934 3 31955
29793 9 16888
10324 9 12689
23458 9 8363
28301 0 32463
17867 6 16948
6728 0 12943
12689 9 12289
24193 6 23844
24829 9 12689
3156 0 15089
10907 9 10907
18215 11 25110
21672 9 26524
17307 9 12289
13874 9 14214
12188 9 12188
12689 9 4039
12362 9 9756
7453 6 21699
27519 9 20208
27844 9 12689
4185 9 28011
12188 9 12035
28011 9 21826
15643 10 6590
2678 0 33238
7780 9 31075
20295 11 9974
26242 11 1169
4405 9 9634
2375 9 12383
1567 9 20019
15349 9 12362
12763 0 24024
10637 11 18518
19211 9 33245
11828 2 11175
9825 11 17219
14862 0 32964
20958 9 21021
30212 11 32063
11861 11 24547
4499 7 9223
4743 0 6042
32264 0 16558
4649 8 27486
13189 0 9962
14214 9 25197
9485 9 21021
8496 10 20226
12483 5 11713
21667 9 8904
26083 11 11548
26099 9 9457
21332 9 31942
12689 9 11213
22778 5 24888
31942 9 11156
28116 9 1623
24266 11 24657
29700 9 12689
20033 9 1189
10840 11 33251
14693 6 24874
9438 0 3669
27844 9 28651
2708 0 13268
25197 6 4340
1567 0 12485
28011 9 27498
21629 9 21388
12689 9 25937
7910 9 5420
30330 9 6566
26001 9 12689
5521 8 3810
3301 0 7634
30244 9 25197
12689 9 19504
23494 3 26124
2345 9 10884
2933 9 12289
9634 9 6288
3524 0 18737
23252 9 28011
28251 2 16231
7952 9 3596
28011 9 15107
14416 9 33031
20769 7 21773
9419 9 12945
4960 0 18082
4113 11 24449
25803 0 3336
24323 6 32358
6160 5 20786
3906 5 5632
12994 1 31045
12062 11 7501
12794 9 28011
9193 6 13068
30439 11 19519
14273 9 12689
4245 5 6898
17020 0 29467
9526 8 22125
4249 0 14051
15306 9 9536
10523 9 4801
10736 8 6952
8221 0 24148
15138 0 24231
28011 9 25744
16496 0 24150
29382 11 30939
25238 3 16838
9823 9 6100
12994 0 9758
7155 9 13131
8323 2 33047
1135 0 2511
2997 3 4182
4963 0 17807
1972 0 14338
11156 9 5440
27844 9 12689
1112 9 11130
24517 9 16795
12289 9 10646
9669 0 13380
17307 0 12261
12689 9 27046
16227 6 3697
3808 2 30409
26036 9 3965
3133 5 27578
6753 7 26377
20513 9 21321
3289 8 3775
24019 11 25835
5650 11 5281
2886 9 25196
12066 5 27671
7517 3 6635
21908 9 23575
32440 0 19422
32219 11 8444
10150 9 7791
24359 9 15922
24936 7 22065
29088 9 8969
18141 9 2018
28651 0 16716
11756 9 21672
4562 9 8473
30915 9 25308
17403 5 332
28011 9 15481
25973 9 29927
7049 8 2092
29748 5 26568
12689 9 17698
5403 8 4693
12140 9 12362
9001 11 29390
4496 8 28916
24839 0 9998
6100 9 6100
33251 9 18471
18987 11 21435
20513 9 33191
22047 6 22656
9993 11 4165
10710 9 14647
5554 0 21057
28777 9 23390
2389 6 19392
12689 9 1543
13022 0 658
71 6 36
28011 9 7808
22749 0 32507
22563 9 13534
9263 0 26644
28135 3 22547
2501 7 6496
18940 0 1738
25157 11 17224
32975 10 20226
6635 0 4404
30168 9 28011
29184 2 25425
28011 9 21194
23667 9 23667
12689 9 19690
1187 11 20844
13551 9 26982
18523 9 31061
3977 8 15846
28011 9 28540
8466 9 23667
1078 11 18582
4433 9 28011
23103 5 14973
14872 11 26724
5686 9 12362
20848 7 19784
28011 9 20652
26505 8 15286
12945 9 9419
4433 9 10846
4536 0 33115
16919 0 7792
12289 9 30512
22708 8 29385
24598 6 33280
19650 5 20748
18325 11 21564
18935 0 8681
1326 9 9262
9823 9 28011
27024 9 9740
6008 11 14033
10389 11 23282
14059 9 24485
17946 9 23852
22072 11 32842
24684 6 23226
7808 9 21864
14308 9 25973
4297 0 20050
3955 9 25156
3619 9 9432
31157 11 26045
28136 9 13048
22541 0 5438
29953 9 9634
28462 2 6566
7329 0 27566
12362 9 12689
395 11 20813
13281 9 16309
1497 9 12689
28960 9 3979
3715 0 3586
22435 9 28011
8168 11 20055
9669 9 27046
15588 0 7058
3915 8 9975
9634 9 12689
1112 9 2375
8729 10 20947
20470 8 8128
15543 0 21140
16137 0 2232
4895 0 13910
4801 9 11618
14033 2 8199
12689 9 15579
6118 9 24839
7871 0 31969
25271 9 18486
13252 0 4027
16587 5 18660
27187 9 12689
24829 9 4633
23986 0 14175
21672 9 8466
4583 11 14957
31560 0 33048
7458 11 14305
28011 9 7933
10475 9 12689
19896 0 18976
331 5 16807
28011 9 12689
1611 9 12689
8466 9 19732
12183 9 24427
24839 0 26766
13485 8 4180
30171 11 2422
12289 9 12689
12432 3 6635
22176 11 16237
16492 9 6100
22776 11 24044
30294 9 17254
6700 11 15579
22982 9 8456
3697 9 28777
22031 0 1314
28011 9 3127
26409 5 10389
3041 9 12289
12689 9 23769
24851 0 31524
30685 9 10785
1635 9 3072
27660 9 5465
14813 11 6701
5286 11 16044
23413 0 21570
8097 8 31537
16309 9 18737
28011 9 19033
31075 9 28011
23855 9 10971
3313 11 28248
27606 9 3747
15316 11 11253
18861 6 15694
12689 9 31088
30758 9 13409
6584 9 25958
20207 9 28011
10641 0 26346
27028 9 13493
3374 9 8376
21672 9 10917
11697 11 11145
12689 9 17698
12689 9 1486
19428 9 12689
9854 11 13219
13790 8 28117
20226 2 6286
10485 8 32253
1378 8 11059
13832 6 2196
12383 9 16161
3336 9 28011
30168 0 20122
30463 6 12618
23348 8 15578
3448 9 14059
16496 0 11936
14475 11 16044
28011 9 30726
29177 2 19678
98 9 98
420 9 21280
23449 9 10227
13603 0 32987
18737 9 9225
15650 2 2207
12505 11 5995
1173 9 20513
19744 6 29067
2033 9 15762
22176 0 22055
18714 9 31785
30620 0 11030
17698 9 25113
12132 9 27114
12289 9 24942
19276 9 8904
7854 11 24851
25222 9 12689
6811 8 24221
6314 2 21917
3440 6 31896
9379 5 25671
8658 9 23878
32863 0 311
4249 9 12046
1998 11 11269
5488 10 20226
16665 5 32720
3855 3 14976
28011 9 25537
18326 9 23390
27519 9 98
23950 5 15873
6200 11 16337
32296 6 20455
31061 9 13131
21843 7 21843
916 8 3464
30875 9 31064
1567 9 98
14530 9 28063
5772 0 8325
9309 9 27187
28011 9 32252
1173 9 12689
9887 11 4677
17950 9 13410
19095 0 18058
12689 9 28011
30175 11 32863
18207 11 7711
13131 9 20925
33251 0 32246
31899 1 23040
1452 11 13060
19194 0 30569
20528 11 21817
19909 0 12085
1277 0 3850
28438 0 6809
12998 6 1639
15437 6 29941
485 0 17844
29102 11 28862
28011 9 27844
6100 9 9823
22684 5 1378
1835 7 10949
29725 9 12362
23667 9 7284
19303 0 10812
23626 11 25107
26174 6 32172
7290 9 28011
12689 9 26036
5933 9 14691
858 9 13735
6032 9 6488
9456 5 22005
28011 9 29826
15489 9 3245
19074 0 32585
1173 9 30674
2016 9 28011
27892 9 1115
20732 0 13679
25794 4 23400
19149 9 12289
11980 5 15626
4407 9 22488
21273 9 19893
14194 9 18013
28011 9 31088
32592 9 21847
4249 0 23168
30318 9 21021
20909 0 14806
28011 9 12689
2377 9 27854
6464 0 31854
17963 8 29987
30588 10 26885
7484 0 5070
24132 0 11934
490 6 13308
33250 11 2587
13697 0 31828
29096 6 29441
23243 11 4598
29998 9 19211
28011 9 13832
24093 9 28810
14530 9 28011
2376 11 21981
12289 9 3955
26352 0 14982
2750 9 6578
25571 9 28011
9419 9 28011
24685 0 10449
12826 2 2165
28651 0 6028
8789 11 26981
16838 9 2846
13832 9 3972
28011 9 31091
25153 11 12974
27477 9 3336
19372 11 4217
28011 9 12689
32414 9 7190
1000 0 16116
23488 9 15847
2718 8 10339
9416 11 10814
20291 9 28011
8670 9 28011
33311 9 2938
15794 0 20882
9485 9 12689
22031 0 32447
269 7 8185
14214 9 23058
31061 9 4801
28282 0 6094
20920 0 8888
26790 11 16339
23877 3 3783
7972 11 28277
31312 8 4657
19237 0 31419
20884 9 29725
28011 9 30917
18784 11 25772
29637 5 12208
1521 11 25189
10197 9 19211
1221 8 29694
12689 9 28011
21021 9 21556
32199 11 10381
433 0 17587
12372 0 15545
20894 9 12689
3245 9 28011
27806 9 21908
12289 9 20942
1050 11 32353
4532 9 21429
27104 9 23159
21892 9 22803
98 9 3231
27162 0 29782
24975 6 25959
19568 9 28011
6484 11 14646
6980 0 28333
4013 3 29097
6540 3 16646
14777 6 24984
12689 9 2446
31361 11 16918
25779 9 2336
6969 9 12689
9322 9 12689
30797 9 30797
28664 9 12689
17698 9 22183
10263 11 13739
26843 6 4015
22031 0 25700
29089 5 8092
27749 6 27790
32344 0 19195
7064 9 28011
14170 3 9839
26340 9 10995
12689 9 28011
641 11 31134
4694 9 1944
2708 9 12689
27718 10 28650
28011 9 10252
8185 6 14454
16309 9 18714
12362 9 24950
28011 9 12289
21321 9 9353
13697 9 6391
25195 9 30674
12121 9 28011
9634 9 21273
10629 3 26124
2375 9 8657
28011 9 2538
23575 9 14032
12689 9 9419
12289 9 28011
32574 11 1251
8811 9 12689
20447 0 65
21780 11 7131
9419 9 26982
1375 6 16873
464 11 20844
23633 9 8936
29725 9 21057
21672 9 20958
8315 6 18737
4249 0 25500
4249 0 24061
2949 0 31784
12470 2 4534
7462 11 27413
24811 9 18641
32283 11 12316
9419 9 28011
5772 0 16237
30938 11 26327
10305 11 7604
1728 9 12689
33198 11 7901
12289 9 21515
23761 7 7030
26387 7 10588
2375 9 264
18737 9 6858
4735 8 26667
2086 11 6908
10087 5 3974
3231 9 12689
24093 5 12018
11093 7 720
22731 11 32005
28777 9 12689
24517 9 20770
13839 9 25315
10033 10 4937
9823 9 12689
6841 0 23277
9929 8 17735
24563 11 24547
21113 11 4536
25197 9 13697
16487 5 27038
7354 9 4839
32492 5 3621
16121 9 18929
12289 9 12289
4408 9 1482
25472 0 26032
28327 9 12689
31189 9 26132
25406 8 12867
7316 9 27865
14832 9 21462
30948 5 17111
14240 1 24896
10251 11 22119
12689 9 25222
25710 0 32451
15117 11 15334
5276 9 12689
1806 9 25222
26483 9 28011
16646 0 6248
10085 11 3468
19517 0 22751
12016 9 136
5618 9 4801
27116 7 911
1073 3 19694
13487 0 28195
9509 9 31393
27341 0 29454
28011 9 11193
18548 11 21824
15858 0 23897
21602 0 30322
11697 0 13197
28011 9 21629
26479 0 16592
12689 9 12289
7807 8 7155
27630 0 31397
29956 3 4317
13493 9 26124
25315 9 9634
28011 9 12791
6273 9 8657
28032 7 12018
1960 11 30639
136 9 29041
27786 11 20977
1752 5 2825
10389 8 26409
25229 9 31347
5627 9 8595
17671 11 32673
4885 0 26091
17797 2 587
28011 9 28011
9878 3 11085
1812 9 3697
31080 8 19181
12289 9 5397
19033 9 28011
9518 0 26290
23277 9 27566
27809 11 22346
25472 0 13751
13796 9 30797
27519 1 4089
30512 9 18857
33191 9 1204
23575 9 28011
17867 2 10235
29543 11 22724
5426 5 17582
13832 11 22474
23034 9 18218
28044 5 5854
31725 4 1848
6562 0 7747
26832 11 23034
9457 9 3972
19050 9 12411
20513 9 7910
17913 0 24424
32711 11 28777
28417 9 24023
3697 9 28777
27964 0 23725
15073 0 32050
28011 9 16634
14824 9 9634
15119 8 32474
12188 9 30726
4939 9 11193
9262 9 4764
10384 8 31577
248 9 5904
21273 9 2753
12689 9 6994
14019 0 5135
28829 11 17866
3510 6 1183
16268 9 31332
18223 6 9041
9309 9 16684
25171 0 18128
29052 6 25042
3909 7 21926
28011 9 5461
17805 9 8372
13526 11 33063
21864 9 5742
7763 0 11721
1691 0 21952
24105 11 22282
3972 9 7436
28176 11 32863
19359 8 10874
23041 9 28011
13359 11 29129
8818 11 22628
17347 8 10597
30516 5 22471
10484 11 10525
6786 9 12689
13722 5 7912
8429 9 28011
28011 9 4801
7651 9 25516
29307 0 6445
5427 9 21335
8460 3 26124
4562 9 14273
26442 9 23633
28664 9 5118
24829 9 30797
16838 9 3231
4801 9 28926
22515 9 28417
17946 9 32602
28926 9 27649
1680 9 28011
22125 0 32432
16093 9 2375
13280 0 10784
1093 9 12689
32015 5 26953
9485 9 21574
165 9 16985
9145 0 10814
30797 9 4647
5938 11 27831
25315 9 4801
12689 9 31946
21196 9 18670
10817 9 12689
28011 9 32627
12362 9 20513
249 11 1310
2375 9 385
22251 9 21903
10245 7 8578
24529 9 12689
29413 9 12689
24140 0 1357
32235 4 10708
6074 5 22542
33311 9 16684
17581 9 17581
18567 9 15273
18572 11 23780
3502 10 27644
18181 9 8011
10340 9 9515
25685 0 19099
4375 11 29195
14242 0 23100
12689 9 4801
3821 11 10796
18670 9 6954
28011 9 23633
24076 10 8034
19932 11 30111
15379 9 12689
32304 11 27079
22370 11 22034
16121 9 15375
25472 0 13891
25671 8 29629
28664 9 12689
14815 9 18951
9347 11 30421
24370 8 9480
26982 9 22435
6112 9 28011
227 9 19050
12613 11 32148
8473 9 12689
30286 9 15596
30993 7 1680
15256 9 7354
18907 9 21273
18273 5 25941
33311 9 33245
20212 7 26237
8670 0 12071
10796 0 18398
16387 6 33286
7096 9 1410
29184 2 33052
9991 7 29641
25402 9 12689
20718 11 14132
17992 9 27226
19789 11 25070
23159 9 12689
12362 9 3697
8466 9 26138
9421 0 28054
3955 9 23984
20095 11 5463
10220 9 12289
17479 5 26508
12289 9 28011
20513 9 23855
7910 9 204
31143 9 12689
25874 0 9509
12689 9 28011
28011 9 29076
4647 9 28011
11073 5 9677
22938 8 12936
32356 0 15887
18890 0 28459
27852 9 24643
3154 1 4330
3231 9 6902
31760 10 25115
6786 9 2336
33053 5 22091
31366 9 9756
28245 0 8446
8264 9 28011
21257 9 16378
28935 6 4736
7316 9 2528
14069 5 17993
12689 9 6944
12689 9 3231
14059 9 12689
10737 9 8767
16757 8 3150
19211 9 12689
16093 9 28011
9712 11 33094
13219 0 21948
22640 9 27660
10934 0 17069
30797 9 22320
13314 0 71
30826 7 846
20211 11 11085
9707 0 443
28011 9 15471
1888 11 24964
16990 11 1780
21863 0 3444
25554 9 9667
12689 9 12689
27420 9 12689
12040 0 9013
2254 9 28011
1649 0 33133
29608 9 17540
32640 9 13236
14480 11 19059
12720 0 14032
30564 9 32897
11244 5 24798
21372 0 1335
23877 9 858
25249 9 7131
4340 9 15273
9893 7 4367
10796 9 12689
8200 11 18081
22125 5 28216
28600 9 32501
4210 10 29257
13131 9 10198
9634 9 21273
21908 0 17702
13551 9 12689
7592 5 18560
4249 9 28011
10247 0 19295
21981 0 2376
9557 9 31393
28011 9 13099
2955 11 2185
20078 3 21956
32892 9 27094
6250 9 10198
906 9 28011
10336 9 30669
230 9 2243
2254 3 1220
8718 11 21863
7782 9 33319
7503 9 11955
32951 11 13008
3354 9 31994
10884 0 21749
20015 0 18347
19453 3 7251
28011 9 16718
28011 9 3245
22435 9 27798
28011 9 30554
4536 0 14699
5350 10 31785
12362 9 12362
23732 6 20999
28011 9 9634
4433 9 12689
29407 11 7711
28011 9 32943
6927 9 28011
24706 9 1112
2557 9 4847
12689 9 1326
12689 9 8466
31729 8 19598
8732 11 22724
4743 9 17054
12689 9 28011
10287 2 19269
2378 9 28011
20513 9 13583
17995 11 11886
12289 9 28011
25932 9 29194
15330 3 13697
3808 2 22095
18326 9 12289
776 7 11955
28011 9 29092
11083 9 28011
13832 9 14308
24280 5 15920
27884 9 12362
4139 9 28011
12689 9 5427
22977 0 1895
12689 9 30384
26446 11 14844
10278 0 27264
30935 0 24957
4959 9 25772
9524 11 15767
5119 0 5651
16316 0 3838
15136 9 31123
19043 5 5095
31394 0 21454
11509 7 11509
21296 8 12057
4950 3 22153
15770 11 7064
28011 9 30512
12689 9 23041
28011 9 19722
28687 7 15632
12689 9 29062
28859 11 22383
2933 9 15225
30233 2 32790
12689 9 4715
2364 0 29058
17195 11 32525
32638 11 33208
12689 9 8740
24060 9 23004
32863 0 23919
33243 9 18723
16255 9 25554
17063 11 15408
3885 11 19217
7913 6 7913
98 9 25615
27697 9 12362
13168 9 8811
12383 9 19276
27504 6 10581
13236 9 17307
10733 7 16079
12121 9 9396
28011 9 2938
4543 9 25315
9758 6 10088
20232 11 8315
28011 9 26982
16380 0 13008
20901 9 23851
19161 11 16356
4657 8 5841
32278 9 23776
343 11 3705
7910 9 27660
16102 0 14718
14419 0 5663
118 8 508
32851 9 12956
25624 0 19075
12689 9 2538
7314 9 2875
21726 9 12689
10758 1 4884
9509 11 25874
32250 9 32594
17839 7 17383
11858 11 7767
1728 9 21672
28365 0 24128
9823 9 6100
6578 9 11807
18737 9 19123
28011 9 26877
9669 11 29927
4489 9 12362
10518 0 5982
7022 0 21246
5742 9 5742
32103 9 302
33303 10 15650
2268 11 32016
2319 9 6980
25973 9 14308
20649 5 6220
12845 9 18326
2968 5 12562
10883 0 20410
16426 7 15534
28011 9 27892
15450 9 26442
30833 0 10159
25715 9 12689
28297 5 19840
22858 7 1335
7695 9 12689
32921 5 27765
4377 10 25659
4165 0 32652
7231 11 20160
22786 3 7018
32408 0 23996
4801 9 3955
1574 8 8286
12689 9 20579
22660 9 24618
32250 9 17797
9181 0 27590
12689 9 12689
9089 0 18382
22692 5 13485
10509 9 12689
31785 9 3354
12689 9 26001
12689 9 8767
6319 11 1310
16838 9 12689
5375 9 6398
9404 0 19781
5173 11 2344
20982 7 1977
5546 9 14691
26568 8 8297
31979 9 12689
14531 8 30801
27024 9 29038
14610 11 31709
18082 9 14110
6066 11 18326
11274 1 975
5428 7 10737
12478 11 27583
18356 9 2375
28651 0 18441
2118 11 24839
12689 9 18013
16833 0 26168
13528 5 17874
7866 0 27042
8039 5 7522
21273 9 33311
16919 9 30258
858 9 12689
5427 9 10478
1623 9 13131
31802 10 28251
12689 9 4039
4801 9 26036
27926 11 355
8473 9 5582
8137 0 17987
21937 0 25735
24468 0 2293
22685 11 15602
12689 9 28011
16948 11 26920
16238 0 1398
8663 9 28011
8041 9 14214
11122 7 5157
27694 7 11955
21121 9 12689
23546 0 26621
13410 9 17729
19722 9 28011
32994 0 25141
28011 9 31782
3354 9 8968
26141 9 28011
16018 7 143
12689 9 3354
27976 11 20924
26442 9 27794
23927 11 6880
24896 9 7002
16121 9 12689
4954 11 23691
23449 9 24527
13990 11 31017
1310 0 313
24449 9 30386
28777 9 438
13762 0 17533
10580 9 19328
15602 0 16800
30762 0 9550
28101 8 981
24747 11 414
29092 9 8466
21588 9 4208
29608 9 28259
12689 9 10904
1648 8 8498
11506 8 24036
12289 9 16378
6702 9 19986
14112 11 23277
23490 9 25222
19973 0 21357
31725 6 15810
24962 8 16893
27660 9 7695
9634 9 18471
16465 11 6956
12362 9 12689
18425 9 16309
28011 9 12689
14157 6 29428
12689 9 27028
16238 0 32920
98 9 12689
20200 0 5546
7242 1 27618
8595 0 32473
5300 10 22406
4647 9 15331
17110 0 29761
31209 9 11429
27844 9 3245
18013 9 4532
12689 9 4801
17517 0 17537
23828 8 9494
9954 9 12689
30513 0 5101
9475 9 28650
14976 0 22941
3231 9 6120
23266 9 7554
28011 9 12689
8791 11 1985
28202 8 14550
3027 11 18935
20826 9 4049
29307 9 20325
8027 7 18723
14598 8 689
32250 9 31785
17538 7 25811
18768 0 17009
9509 9 18013
3947 11 13252
14146 3 16646
13127 11 15284
21937 0 11284
19229 9 17816
17689 11 5966
71 9 28404
9412 8 12435
18688 11 17046
7205 10 6008
25599 9 28011
8868 0 1291
32143 5 5383
6892 8 23742
5556 0 22336
25315 9 866
4249 0 21204
12689 9 20268
15579 9 3709
27519 9 12689
9816 0 16169
10648 6 30860
32862 7 1130
9213 0 3590
22982 9 12689
27248 0 5241
2116 11 25797
22908 7 17746
22749 9 17248
506 5 22443
28011 9 27566
13430 6 21561
7535 9 32892
1920 9 161
12687 6 27811
9309 9 16684
25223 9 7314
16888 9 4743
28011 9 16492
33168 0 2380
20217 11 5127
31393 9 12689
13931 0 11210
20019 9 28011
12689 9 15489
32429 0 4568
3972 9 163
8862 5 21537
18110 9 12689
2869 11 6943
30946 11 20212
32440 0 14531
13189 9 26506
11691 5 24219
22665 0 32434
18331 11 29821
1498 9 4249
28011 9 2375
27139 9 28011
13832 9 23855
29700 9 27884
13049 9 7808
9284 9 30269
9634 9 28011
473 10 15650
28011 9 4917
18141 9 14214
28011 9 16309
866 9 29022
4712 2 4778
4801 9 14214
18163 0 31395
4801 9 21057
29791 11 32440
26126 0 29471
16838 9 8158
3524 0 6613
12689 9 25715
29062 9 17319
13729 8 29852
32440 0 7757
16377 9 12689
25770 9 28011
5209 5 20503
21847 9 3231
14214 9 29495
845 11 27805
5966 0 7317
6504 5 27331
4208 9 18141
4573 9 33319
8315 6 17432
33145 11 32180
32103 9 9609
21321 9 866
12689 9 5420
29637 6 26644
16907 3 11211
2413 0 9202
12689 9 1112
8148 5 12766
16378 9 28011
28011 9 30434
27794 9 16442
13196 0 17922
27821 2 27821
14024 9 17940
12289 9 19343
16496 0 17953
12689 9 6818
3425 11 8317
18013 9 27700
14143 11 25685
25714 9 12689
29129 9 2375
11016 9 28011
28635 0 18585
20775 6 29380
3920 5 68
14602 11 1735
16729 11 26437
839 7 30658
3703 5 1922
5772 0 33010
14474 9 12689
24409 3 27284
18867 0 16489
14551 9 17054
20983 10 12345
4249 0 13098
29307 9 8667
23763 0 3742
25294 11 1735
21273 9 17463
9335 0 7972
23781 0 18117
28072 5 11957
6711 9 12689
3336 9 6100
12689 9 8514
11069 9 12689
16802 3 22600
20226 2 23186
12689 9 32281
6390 0 6253
27444 0 22210
28011 9 31782
9859 9 30049
15731 0 4814
24523 8 13424
31946 9 3336
30115 9 10644
14184 9 20163
353 9 4014
906 9 14416
6086 11 23390
9196 6 7307
3955 9 21331
28744 9 10135
32760 8 4290
25137 8 23966
4979 9 7944
4249 0 22619
14169 5 17222
23481 0 30060
25073 0 23246
30759 11 32688
20878 9 30620
11642 0 29153
29106 2 11539
28011 9 12289
22890 5 16810
4545 6 31698
20022 11 23091
25858 11 16152
7110 9 12689
1839 11 13641
13152 11 28737
227 9 32414
17515 5 24090
28777 9 6414
28011 9 18193
19025 9 26305
17940 9 19216
3336 9 23034
31293 9 14480
19122 11 4370
4632 11 2366
71 9 16309
18929 2 7661
12638 10 20947
4567 11 29700
6908 0 9709
11195 9 3697
486 9 12689
28777 9 3972
3769 9 18740
12689 9 16093
10779 9 20513
10509 9 27187
28011 9 491
9881 11 16044
5337 5 22885
31065 9 7711
21425 8 23562
7223 9 11807
12289 9 12689
28011 9 4532
13243 11 30942
22435 9 9144
6008 2 32601
2938 9 4801
33319 9 3354
22129 11 18926
18606 11 28365
12218 11 20699
3054 3 15664
28011 9 1326
4682 0 21950
25271 9 12362
13382 11 10582
30674 9 31942
4839 9 4801
27477 9 858
29411 11 30135
13493 0 21972
18840 5 11957
3697 9 12689
5622 5 11101
25779 11 31515
9717 9 21556
4801 9 9509
18723 4 8191
4277 11 9285
20305 0 31204
30779 9 15393
28011 9 29868
17539 9 9149
7284 11 2399
17539 9 31051
2375 9 1067
7004 8 29544
32277 9 8759
19464 9 5768
31498 11 7681
5736 11 9507
1462 6 14098
21908 9 28938
12196 9 9225
17748 9 7910
6100 9 14214
1922 8 2331
28011 9 10156
28011 9 16435
4249 9 6314
1659 9 11548
25118 9 28011
15895 5 21341
27420 9 906
31389 6 18545
22310 9 28011
14066 11 11069
4615 9 21280
17557 3 4249
28011 9 3072
14815 9 8009
33319 9 2446
26700 0 28839
3808 2 27249
2161 11 24616
14954 11 25373
1112 9 28011
19149 9 12289
14885 9 7329
21109 11 4536
13236 9 9438
26639 9 1335
3709 9 16121
30779 0 1562
27936 9 27936
2375 9 22488
11245 0 30939
25043 9 3336
31783 0 5995
31721 11 17224
9634 9 19211
17205 10 25417
12362 9 21599
18737 9 29411
19276 9 10509
12689 9 28011
9634 9 18181
4185 9 31946
4671 5 17990
27052 0 24330
16309 9 227
12689 9 33245
16713 11 14242
21908 9 26018
23612 9 18471
535 9 2254
23851 9 18471
20612 0 30438
4249 0 15249
11222 11 19524
26370 11 31848
15136 9 18738
32556 11 21451
12149 9 12689
2938 9 4543
12689 9 28011
24517 6 2921
28462 2 1055
20729 11 32454
29671 7 11526
13696 9 32049
7272 9 10581
14098 6 11686
33067 11 2896
3442 11 14201
4694 9 28011
16937 3 21956
28011 9 12689
7892 11 21753
12689 9 31946
28011 9 21908
29867 11 11100
22981 0 25596
2071 11 5375
19211 9 9634
28308 8 2089
15633 0 1924
1691 0 11240
29321 8 30729
30471 0 20226
1276 1 30782
12689 9 24891
28011 9 14032
10507 10 18304
28011 9 4905
11504 8 4601
12289 9 25964
18988 9 12362
9285 0 23492
17256 0 31079
22984 11 15083
12188 9 19527
4801 9 12362
24829 9 6598
20362 7 24343
12689 9 28011
5463 11 15521
7272 9 6100
5 8 12170
14214 9 32911
32610 0 23953
880 11 6537
687 9 29411
4532 9 29968
1322 11 12915
14429 8 4185
25837 2 22748
12362 9 5686
21665 10 6008
21822 11 20305
12300 8 8780
30611 11 16291
19478 9 18013
26248 0 29389
1249 0 18707
12689 9 23878
22638 9 6100
21349 9 7808
12289 9 31946
9529 9 1680
33245 11 12341
27986 5 21220
12689 9 12362
22201 1 3619
17808 9 554
30726 9 10510
10877 11 31074
28946 9 4801
32525 0 13665
759 0 16435
28011 9 33252
28011 9 10881
22435 9 2375
28362 8 10063
13832 9 30609
12689 9 12289
8936 9 28540
23389 0 21905
4049 9 16684
15584 9 6314
16494 9 17139
6314 9 23390
9457 9 29953
32417 0 7535
24093 9 12689
28011 9 12844
15284 0 32016
11609 5 1221
14634 0 12994
2394 5 11957
14976 0 11653
21623 11 30901
24888 8 11349
13067 11 16044
12689 9 4014
28926 9 858
2087 11 27577
28664 9 7808
17748 9 16968
28011 9 29280
16954 8 3294
24897 9 6985
17858 11 4598
11013 8 4753
6435 11 9963
1788 9 11643
28011 7 2772
30512 9 15579
28011 9 2938
21581 9 21581
12289 9 19211
12289 9 4743
4489 9 30258
3697 9 9475
24888 8 11543
1924 11 27046
13943 9 4905
28375 2 6477
29827 8 30011
20038 10 31191
22988 8 16503
25873 5 33167
14434 9 26429
28011 9 28063
8356 7 24484
12689 9 30915
28179 10 29106
4153 11 20926
12689 9 9634
28011 9 13099
26138 6 21239
22851 0 16056
13131 9 28551
20200 11 30109
906 9 28011
12804 8 20863
9457 9 26377
24272 9 17817
20890 0 10871
19050 9 27024
906 9 4801
14106 9 22567
10619 1 15969
2375 9 28011
12689 9 4470
12689 9 28777
25315 9 12289
17323 7 10067
31126 3 4249
1721 7 21672
1191 11 30109
28805 9 13048
27221 11 7677
12794 9 28650
22780 6 10042
7306 9 27512
12689 9 12689
21443 0 17451
12289 9 1112
16435 9 20155
25710 0 13822
28040 9 12689
16888 0 440
12689 9 25156
2115 6 12366
13361 9 11147
7147 9 7910
17041 11 31910
12689 9 6016
12689 9 28011
10150 0 32681
2762 8 25234
16750 0 6422
16646 0 12869
27500 0 26378
3082 0 22606
24529 9 16121
29062 9 18929
11213 9 15273
28651 0 902
30674 6 1576
11725 9 12689
20575 9 22251
175 9 28011
21347 9 2792
13372 5 1601
32859 9 25105
21672 9 1721
23890 0 11573
16718 2 32166
7131 9 8595
25217 11 5560
27956 1 28154
2938 9 12689
13032 8 13204
22108 11 9902
6993 0 11283
3799 11 22063
230 9 2708
28011 9 12689
1758 11 1336
23855 9 16585
32215 9 27892
28011 9 21294
23575 9 11044
16314 9 12689
23480 11 15842
19433 0 24237
2708 9 12689
25729 9 19286
20770 9 21370
23230 11 24956
10156 9 12689
16543 9 3231
9632 11 13602
12362 9 12689
3637 11 4750
6236 10 32669
19140 5 17664
25315 9 28011
11369 7 9264
13587 0 33146
12689 9 31448
28011 9 12362
12689 9 4405
33191 9 15489
21421 5 25364
12689 9 30845
15447 10 7540
12032 3 6635
15160 0 5104
1429 8 4096
30218 1 2492
4249 9 12689
19211 9 9457
12422 5 28765
4801 9 32764
19383 9 4293
13131 9 4887
19164 11 7077
2007 9 4489
14327 9 28011
25485 0 10854
11019 9 25893
12182 11 26352
18384 9 15017
15144 7 4030
1112 9 9669
28777 9 12289
13182 6 26383
16919 0 19315
21672 9 24860
6695 3 32636
7292 11 6040
27312 11 3186
29062 9 22488
29764 8 29309
23855 9 28011
6771 11 13126
15682 9 28011
98 9 4801
28011 9 12016
22609 11 17724
18127 0 1189
24907 9 16888
28011 9 31209
24829 9 3354
12803 8 8753
11462 9 9225
28011 9 12289
29921 8 25098
15583 0 20638
20192 8 1986
23166 5 4450
14327 9 23877
26699 9 12689
25674 11 2238
10381 9 15375
9509 9 25559
6329 6 33172
1310 0 32849
3972 9 13375
24484 4 320
32052 9 536
13252 0 25151
12289 9 33177
8134 0 481
15631 8 22217
21280 9 28011
29040 7 7310
12689 9 4185
16118 9 32235
23612 9 18546
12480 11 10931
10037 8 23076
12689 9 7948
13493 0 1354
15564 11 22031
9859 9 4161
11890 11 32587
12689 9 21984
12115 9 4801
28011 9 16684
10588 6 32159
19118 10 18929
2125 11 11700
12188 9 12689
9754 9 28011
15728 11 6537
16728 1 17846
18714 9 28650
21057 9 12689
2901 7 9902
28449 2 14185
23855 9 32307
25229 9 12689
21847 9 28011
27073 10 17797
25620 7 1482
13583 0 32916
27892 9 25770
1339 9 23148
24469 5 3676
28011 9 844
906 9 9823
12390 9 4900
8693 11 3699
30082 0 13700
24867 11 32323
16121 9 27519
14389 5 32257
21956 0 14332
23575 9 7329
16354 9 29083
4905 9 12289
24009 9 9634
25711 9 30655
169 10 22560
9954 11 9861
3322 8 11173
906 9 12689
27015 9 9548
22337 0 3224
19384 9 12689
759 0 29690
28011 9 6398
7999 9 28011
906 9 7613
14214 9 12689
4445 9 1112
13887 11 6537
897 2 11973
20637 6 13108
18526 9 13874
31288 11 10982
33025 11 19697
2570 11 22031
30281 9 18239
10897 11 30438
17436 9 9634
23133 0 14927
31227 5 20419
29030 0 9481
22013 9 30789
26414 11 19688
13493 0 28851
17111 8 5714
8402 9 12689
5742 9 12188
25833 9 6100
1788 6 1782
22331 9 28890
7034 11 28862
13313 9 12689
28011 9 13493
19690 9 21574
12289 9 4801
19358 0 25381
28011 9 7910
12689 9 12289
8402 9 12289
8764 5 24583
4249 9 535
12689 9 16022
12132 9 12689
21283 9 30674
12689 9 16093
4014 9 858
1101 11 13714
21902 11 20244
11605 6 32903
8402 9 30662
20779 11 4977
13131 9 28011
28011 9 8466
6711 9 8177
31946 9 24829
15117 8 31656
7230 0 12350
85 0 9417
14384 9 20884
30010 9 20958
6521 8 15166
10829 11 22031
7525 0 7779
12289 9 18936
7651 9 17567
12689 9 6100
5834 0 6900
3231 9 18425
6953 0 16597
6978 0 29555
29968 9 12689
15273 9 18567
9419 9 9529
12689 9 12362
29106 2 11246
21009 8 254
26837 11 15644
2962 11 24960
23235 7 14911
24651 9 9634
7808 9 9509
32186 0 11903
14251 0 20913
14214 9 31129
24758 3 24441
33197 9 4743
19059 9 28011
1220 0 10607
27126 5 18131
32629 0 14376
18591 9 21436
27094 9 22182
23776 9 20942
31922 0 20942
26699 9 28011
4590 6 5882
16481 5 27719
11447 8 20507
14561 10 22187
21984 9 10789
8850 0 10102
28664 9 4801
12289 9 4961
27116 11 914
10817 9 26571
6908 0 29775
8281 9 31782
30787 11 16600
20682 9 12289
8841 9 17291
906 9 28805
1523 9 12689
31946 9 28011
29796 9 10213
28946 0 1116
9329 0 21882
19010 0 25037
28645 11 27844
27910 0 24966
18471 9 28011
23467 7 6025
2250 9 11230
7272 9 12351
1952 9 28382
23196 6 11495
9183 4 31271
1326 9 12689
28011 9 7901
29953 9 2933
30758 9 31064
13854 0 24392
1743 0 17049
15 7 33319
25181 0 32782
5616 11 12963
12826 9 28011
12289 9 4249
11504 8 16800
175 9 28011
16492 9 9509
27586 8 10826
9619 6 26811
3916 7 20656
21445 6 15967
2185 9 4801
28011 9 15520
12689 9 906
98 9 4743
15995 5 7873
27907 8 14102
17698 9 29424
18713 11 23673
18949 10 20482
26267 11 17491
13037 2 30786
23601 0 32110
32797 9 20019
17934 9 26001
8595 9 18013
30223 11 24823
16121 9 20826
7464 5 1314
14251 0 21885
28011 9 30425
26639 11 29903
11280 9 26315
885 9 18425
3266 3 6635
3972 9 12383
10816 11 16044
25055 6 24427
28011 9 15877
24023 9 29725
4249 9 25770
6030 5 1071
28011 9 4743
17729 9 9535
18324 9 25524
22427 9 25337
4185 9 12689
29173 11 30639
30433 9 12689
28498 5 19840
31061 9 4313
10038 9 28011
33253 11 22724
17338 11 23282
14340 11 31951
15025 0 20811
3820 9 18552
9634 9 28011
4905 9 12188
20513 9 30598
6100 9 9823
5729 11 20844
11577 11 15702
27697 9 4905
7118 11 19414
29129 11 30318
9609 9 20884
16376 9 12689
18936 9 21629
12689 9 28011
19050 9 31395
22037 9 8107
170 11 15225
30658 7 1266
2365 5 25321
22640 2 11709
12362 9 12689
16991 9 28011
29821 9 6388
12289 9 12689
5481 7 30401
21737 9 28011
17268 8 1538
12689 9 9823
10470 8 19007
7064 11 20723
27717 11 31503
5228 6 27566
13894 9 13131
21321 9 12689
12994 0 32645
26036 9 19464
22222 11 16044
9840 8 8907
4100 9 31979
16170 0 31279
10104 6 17671
12689 9 11016
17655 0 22394
8936 9 9185
4801 9 12689
1728 9 4647
2446 9 19276
25642 0 8411
29581 10 8323
5742 9 12188
8595 9 12112
20483 9 11193
16375 7 16394
30743 0 3545
24154 8 20979
175 9 28011
13895 11 1780
18117 7 16238
7857 11 29474
31726 0 29593
1008 0 30618
11484 0 18393
24011 11 22094
24839 0 5970
22679 9 18546
19127 9 29041
2375 9 10235
17519 1 1364
21273 9 9509
3556 0 4801
5420 9 17226
13493 0 17812
16514 0 23186
21801 11 19927
1691 0 15366
31785 2 15404
24081 11 4536
28011 9 27660
19690 11 30384
20855 6 16132
18195 11 29394
13875 0 30743
6472 6 6472
25914 11 21723
28011 9 31091
19938 0 31407
21258 3 31075
27187 9 12689
7022 0 23796
24829 9 25315
23449 9 8466
31462 0 17854
21432 7 21772
21370 9 12689
25337 9 17867
31394 11 9285
28011 9 4212
1555 9 13894
9634 9 33311
19143 9 5645
1691 0 8181
28011 9 7651
30833 0 18665
28011 9 28011
9149 0 59
5708 3 264
12689 9 12289
1173 9 31348
25524 9 28011
3299 0 9290
71 9 8935
27669 9 12689
22010 11 11012
10893 9 4014
28011 9 7901
23277 9 15349
30833 0 27602
21908 9 17937
6976 11 11878
12383 9 12383
13919 9 16339
4762 1 8542
12289 9 9015
12390 9 28011
25160 9 21772
30915 9 6414
5440 9 28011
16044 0 12266
19130 9 28011
20447 0 27382
32551 11 30822
12000 0 15699
13236 9 9557
15517 7 15517
2918 11 9250
13493 9 12689
1728 9 7651
23266 9 23449
6908 9 25315
29700 9 27187
32948 9 9397
15816 11 25997
15750 0 29686
23148 0 19435
5777 7 8276
29960 0 17383
10242 7 30188
7184 4 28030
8857 11 22328
24140 0 5863
28100 9 28011
15618 7 14597
15914 5 16303
3388 0 23673
4249 0 12296
12689 9 17748
12289 9 4532
20281 9 17576
21280 0 16330
18723 4 28379
5325 9 9419
10197 9 12689
9634 9 302
2007 9 19804
25156 9 18670
10287 2 33048
29391 9 24085
19211 9 31016
12689 9 6578
28926 9 9669
25852 9 23877
28011 9 9324
12689 9 3619
5237 0 32419
5616 11 21981
9684 11 1100
7651 9 3244
12689 9 29307
27187 9 12689
6484 11 28399
420 9 2375
14289 9 9194
12689 9 21892
22318 11 291
18425 9 8107
9540 4 23136
28011 9 19938
12689 9 25043
33127 11 26323
29826 9 27365
1220 9 14355
6711 9 12689
4740 0 4401
19204 9 13832
3619 9 9634
14858 9 11596
9419 9 28011
25555 0 18360
7110 9 27892
14530 9 21898
12689 9 25833
6456 9 29725
12289 9 2375
30400 11 11890
12289 9 12689
2375 9 27226
16581 11 369
7677 0 8886
1972 0 29777
3677 8 4925
7785 0 13882
7417 9 28011
5465 9 12689
27821 9 284
19296 9 9900
19033 9 13131
22640 0 7216
28764 0 2399
15349 0 6696
9435 9 27187
23451 9 18737
1783 3 16383
25315 9 28011
1912 0 18211
5130 5 31968
21870 9 12689
28777 9 12689
13808 10 31191
276 9 12362
27794 9 27532
23169 11 12115
24922 11 22130
26884 0 3199
18929 9 13048
18988 9 27350
17798 9 16888
22163 0 20911
16354 9 2375
28483 8 28724
28228 11 1693
12689 9 7131
3063 11 6484
18324 9 32660
7417 9 28650
3308 9 23877
2446 9 12689
12188 9 19211
22022 9 28011
12289 9 31946
12689 9 28011
29793 9 12383
32188 11 31478
29028 11 18384
18304 2 19866
26564 9 28011
12588 5 24154
24251 0 2497
9830 7 13212
7110 9 12689
17140 11 17895
12689 9 17934
13213 1 10578
12765 11 8262
21021 9 12188
18151 0 30130
18486 9 24829
1623 9 4694
11520 11 549
12689 9 12689
5807 0 14287
27191 8 12005
28011 9 9634
27703 9 12826
10252 9 28011
27024 9 23877
9159 11 32005
31380 8 5279
906 9 9457
5062 0 13518
24555 7 16083
15327 0 2027
28722 11 2956
31679 0 22898
20140 11 3409
5375 9 28373
16895 0 20602
7316 9 17226
11725 9 12689
23640 11 22031
30797 9 12289
30232 11 8315
33177 0 9842
10585 0 31242
8657 9 11131
26690 7 28460
29194 0 16334
13131 9 26124
27794 9 3952
13106 9 15664
25271 9 13131
15157 5 5318
1981 5 24888
3124 11 32488
16968 9 12689
12025 11 19973
8370 0 16858
4249 0 13061
6861 9 12826
28993 9 25156
3877 5 6062
23243 0 23018
20942 9 17798
27187 9 33319
12689 9 28011
19063 9 12289
32187 5 9881
31989 0 30244
8409 9 28011
18529 0 12859
16492 9 4801
18557 9 29750
16679 1 21255
24897 9 21915
24942 9 3955
7887 3 24506
8555 11 11097
17064 0 30683
22265 11 12882
9609 9 8740
4161 9 11193
29656 0 7452
3231 9 25070
21273 9 24547
29626 7 19938
15521 0 26640
7722 1 6702
2972 0 14324
13131 9 12362
29092 9 17063
15306 9 2385
13714 0 22130
28482 0 9441
7695 9 28011
25710 0 9383
10709 0 4913
12689 9 12289
21273 9 4942
13049 9 7808
4193 9 19211
6032 9 32943
6537 0 22494
33245 9 12289
29637 4 983
25565 11 32445
353 9 866
23957 11 25582
13131 9 491
25078 8 25492
10973 10 28375
4378 0 25387
32252 9 28011
9457 9 27477
22724 0 30965
24547 0 14308
31891 6 21995
4905 9 866
26429 9 4743
23133 0 25298
31917 8 2862
2108 5 12609
29385 9 6848
28011 9 9634
3191 8 6569
16309 9 21908
21908 9 24829
13864 0 20913
2375 9 15520
7869 0 18528
4522 8 17500
7519 9 13131
11280 9 28011
14900 0 30945
24819 8 29704
12362 9 3697
29637 7 26138
28154 9 23411
15151 9 17463
26568 8 1314
17757 3 13779
24839 0 32764
2792 9 14032
16324 7 8203
7785 9 2375
28011 9 9468
8595 9 29411
1115 9 18007
12689 9 24897
28011 9 12289
6510 6 19431
26222 11 29735
12689 9 28011
2186 4 22304
15479 11 33046
15880 9 32585
2909 11 22747
5276 9 16339
32235 4 4609
15558 1 3726
21864 9 21898
28664 9 28011
17541 0 29683
18325 9 18453
16968 9 12689
24453 0 27046
21540 0 20242
33311 0 32159
6584 9 4014
4695 0 16079
12689 9 19276
28777 9 25316
4406 9 27628
10685 11 27180
30047 11 5983
17993 11 2832
12689 9 2296
14341 7 5157
14059 9 28011
18699 9 3273
689 8 526
31666 11 10207
32863 0 4295
24734 9 7266
16389 3 4249
14977 11 31946
4249 0 32584
15522 7 10332
16121 9 28011
8151 9 13131
12857 11 15664
12289 9 8473
17757 7 25794
12689 9 24152
1994 11 10931
28011 9 16684
28066 0 4223
10648 3 32636
28375 2 12570
6269 11 4453
7667 10 6008
27386 9 3193
28651 0 18442
13396 0 13500
23358 11 14961
4308 9 23612
22903 7 25384
29667 11 25075
32587 0 2557
5985 7 32884
28859 0 9191
11821 8 14669
2375 9 8595
13210 9 6578
7241 9 98
13145 3 16646
4161 9 12689
30674 9 12689
30726 11 13739
20052 9 6925
11213 9 12689
14303 11 16528
23004 9 21370
29700 9 3697
12689 9 30797
727 6 17322
23034 9 28011
23216 5 19703
276 9 1112
28449 2 6423
5375 0 26582
28011 9 17539
8514 9 19286
10236 1 209
14817 0 30812
27749 6 9323
1434 9 12289
6112 9 1112
14699 11 4536
8604 9 12689
3958 5 25925
5742 9 12689
23737 3 13493
15471 11 6786
21603 9 1112
7234 9 4249
24673 0 2122
28011 9 23490
18381 6 3050
7266 9 9823
12689 9 12689
29861 0 28699
31393 9 24125
28011 9 27190
27788 11 15803
12362 9 28011
6701 0 14813
33101 11 24227
6008 2 1552
12689 9 5248
32501 9 3393
3245 9 22982
6805 0 7426
18557 9 29793
17954 11 20732
28011 9 7316
20269 7 17433
18482 0 6200
5110 3 1082
14592 9 12289
31142 11 27772
9756 9 15489
19127 9 21437
12689 9 23449
15400 9 5639
22600 11 16912
32388 0 27014
21060 6 9355
21899 11 16321
19690 9 15996
12511 0 32498
11481 0 2227
27980 0 11216
2398 11 13090
1619 9 28777
33304 11 26327
12689 9 16888
24920 3 29977
264 9 26982
14464 11 25070
10227 9 9015
19254 8 28706
8936 9 28011
8595 9 12689
21927 6 21927
7695 0 3134
7251 9 12689
27402 0 9737
3264 9 24811
8260 11 32861
5036 7 20856
31285 9 28011
23452 9 12689
27779 11 11027
28154 9 11233
24517 9 9427
18135 0 31846
1508 8 30280
23451 9 27386
21436 9 28011
26610 11 18269
13667 0 6376
14718 9 12689
8820 3 4695
31782 9 16363
8982 10 5451
8565 0 18235
21561 6 21561
2033 0 14937
28011 9 28011
25084 9 28011
5726 5 26122
22031 0 25534
12689 9 21672
5845 9 3914
6567 8 6886
8704 8 2022
8797 9 12689
2314 11 22031
13534 9 12689
28392 0 32575
4044 0 30590
1113 9 25772
11711 11 13832
29998 9 13466
897 2 25380
8595 9 12689
2254 9 12188
2385 0 32762
29714 11 10801
28063 9 27803
32215 9 2487
26429 9 15969
28011 9 13667
894 9 14386
18737 11 2377
30469 0 27551
13314 0 24238
26623 9 29032
4205 9 13131
3447 10 28449
9285 0 21316
26640 11 15521
3354 9 30797
20513 9 23855
2381 7 29152
7297 9 27892
10262 11 13714
26124 0 23116
8587 8 13193
28616 11 1693
30797 0 7355
12689 9 27566
12289 9 9634
12689 9 10063
23488 9 28011
27794 9 19722
32991 8 23348
16914 5 24545
25672 6 12366
25738 11 8937
3007 5 8413
19906 11 13321
18013 9 12289
27794 9 17698
12689 9 19826
20796 9 18760
6361 8 18955
16242 5 1514
6414 9 32250
28011 9 23914
9839 0 31891
30446 9 21556
22672 8 13890
31989 0 506
12362 9 24909
11852 0 4862
12689 9 12289
1691 0 30898
27892 9 9531
9798 3 2137
26046 6 32533
23058 9 12689
26201 11 32554
7229 11 20878
29317 11 19079
12689 9 8740
15273 9 28011
30639 0 25933
30639 0 12203
13252 0 27451
17783 9 12689
4002 11 21026
682 0 17943
28011 9 4801
21890 11 23391
7306 9 28011
26295 0 17850
18737 9 248
14479 9 13832
20565 9 28011
28926 9 14884
3354 9 21388
12689 9 27168
15532 7 31389
25 0 33211
32598 0 23067
32554 0 31092
22565 9 14214
12689 9 12289
12689 9 12362
6297 9 30564
7005 9 26564
1830 0 10368
20175 8 8898
2455 11 28225
28287 9 5742
17610 0 1062
31075 9 25582
28154 1 6048
20095 9 12689
24441 11 6941
28782 0 24898
13487 11 15571
12689 9 4491
26080 11 5843
8413 5 11957
12689 9 25315
15984 9 906
31852 11 1162
1623 11 22526
25070 0 21802
2566 11 4161
5894 4 28144
28809 11 10062
3559 9 7794
13314 0 5288
12689 9 31448
8896 5 28197
30744 5 1221
14479 9 25084
28011 9 28428
85 0 12123
1115 9 10178
2708 9 31994
16136 11 18384
4906 6 116
30360 9 1189
6032 9 25771
13314 0 2
25595 0 22338
28011 9 11069
9329 9 98
32668 5 32973
14702 0 29425
30703 8 33140
13792 7 17496
8650 11 30278
22183 9 4801
1112 9 31151
22131 0 31320
24375 9 28011
15670 5 1378
19216 9 30674
5238 9 12372
1994 0 16953
18521 9 2708
28692 0 29271
9509 9 8522
11548 0 8428
12689 9 25315
9314 8 27160
22674 0 22198
31946 9 31946
17226 9 13667
16121 9 4405
20093 1 28424
31291 5 2825
25902 9 25454
28011 9 27226
30937 9 23914
12689 9 1635
23390 9 9634
31994 9 28011
17337 0 10095
6297 9 9309
14214 9 12149
6728 11 11712
30171 0 24155
4163 6 452
4205 9 28011
27064 9 13131
5439 11 6437
25680 9 1721
24093 9 24529
6617 9 15887
9252 5 24967
31473 6 18929
8938 9 32660
394 7 32815
26442 9 9225
28011 9 9284
26796 11 4654
5827 9 10197
4014 9 10004
26429 9 24527
3524 0 26564
5207 3 4182
28011 9 27798
6410 9 4637
16121 9 32575
19487 8 5507
28011 9 12289
16339 9 28011
28011 9 28540
11762 9 30294
18935 0 11156
23073 11 19259
98 9 12689
28011 9 31782
8052 11 28416
16268 11 16700
27821 9 2750
14321 9 9823
12689 9 12689
31775 0 3591
4249 0 5761
3273 9 28011
20222 0 28556
2182 8 28258
25374 9 23102
28011 9 18174
2446 9 12362
4217 0 25481
32151 5 19606
29298 11 27046
31946 9 8414
14033 0 3782
14804 10 12693
24873 5 28273
4511 9 21853
32356 9 9529
21603 11 18200
20019 9 28011
17226 9 697
11807 0 28420
14129 11 13435
11736 9 32592
11478 11 25472
2792 6 29130
14614 11 25544
4039 9 28011
16287 9 12689
7688 0 6934
7279 9 12289
7096 9 16224
19938 9 12390
27664 10 2266
17254 6 12563
13004 11 30272
16687 11 25107
10752 9 12289
10523 9 4014
27477 9 6578
20768 11 6412
2909 9 10110
134 10 20226
33197 9 30464
12689 9 20732
6008 2 6381
27924 8 8629
28011 9 2535
1910 8 29099
19332 11 20920
31061 0 27285
8810 3 15774
28011 9 28011
17957 9 4801
31061 0 20011
33191 9 12689
21010 7 71
27054 5 8786
30758 9 31064
5325 9 22183
2440 9 9859
13207 11 4030
22324 9 24285
5735 5 24888
30087 8 11790
30360 0 6609
9634 9 19211
12689 9 30327
18125 10 9915
3391 11 27386
9419 9 16888
28902 9 29660
9194 9 18641
14955 8 21323
8523 9 32282
13707 3 27656
2876 9 31098
13603 0 17772
12689 9 12689
15419 9 19492
1016 11 23590
22848 5 21942
22031 0 13057
14386 9 12821
18080 9 26138
18344 9 18013
6497 11 3409
28091 8 6904
24839 0 32989
12289 9 28011
21428 9 28011
11596 0 13902
10523 9 29038
8264 9 2557
21907 9 12689
9791 5 8147
4249 9 21257
11342 8 24465
5828 10 20226
9225 9 6950
9468 0 10289
21309 0 58
8936 9 23974
9737 6 29242
10470 8 25508
27519 9 12689
12689 9 9015
27267 6 3753
33245 9 30003
17597 5 511
25205 0 32371
7913 9 12689
10146 5 23805
19802 8 4122
21273 9 12689
13384 9 19050
7618 9 27024
20947 9 24427
11055 11 15666
1966 2 29777
22265 8 11668
30703 8 11614
10509 9 14059
12689 9 4905
1553 11 14572
4292 5 21127
20815 9 2375
937 11 29
14214 9 32250
16167 6 12002
28600 9 21021
10699 9 24909
21907 9 20942
8595 0 4490
6818 9 28011
28011 9 17867
25315 9 13236
12689 9 13493
28957 0 24331
8323 9 27669
14530 9 858
5463 9 11462
6032 9 24902
14214 9 29086
7068 9 14308
9636 9 21908
26084 9 3801
18951 0 9149
2618 11 9126
18779 0 16086
18471 9 4335
28011 9 6635
29221 0 12822
2347 5 21718
18425 9 31903
12689 9 25841
30513 9 21269
10645 9 12689
30428 8 26349
32096 5 22577
587 9 27821
9018 5 5598
8676 8 16250
21971 11 13993
27477 9 16902
2111 0 1131
28011 9 23575
10178 9 27064
1112 9 20959
3560 8 15275
6008 2 9234
1920 5 1918
19933 11 21309
32396 11 5980
28011 9 12689
31113 9 11426
4249 0 11238
10013 5 15051
2254 9 9756
17366 5 4200
19751 11 9347
14454 6 10111
7223 9 7326
14625 5 9444
4430 0 4955
12882 0 13176
25399 11 1691
9496 11 16044
6100 9 31994
24254 0 30566
12689 9 11117
26124 0 28695
21771 8 32335
12328 11 5816
16684 9 11807
12689 9 30258
12689 9 22565
1115 9 12689
20450 6 14016
4682 11 9754
2952 8 9058
593 11 9814
17817 9 18737
11828 2 21057
28011 9 21280
26124 9 30425
16724 2 16304
23999 9 2674
12431 11 20814
28810 0 30707
32573 7 30695
22435 9 8123
5179 0 6432
23915 3 21761
22022 9 27683
18081 9 1067
3207 8 8004
17560 9 7329
2220 1 21851
25560 9 14845
2542 3 26124
4801 9 12689
27001 8 11362
6100 9 28011
32278 9 4014
22217 5 15631
12101 9 11128
15400 9 4642
20591 11 20576
27187 9 12289
21908 9 28011
6123 5 10108
22183 9 21908
32302 5 19802
12689 9 5845
9419 11 20615
15165 9 12362
26681 7 9798
24192 9 22648
30491 8 14907
2375 11 8241
4764 11 16888
397 6 28812
24030 11 1691
12289 9 9329
353 9 30779
17539 9 17655
14990 11 24733
11212 11 29990
30301 2 16653
18723 4 28379
15167 7 31548
12689 9 12362
7618 9 4161
9634 9 19211
19466 10 6957
26429 9 21826
25560 9 15017
6711 9 12289
23371 8 694
32104 9 21280
4801 9 12289
18161 11 6537
7064 11 9468
1207 7 18633
5017 3 31242
23687 9 12689
4775 8 23828
29086 9 22488
4701 9 11967
22028 6 12242
24027 7 31583
3909 0 21437
302 9 32103
12689 9 18929
28011 9 8402
4647 9 12289
7131 0 3858
6895 8 19462
28011 9 12115
32227 3 27729
28938 9 12289
28011 9 24829
12876 8 24401
10740 10 20226
1985 0 8791
16268 9 4743
10138 5 32070
23873 11 31075
20402 0 30719
29886 11 29680
25867 1 32079
28011 9 12689
28011 9 32277
1636 9 23780
30512 9 11130
19022 7 29385
23196 3 9839
28011 9 25673
23200 0 1623
22687 10 10919
17555 9 11019
31251 8 1542
858 9 20878
9550 9 13313
3914 9 8657
19343 9 7123
31395 9 18737
28011 9 19059
25632 11 18006
12689 9 10252
20565 9 4543
18582 0 9105
12689 9 4637
4742 11 30384
4249 0 25138
32863 0 15798
32250 11 10570
28011 9 32983
30191 11 24285
5933 9 19690
12689 9 14462
5658 9 26298
4801 9 31289
17193 0 7013
10826 5 27586
21069 7 25055
14776 9 27821
18425 9 7498
30898 8 9049
24657 9 24838
17820 9 24907
6008 2 18105
9634 9 1611
28980 11 10591
15716 5 7202
2391 0 25904
32444 11 24492
21571 11 9033
16777 9 12689
24811 9 12689
466 10 18760
27669 9 12289
30917 9 5491
10455 3 31989
8349 3 20792
12141 10 17049
29836 8 4623
14184 9 27892
30269 6 7235
4489 9 11800
8240 9 3231
29232 0 3983
12362 9 27477
9145 0 117
12383 9 12689
2390 11 9634
19267 11 22093
10846 9 12689
9244 9 12689
23575 9 12289
8705 6 26217
31864 0 14734
28011 9 16309
9419 9 28011
28011 9 24907
10330 5 18548
2254 9 33319
28011 9 24427
9457 0 20004
14634 9 31209
28011 9 20521
9457 9 12289
13481 11 3140
3448 9 31151
10017 10 20226
9245 0 7507
10154 11 16496
30049 9 13808
28011 9 19732
19048 11 11807
3856 6 23506
25084 9 8811
27821 9 28011
3960 11 11748
19517 11 13714
28664 7 11608
19211 9 12121
10959 9 19690
31134 0 22099
23449 9 30797
22317 9 12115
32229 11 8539
21462 9 28011
3773 11 6908
27024 9 12016
20207 9 12689
27808 8 2928
28600 9 4801
16110 7 20826
16064 0 10976
9602 11 21824
20804 0 16649
22488 9 13131
16922 5 13179
17402 11 1093
9634 9 28011
29038 9 20828
1310 0 27954
7128 11 3779
4249 0 32200
16737 9 26442
849 5 21576
28011 9 5179
33022 2 3144
23612 9 11426
2725 9 16968
9661 9 5427
2972 9 12689
32553 9 7155
14321 9 15349
4249 0 16266
12689 9 12289
23386 0 10233
27772 0 17524
33071 1 8277
6484 11 15633
13945 7 27595
12689 9 27146
2327 0 30492
246 6 18580
21803 0 1106
1112 9 2375
3277 9 29140
12289 9 23575
33251 0 25139
16829 9 4185
12362 9 14832
28173 6 21311
32023 5 22778
7953 0 29285
8015 0 11264
14930 9 14878
32463 0 3303
28375 2 4562
12362 9 12362
2651 11 25144
31593 11 1691
12689 9 10063
16968 9 31806
14522 11 1452
22712 2 29949
22290 11 19219
24272 9 2327
4405 0 15284
25881 11 171
22031 0 1351
28011 9 6617
8390 7 33329
22624 11 22031
17170 0 17329
18976 9 4743
28011 9 27386
21908 9 12689
29013 11 17256
7314 9 33266
28011 9 14691
30669 9 27477
31785 2 8689
938 0 11135
420 9 24114
29391 3 16620
28011 9 21984
22031 0 28091
17224 0 20692
31430 11 10062
20770 9 3354
18013 9 7272
5491 9 12087
8185 11 14976
25837 2 5618
1990 0 4584
25417 6 1580
15842 9 3245
25821 9 27953
31981 11 1425
28777 9 28011
25710 0 28124
7901 0 20915
22025 9 31946
28347 11 32929
27172 11 21824
22764 6 11751
4801 9 29076
4839 9 30434
9669 9 8514
11556 0 11398
460 9 3914
30434 9 12689
28011 9 22322
639 6 14633
12689 9 1137
29572 8 17492
12689 9 12289
28011 9 29041
10079 9 12689
3697 9 12689
2375 9 11523
3914 9 17934
22724 0 13184
9468 9 3555
29652 11 30834
28011 9 23449
5320 11 29793
21898 0 14853
4097 9 21273
12689 9 19059
9756 9 2375
13018 6 15871
23277 9 31782
12689 9 31075
3855 8 25596
23449 9 28011
22367 5 18074
24114 11 23148
21273 9 12689
28011 9 8903
3966 8 26786
24299 8 32407
15579 5 12841
26239 7 21312
6578 9 3697
24093 9 1326
15650 2 5766
12810 2 27762
30652 5 19874
10971 9 4801
22336 0 9736
15521 0 28328
28011 9 12345
25584 9 19464
9931 9 14808
5157 6 11122
579 5 3
13551 9 12689
2287 3 7329
4087 8 21565
12689 9 1486
14620 0 11586
28195 10 25837
18923 11 32575
28011 9 22959
24811 9 28011
13608 11 16496
29725 9 28011
25837 2 18108
9902 0 3863
18557 9 16378
21847 9 21908
14386 9 6635
1396 11 30774
19204 9 28011
22928 0 9632
30749 9 12689
6908 9 27104
28011 9 28805
12289 9 3161
30688 7 14259
186 6 24263
1180 8 3034
8740 9 1209
1683 0 33211
12384 0 30657
13493 9 18714
24839 0 19185
23075 0 3927
906 9 12689
5411 0 18248
3656 4 31877
26001 9 12689
4377 7 24491
2543 6 28353
26420 11 14662
13441 9 22475
6008 2 28693
7709 3 21399
30937 2 5479
3614 9 15284
30721 7 30269
3927 0 19656
8332 5 14531
9992 10 6008
22178 0 4319
11828 2 11695
6950 9 6950
15538 11 16496
1276 9 13236
13551 9 12689
12689 9 28011
23034 0 28122
5119 5 1956
18714 9 5157
23639 0 17957
4801 9 28011
29108 3 31809
9455 11 11736
19467 6 21072
