19063 9 18929
2557 9 28540
33311 9 12689
12188 9 32592
12689 9 11954
1107 9 5427
27892 9 12689
10959 9 28011
12689 9 11213
28011 9 4743
12689 9 22296
28011 9 3955
18269 9 5276
16968 9 29038
7808 9 1326
16309 9 20207
11323 9 12689
9419 9 12689
12689 9 10876
12689 9 4532
8920 9 7618
3354 9 8968
20033 9 1524
7618 9 12115
21454 9 30272
25953 9 10227
8595 9 29958
4633 9 12689
864 9 18013
12689 9 12383
28011 9 227
30281 9 7808
31061 9 9126
13313 9 10931
26124 9 28011
12689 9 25715
21273 9 13466
1298 9 28011
8518 9 12689
26377 9 906
12289 9 558
12689 9 6250
4313 9 28011
29318 9 28011
5420 9 28011
438 9 12289
30628 9 20734
18929 9 2808
5459 9 98
19276 9 12689
9823 9 23148
420 9 30953
29086 9 1326
27612 9 9015
12689 9 6954
28011 9 491
28011 9 25358
20958 9 28011
12689 9 2538
12362 9 14878
28011 9 12689
12689 9 15988
8740 9 31152
29038 9 30425
12689 9 16121
28517 9 16121
29616 9 16492
17662 9 14214
4433 9 2185
2446 9 12689
20513 9 31129
21021 9 19149
13359 9 323
24124 9 23058
16699 9 31109
28011 9 12945
23537 9 3124
13989 9 7808
13048 9 13714
14878 9 17805
20513 9 25156
29868 9 28011
6100 9 24529
1335 9 15175
27187 9 23019
25631 9 12689
22068 9 28011
28011 9 14456
27024 9 21556
12383 9 29793
27477 9 12689
17698 9 19677
858 9 3354
28011 9 33046
26639 9 15489
11807 9 4801
28011 9 12689
12689 9 16101
28011 9 4905
28011 9 27892
18714 9 14214
12689 9 12689
9823 9 23851
12689 9 4437
7258 9 22919
7681 9 15178
12689 9 29020
19527 9 10121
12689 9 7808
24811 9 12689
2102 9 12362
28011 9 5427
30797 9 4185
12689 9 13048
10197 9 12289
12940 9 24696
33319 9 28011
30669 9 31782
18546 9 30194
28011 9 30985
2733 9 12289
12362 9 2446
30434 9 26564
18929 9 11462
19059 9 12362
12689 9 22982
3972 9 8938
28011 9 12689
7155 9 29485
12362 9 28650
21057 9 8595
12794 9 12689
26946 9 24023
8466 9 906
18988 9 21984
14479 9 12689
12689 9 17698
4801 9 22982
12689 9 12689
12689 9 17992
12689 9 6908
26124 9 4066
28011 9 24517
28011 9 2694
27420 9 26564
28011 9 227
26001 9 12689
28011 9 28011
12689 9 7952
27024 9 9225
21388 9 2487
12289 9 12689
6596 9 20610
28011 9 5329
17867 9 1411
32592 9 12689
12689 9 3697
27067 9 31970
12689 9 17805
9108 9 31347
1652 9 12689
28011 9 12689
1755 9 25120
1944 9 6617
12689 9 22780
26124 9 12689
17729 9 3972
25070 9 5639
1900 9 5606
12689 9 13551
12997 9 29076
4801 9 12289
14776 9 21908
15762 9 28011
14634 9 4839
2528 9 19753
24507 9 22567
27028 9 4654
12689 9 22251
27775 9 6578
28011 9 11695
2375 9 29826
16309 9 23855
20895 9 29627
17139 9 19211
16378 9 16097
7183 9 28011
28011 9 29953
23159 9 16378
16309 9 28011
31903 9 13131
21257 9 10381
16838 9 18557
25194 9 7910
19208 9 26713
14840 9 19297
21181 9 9609
9004 9 32644
25833 9 4039
24378 9 12689
21273 9 9634
12962 9 9634
14365 9 13037
13228 9 31348
18178 9 7608
858 9 15093
26982 9 24449
8904 9 27669
18714 9 29700
9509 9 28011
28011 9 28011
31242 9 23449
12689 9 4249
12794 9 18976
2375 9 31172
27612 9 12689
9636 9 14723
28011 9 12689
21908 9 12919
1112 9 12188
25779 9 12765
30425 9 12799
20906 9 14184
12016 9 2385
8016 9 22982
9634 9 21273
32056 9 18317
21121 9 17820
31477 9 29086
21826 9 31946
28926 9 10846
21273 9 9634
13832 9 24829
9144 9 11462
16435 9 8002
12689 9 23639
13801 9 12689
2708 9 12289
25301 9 13493
29385 9 32554
28600 9 11807
10931 9 21273
4801 9 9757
12689 9 21672
31129 9 4748
2375 9 12689
12289 9 28011
12689 9 23667
25902 9 14815
15379 9 28777
32977 9 12689
323 9 28011
23729 9 2648
32414 9 12689
193 9 33225
21843 9 12689
5427 9 4014
2391 9 30194
11559 9 7124
8595 9 13236
12689 9 27844
19343 9 17748
9634 9 5440
12689 9 16097
27861 9 19690
29062 9 9267
32134 9 8514
17944 9 30917
28011 9 227
175 9 21057
28396 9 30508
9144 9 28764
19276 9 22640
12689 9 5825
227 9 287
12689 9 31293
28011 9 5465
6950 9 12689
866 9 4743
9194 9 18471
13493 9 16287
1944 9 28011
12689 9 24427
12689 9 4185
31075 9 30625
12188 9 5742
25454 9 13131
18929 9 29038
27420 9 14063
26357 9 27798
11762 9 25772
12289 9 28011
26429 9 2061
28011 9 29041
28011 9 1162
7785 9 18740
12689 9 28011
7057 9 4874
10971 9 3308
29953 9 12689
12689 9 12689
23962 9 28011
906 9 12689
28011 9 26124
3354 9 6578
25973 9 7059
23269 9 17261
13035 9 28011
20513 9 8151
1115 9 4905
28011 9 7525
12689 9 10200
12689 9 12689
28011 9 12689
175 9 32736
17226 9 71
15969 9 12689
8797 9 12689
19965 9 13735
18162 9 18013
12016 9 19216
28011 9 7452
14462 9 29725
11055 9 10694
9262 9 9669
6578 9 3231
12689 9 16161
28011 9 7563
16131 9 5440
28011 9 906
28011 9 441
12689 9 16951
5127 9 227
31797 9 12362
8872 9 2708
12689 9 25902
23390 9 28011
27844 9 20268
12689 9 23212
29569 9 28011
30168 9 12689
6100 9 8187
30269 9 25222
12289 9 4801
27953 9 25559
16465 9 14184
29038 9 19415
858 9 12689
27024 9 29424
32882 9 1112
27187 9 18723
26982 9 13779
25197 9 28011
9509 9 27892
28011 9 19328
8466 9 9669
28011 9 12289
27064 9 14214
6112 9 12689
6578 9 23575
227 9 24396
10646 9 13314
31286 9 12689
9509 9 13832
13641 9 16378
12689 9 24507
1207 9 12689
9457 9 23252
16121 9 12689
10771 9 12689
11132 9 13049
15927 9 12689
25337 9 16121
13236 9 32592
32902 9 29968
12362 9 12362
31075 9 4185
12689 9 28011
19343 9 22982
12689 9 4185
7153 9 12689
12689 9 12913
18935 9 14824
21864 9 24427
25197 9 29411
32885 9 24527
13131 9 9419
19690 9 10959
28664 9 12689
11186 9 3231
28011 9 7808
28011 9 12689
10971 9 28011
6578 9 28777
4185 9 12689
8595 9 3060
4014 9 12689
23066 9 33071
28011 9 5440
29311 9 13493
27362 9 7910
8767 9 27187
12689 9 24517
17748 9 7190
8912 9 28011
28011 9 5995
30797 9 28011
16465 9 22973
9634 9 26242
23058 9 1072
31622 9 28011
12689 9 28011
25715 9 12689
2296 9 20019
12289 9 12000
8240 9 31753
12689 9 25833
25514 9 12689
16287 9 31462
12962 9 18723
12289 9 28011
21907 9 21907
9267 9 8657
22565 9 12689
25543 9 30523
9208 9 18013
4249 9 12689
858 9 20942
16224 9 3354
29485 9 6908
27187 9 28011
385 9 16699
23466 9 31075
25084 9 14815
48 9 4491
12689 9 4249
24414 9 2375
16684 9 12689
5606 9 12689
906 9 31970
20896 9 4801
32948 9 7452
20942 9 20877
12362 9 12689
19033 9 12289
31946 9 12289
6927 9 5440
12689 9 28011
19027 9 12069
28011 9 12689
15579 9 16718
7223 9 28011
22324 9 28011
1364 9 15887
12689 9 12289
4694 9 6721
5491 9 12945
12689 9 28011
27794 9 5440
1482 9 12689
12689 9 4801
32554 9 30861
24829 9 11193
10252 9 28011
25229 9 31347
12689 9 18714
4249 9 8990
32429 9 29700
9427 9 15200
28011 9 1465
8759 9 28011
2375 9 30726
4743 9 7110
12689 9 14981
28011 9 5188
19808 9 30446
26699 9 25715
28011 9 5742
17820 9 19690
20307 9 2557
16492 9 9509
20878 9 858
12689 9 28011
9273 9 12689
13499 9 420
30797 9 29092
12689 9 28011
9149 9 10235
19631 9 28011
31389 9 30758
30941 9 28011
12689 9 3189
32669 9 12689
20581 9 28011
28011 9 14592
27033 9 30434
21462 9 28540
12289 9 17307
22914 9 12689
28011 9 21984
12689 9 14214
30115 9 32892
3448 9 1944
31393 9 1112
12689 9 23102
12689 9 22729
23855 9 10846
16378 9 1326
21381 9 28011
10227 9 33211
23490 9 16309
28011 9 29868
2375 9 1567
12362 9 18737
21908 9 1115
6003 9 26985
27028 9 19033
8657 9 6032
4405 9 25554
15794 9 866
28011 9 15579
12689 9 1112
6194 9 4743
24835 9 14544
12016 9 12689
12689 9 28777
18307 9 15489
25197 9 12689
4647 9 19343
385 9 18197
28011 9 21984
29009 9 18013
24829 9 28011
32250 9 27187
266 9 6578
23411 9 13228
12689 9 21331
28540 9 353
3333 9 282
28011 9 20908
20908 9 26036
29821 9 28011
17798 9 28011
14033 9 28011
27715 9 30917
23883 9 33319
28011 9 12362
21273 9 2375
27697 9 18013
12689 9 14214
12794 9 14214
15664 9 28011
9329 9 5618
25197 9 30785
28011 9 9309
6100 9 8049
4801 9 12689
28011 9 13102
12689 9 12362
24877 9 32528
20555 9 28777
12689 9 15579
2955 9 23451
29194 9 25454
12689 9 23965
12689 9 31946
227 9 13741
33311 9 12689
28011 9 430
7183 9 28011
3231 9 12794
11163 9 8920
28011 9 23148
16699 9 16737
4470 9 9973
24860 9 3614
30726 9 28011
9634 9 3060
31286 9 10150
6578 9 12689
26442 9 5440
6414 9 12689
25156 9 32660
31821 9 1084
18988 9 32942
4249 9 12362
8041 9 28011
12289 9 25571
12689 9 12689
17036 9 28011
4172 9 12689
28011 9 12689
9636 9 19690
33243 9 9661
24105 9 5742
14824 9 9529
23411 9 21902
3245 9 13048
230 9 1127
29927 9 6943
2375 9 9756
9823 9 10252
420 9 8904
4249 9 12689
10675 9 28011
14184 9 10801
12689 9 3354
13127 9 26982
6547 9 13125
12689 9 31113
26396 9 13583
12689 9 9823
12689 9 4801
8874 9 12000
13832 9 12689
21370 9 4801
12289 9 19887
17867 9 28011
27297 9 32592
12689 9 4161
20019 9 26510
24827 9 19799
28011 9 29411
27190 9 9634
29821 9 12689
12689 9 30168
2137 9 21335
8904 9 17798
1451 9 4801
8466 9 24651
28011 9 8466
12689 9 18013
29086 9 12689
28011 9 7131
3004 9 16377
27783 9 12689
9954 9 24629
12689 9 31979
28011 9 27466
33243 9 10509
5182 9 2649
26635 9 2556
13493 9 12689
32416 9 19986
28011 9 23094
18475 9 7064
12689 9 31065
4866 9 20917
12689 9 28011
33311 9 12689
32994 9 28011
9634 9 12689
28011 9 12689
7637 9 12826
33071 9 18760
12689 9 22640
8177 9 14214
10197 9 12961
12390 9 28011
28011 9 12689
18714 9 2792
28011 9 13358
22159 9 3354
8262 9 26110
9669 9 28011
31979 9 31316
8904 9 28011
4165 9 27892
15517 9 9468
4185 9 23449
7258 9 1500
12274 9 906
4637 9 3965
28011 9 32200
9634 9 1112
12689 9 17698
12689 9 12689
26422 9 20860
28890 9 12689
27794 9 19143
1115 9 28011
28664 9 11725
1139 9 18670
8968 9 28011
10038 9 12689
18162 9 4401
28011 9 12689
31075 9 28011
15349 9 12689
11596 9 12689
12689 9 25635
29725 9 4161
12689 9 32951
21672 9 1728
2499 9 28011
3354 9 28011
24508 9 22982
4801 9 23575
4139 9 28011
16121 9 20513
27821 9 2344
17291 9 21847
30512 9 20734
28100 9 28100
31384 9 1558
4942 9 28011
14049 9 906
4405 9 2375
9432 9 28926
25302 9 20770
30779 9 3914
13189 9 13189
11878 9 13131
27444 9 12689
6786 9 7284
12411 9 18013
32592 9 15165
202 9 30645
8969 9 28011
11213 9 13493
12689 9 26982
6902 9 17698
2777 9 11193
28011 9 24529
20901 9 12689
9225 9 22310
29367 9 16888
20884 9 12689
2375 9 3902
12689 9 33191
21726 9 17698
28011 9 19384
15400 9 398
27669 9 9149
32959 9 18269
23466 9 16121
13493 9 28011
30434 9 32309
12689 9 5742
28011 9 4905
29086 9 11762
4801 9 12362
4801 9 12689
24911 9 27187
446 9 28011
3245 9 31075
7808 9 13049
26124 9 26124
12689 9 8107
12149 9 12689
7493 9 2185
19123 9 12689
23252 9 12362
16684 9 13125
3914 9 5025
25715 9 13796
1702 9 14214
28011 9 3697
25937 9 6032
27109 9 19690
29796 9 17226
24829 9 21181
12041 9 30464
12140 9 19343
22473 9 23159
13375 9 27477
22444 9 12689
12689 9 12845
31909 9 14214
27892 9 20884
9262 9 28011
4077 9 12689
27110 9 16377
12289 9 28011
19568 9 243
16121 9 1812
28011 9 13048
12289 9 32099
21847 9 353
26524 9 6954
28011 9 28011
28011 9 5871
12689 9 19722
32528 9 4469
28011 9 28011
25129 9 1112
19050 9 15579
23855 9 28011
2375 9 13697
19211 9 1663
18081 9 28011
16121 9 6908
28777 9 12362
14214 9 1112
18515 9 28930
28011 9 19211
28011 9 30935
11213 9 15014
31061 9 28011
9634 9 28011
28011 9 12289
28063 9 30153
18013 9 9284
11058 9 12689
12689 9 18219
28011 9 1189
12689 9 1220
27892 9 28011
13131 9 2375
9634 9 3965
14288 9 12689
12689 9 8466
14530 9 10340
12689 9 28011
10491 9 9634
28011 9 1952
9518 9 25454
25504 9 28011
21321 9 28011
4647 9 29608
4532 9 18258
20884 9 858
23102 9 16963
16684 9 12689
12689 9 22982
16097 9 16888
25514 9 4433
7695 9 12689
2375 9 28011
29062 9 31346
7618 9 28159
12689 9 19799
6821 9 5440
28011 9 5157
6980 9 12689
11213 9 9067
759 9 1264
21273 9 32254
28011 9 9634
32103 9 14586
24529 9 24093
22679 9 18514
29311 9 12289
28011 9 13794
28011 9 27566
1326 9 12689
7306 9 27892
7651 9 9397
28428 9 17611
98 9 28650
15375 9 27466
28063 9 2375
28011 9 12289
28011 9 28011
22131 9 3219
13755 9 32892
27498 9 12689
27024 9 29076
4208 9 3955
28011 9 13410
30269 9 6100
21948 9 11106
4433 9 28860
9135 9 906
4433 9 1459
17529 9 2287
29608 9 6100
14308 9 11213
28011 9 9419
8868 9 17846
24860 9 28011
12087 9 11156
12689 9 10098
25902 9 30258
6138 9 27794
4249 9 12362
12689 9 98
6578 9 10907
26429 9 22640
28365 9 28011
25466 9 10710
16121 9 12362
7591 9 28011
31293 9 230
28011 9 4743
13493 9 10907
23490 9 16287
27454 9 28011
28011 9 21388
28011 9 30758
13156 9 12689
25315 9 12289
12689 9 906
21280 9 906
10801 9 10171
18976 9 1112
12689 9 5354
28011 9 14837
7131 9 12689
6288 9 25852
16287 9 28782
13228 9 12689
28011 9 22310
28960 9 28011
21900 9 31942
1944 9 21984
12689 9 691
14815 9 13054
12289 9 6547
26201 9 12390
5906 9 12689
1112 9 7808
13189 9 13048
8281 9 20549
3697 9 4647
398 9 4488
21273 9 33311
4161 9 28011
23411 9 28011
4905 9 24517
28011 9 13471
8456 9 12689
6314 9 16093
14582 9 28011
21294 9 20513
17226 9 9509
12689 9 16458
9823 9 12689
12689 9 30010
30434 9 21908
29411 9 28011
1112 9 1112
28011 9 22022
12689 9 28011
21599 9 20947
12000 9 2336
25222 9 30258
3914 9 33191
12289 9 12689
28011 9 13236
12689 9 19276
8407 9 12689
12689 9 12289
12689 9 3697
4633 9 28011
28011 9 5440
31061 9 28011
14110 9 8670
12689 9 25715
11980 9 29076
28011 9 12689
2375 9 17698
28011 9 25659
5731 9 32660
4014 9 8936
30258 9 2375
30275 9 24101
8595 9 14957
28011 9 14839
16888 9 23914
12689 9 9149
5463 9 32040
23725 9 12689
28011 9 16093
7110 9 30209
14106 9 6118
30828 9 1714
12289 9 4694
12689 9 98
9823 9 4014
5645 9 4801
5742 9 12689
5742 9 5742
9608 9 948
21667 9 12689
3448 9 28011
21273 9 30670
10414 9 3004
6931 9 26524
12689 9 31946
4549 9 30861
30842 9 14106
28011 9 24449
32250 9 30337
16121 9 32414
9636 9 4014
12689 9 28011
906 9 7284
20884 9 10893
7808 9 1326
10252 9 28011
12016 9 24012
18317 9 17698
13210 9 22565
12689 9 12689
14402 9 12689
21672 9 10601
21908 9 28011
12362 9 15887
15683 9 1115
