19063 9 18929
2557 9 28540
33311 9 12689
12188 9 32592
12689 9 11954
1107 9 5427
27892 9 12689
10959 9 28011
12689 9 11213
28011 9 4743
12689 9 22296
28011 9 3955
18269 9 5276
16968 9 29038
7808 9 1326
16309 9 20207
11323 9 12689
9419 9 12689
12689 9 10876
12689 9 4532
8920 9 7618
3354 9 8968
20033 9 1524
7618 9 12115
21454 9 30272
25953 9 10227
8595 9 29958
4633 9 12689
864 9 18013
12689 9 12383
28011 9 227
30281 9 7808
31061 9 9126
13313 9 10931
26124 9 28011
12689 9 25715
21273 9 13466
1298 9 28011
8518 9 12689
26377 9 906
12289 9 558
12689 9 6250
4313 9 28011
29318 9 28011
5420 9 28011
438 9 12289
30628 9 20734
18929 9 2808
5459 9 98
19276 9 12689
9823 9 23148
420 9 30953
29086 9 1326
27612 9 9015
12689 9 6954
28011 9 491
28011 9 25358
20958 9 28011
12689 9 2538
12362 9 14878
28011 9 12689
12689 9 15988
8740 9 31152
29038 9 30425
12689 9 16121
28517 9 16121
29616 9 16492
17662 9 14214
4433 9 2185
2446 9 12689
20513 9 31129
21021 9 19149
13359 9 323
24124 9 23058
16699 9 31109
28011 9 12945
23537 9 3124
13989 9 7808
13048 9 13714
14878 9 17805
20513 9 25156
29868 9 28011
6100 9 24529
1335 9 15175
27187 9 23019
25631 9 12689
22068 9 28011
28011 9 14456
27024 9 21556
12383 9 29793
27477 9 12689
17698 9 19677
858 9 3354
28011 9 33046
26639 9 15489
11807 9 4801
28011 9 12689
12689 9 16101
28011 9 4905
28011 9 27892
18714 9 14214
12689 9 12689
9823 9 23851
12689 9 4437
7258 9 22919
7681 9 15178
12689 9 29020
19527 9 10121
12689 9 7808
24811 9 12689
2102 9 12362
28011 9 5427
30797 9 4185
12689 9 13048
10197 9 12289
12940 9 24696
33319 9 28011
30669 9 31782
18546 9 30194
28011 9 30985
2733 9 12289
12362 9 2446
30434 9 26564
18929 9 11462
19059 9 12362
12689 9 22982
3972 9 8938
28011 9 12689
7155 9 29485
12362 9 28650
21057 9 8595
12794 9 12689
26946 9 24023
8466 9 906
18988 9 21984
14479 9 12689
12689 9 17698
4801 9 22982
12689 9 12689
12689 9 17992
12689 9 6908
26124 9 4066
28011 9 24517
28011 9 2694
27420 9 26564
28011 9 227
26001 9 12689
28011 9 28011
12689 9 7952
27024 9 9225
21388 9 2487
12289 9 12689
6596 9 20610
28011 9 5329
17867 9 1411
32592 9 12689
12689 9 3697
27067 9 31970
12689 9 17805
9108 9 31347
1652 9 12689
28011 9 12689
1755 9 25120
1944 9 6617
12689 9 22780
26124 9 12689
17729 9 3972
25070 9 5639
1900 9 5606
12689 9 13551
12997 9 29076
4801 9 12289
14776 9 21908
15762 9 28011
14634 9 4839
2528 9 19753
24507 9 22567
27028 9 4654
12689 9 22251
27775 9 6578
28011 9 11695
2375 9 29826
16309 9 23855
20895 9 29627
17139 9 19211
16378 9 16097
7183 9 28011
28011 9 29953
23159 9 16378
16309 9 28011
31903 9 13131
21257 9 10381
16838 9 18557
25194 9 7910
19208 9 26713
14840 9 19297
21181 9 9609
9004 9 32644
25833 9 4039
24378 9 12689
21273 9 9634
12962 9 9634
14365 9 13037
13228 9 31348
18178 9 7608
858 9 15093
26982 9 24449
8904 9 27669
18714 9 29700
9509 9 28011
28011 9 28011
31242 9 23449
12689 9 4249
12794 9 18976
2375 9 31172
27612 9 12689
9636 9 14723
28011 9 12689
21908 9 12919
1112 9 12188
25779 9 12765
30425 9 12799
20906 9 14184
12016 9 2385
8016 9 22982
9634 9 21273
32056 9 18317
21121 9 17820
31477 9 29086
21826 9 31946
28926 9 10846
21273 9 9634
13832 9 24829
9144 9 11462
16435 9 8002
12689 9 23639
13801 9 12689
2708 9 12289
25301 9 13493
29385 9 32554
28600 9 11807
10931 9 21273
4801 9 9757
12689 9 21672
31129 9 4748
2375 9 12689
12289 9 28011
12689 9 23667
25902 9 14815
15379 9 28777
32977 9 12689
323 9 28011
23729 9 2648
32414 9 12689
193 9 33225
21843 9 12689
5427 9 4014
2391 9 30194
11559 9 7124
8595 9 13236
12689 9 27844
19343 9 17748
9634 9 5440
12689 9 16097
27861 9 19690
29062 9 9267
32134 9 8514
17944 9 30917
28011 9 227
175 9 21057
28396 9 30508
9144 9 28764
19276 9 22640
12689 9 5825
227 9 287
12689 9 31293
28011 9 5465
6950 9 12689
866 9 4743
9194 9 18471
13493 9 16287
1944 9 28011
12689 9 24427
12689 9 4185
31075 9 30625
12188 9 5742
25454 9 13131
18929 9 29038
27420 9 14063
26357 9 27798
11762 9 25772
12289 9 28011
26429 9 2061
28011 9 29041
28011 9 1162
7785 9 18740
12689 9 28011
7057 9 4874
10971 9 3308
29953 9 12689
12689 9 12689
23962 9 28011
906 9 12689
28011 9 26124
3354 9 6578
25973 9 7059
23269 9 17261
13035 9 28011
20513 9 8151
1115 9 4905
28011 9 7525
12689 9 10200
12689 9 12689
28011 9 12689
175 9 32736
17226 9 71
15969 9 12689
8797 9 12689
19965 9 13735
18162 9 18013
12016 9 19216
28011 9 7452
14462 9 29725
11055 9 10694
9262 9 9669
6578 9 3231
12689 9 16161
28011 9 7563
16131 9 5440
28011 9 906
28011 9 441
12689 9 16951
5127 9 227
31797 9 12362
8872 9 2708
12689 9 25902
23390 9 28011
27844 9 20268
12689 9 23212
29569 9 28011
30168 9 12689
6100 9 8187
30269 9 25222
12289 9 4801
27953 9 25559
16465 9 14184
29038 9 19415
858 9 12689
27024 9 29424
32882 9 1112
27187 9 18723
26982 9 13779
25197 9 28011
9509 9 27892
28011 9 19328
8466 9 9669
28011 9 12289
27064 9 14214
6112 9 12689
6578 9 23575
227 9 24396
10646 9 13314
31286 9 12689
9509 9 13832
13641 9 16378
12689 9 24507
1207 9 12689
9457 9 23252
16121 9 12689
10771 9 12689
11132 9 13049
15927 9 12689
25337 9 16121
13236 9 32592
32902 9 29968
12362 9 12362
31075 9 4185
12689 9 28011
19343 9 22982
12689 9 4185
7153 9 12689
12689 9 12913
18935 9 14824
21864 9 24427
25197 9 29411
32885 9 24527
13131 9 9419
19690 9 10959
28664 9 12689
11186 9 3231
28011 9 7808
28011 9 12689
10971 9 28011
6578 9 28777
4185 9 12689
8595 9 3060
4014 9 12689
23066 9 33071
28011 9 5440
29311 9 13493
27362 9 7910
8767 9 27187
12689 9 24517
17748 9 7190
8912 9 28011
28011 9 5995
30797 9 28011
16465 9 22973
9634 9 26242
23058 9 1072
31622 9 28011
12689 9 28011
25715 9 12689
2296 9 20019
12289 9 12000
8240 9 31753
12689 9 25833
25514 9 12689
16287 9 31462
12962 9 18723
12289 9 28011
21907 9 21907
9267 9 8657
22565 9 12689
25543 9 30523
9208 9 18013
4249 9 12689
858 9 20942
16224 9 3354
29485 9 6908
27187 9 28011
385 9 16699
23466 9 31075
25084 9 14815
48 9 4491
12689 9 4249
24414 9 2375
16684 9 12689
5606 9 12689
906 9 31970
20896 9 4801
32948 9 7452
20942 9 20877
12362 9 12689
19033 9 12289
31946 9 12289
6927 9 5440
12689 9 28011
19027 9 12069
28011 9 12689
15579 9 16718
7223 9 28011
22324 9 28011
1364 9 15887
12689 9 12289
4694 9 6721
5491 9 12945
12689 9 28011
27794 9 5440
1482 9 12689
12689 9 4801
32554 9 30861
24829 9 11193
10252 9 28011
25229 9 31347
12689 9 18714
4249 9 8990
32429 9 29700
9427 9 15200
28011 9 1465
8759 9 28011
2375 9 30726
4743 9 7110
12689 9 14981
28011 9 5188
19808 9 30446
26699 9 25715
28011 9 5742
17820 9 19690
20307 9 2557
16492 9 9509
20878 9 858
12689 9 28011
9273 9 12689
13499 9 420
30797 9 29092
12689 9 28011
9149 9 10235
19631 9 28011
31389 9 30758
30941 9 28011
12689 9 3189
32669 9 12689
20581 9 28011
28011 9 14592
27033 9 30434
21462 9 28540
12289 9 17307
22914 9 12689
28011 9 21984
12689 9 14214
30115 9 32892
3448 9 1944
31393 9 1112
12689 9 23102
12689 9 22729
23855 9 10846
16378 9 1326
21381 9 28011
10227 9 33211
23490 9 16309
28011 9 29868
2375 9 1567
12362 9 18737
21908 9 1115
6003 9 26985
27028 9 19033
8657 9 6032
4405 9 25554
15794 9 866
28011 9 15579
12689 9 1112
6194 9 4743
24835 9 14544
12016 9 12689
12689 9 28777
18307 9 15489
25197 9 12689
4647 9 19343
385 9 18197
28011 9 21984
29009 9 18013
24829 9 28011
32250 9 27187
266 9 6578
23411 9 13228
12689 9 21331
28540 9 353
3333 9 282
28011 9 20908
20908 9 26036
29821 9 28011
17798 9 28011
14033 9 28011
27715 9 30917
23883 9 33319
28011 9 12362
21273 9 2375
27697 9 18013
12689 9 14214
12794 9 14214
15664 9 28011
9329 9 5618
25197 9 30785
28011 9 9309
6100 9 8049
4801 9 12689
28011 9 13102
12689 9 12362
24877 9 32528
20555 9 28777
12689 9 15579
2955 9 23451
29194 9 25454
12689 9 23965
12689 9 31946
227 9 13741
33311 9 12689
28011 9 430
7183 9 28011
3231 9 12794
11163 9 8920
28011 9 23148
16699 9 16737
4470 9 9973
24860 9 3614
30726 9 28011
9634 9 3060
31286 9 10150
6578 9 12689
26442 9 5440
6414 9 12689
25156 9 32660
31821 9 1084
18988 9 32942
4249 9 12362
8041 9 28011
12289 9 25571
12689 9 12689
17036 9 28011
4172 9 12689
28011 9 12689
9636 9 19690
33243 9 9661
24105 9 5742
14824 9 9529
23411 9 21902
3245 9 13048
230 9 1127
29927 9 6943
2375 9 9756
9823 9 10252
420 9 8904
4249 9 12689
10675 9 28011
14184 9 10801
12689 9 3354
13127 9 26982
6547 9 13125
12689 9 31113
26396 9 13583
12689 9 9823
12689 9 4801
8874 9 12000
13832 9 12689
21370 9 4801
12289 9 19887
17867 9 28011
27297 9 32592
12689 9 4161
20019 9 26510
24827 9 19799
28011 9 29411
27190 9 9634
29821 9 12689
12689 9 30168
2137 9 21335
8904 9 17798
1451 9 4801
8466 9 24651
28011 9 8466
12689 9 18013
29086 9 12689
28011 9 7131
3004 9 16377
27783 9 12689
9954 9 24629
12689 9 31979
28011 9 27466
33243 9 10509
5182 9 2649
26635 9 2556
13493 9 12689
32416 9 19986
28011 9 23094
18475 9 7064
12689 9 31065
4866 9 20917
12689 9 28011
33311 9 12689
32994 9 28011
9634 9 12689
28011 9 12689
7637 9 12826
33071 9 18760
12689 9 22640
8177 9 14214
10197 9 12961
12390 9 28011
28011 9 12689
18714 9 2792
28011 9 13358
22159 9 3354
8262 9 26110
9669 9 28011
31979 9 31316
8904 9 28011
4165 9 27892
15517 9 9468
4185 9 23449
7258 9 1500
12274 9 906
4637 9 3965
28011 9 32200
9634 9 1112
12689 9 17698
12689 9 12689
26422 9 20860
28890 9 12689
27794 9 19143
1115 9 28011
28664 9 11725
1139 9 18670
8968 9 28011
10038 9 12689
18162 9 4401
28011 9 12689
31075 9 28011
15349 9 12689
11596 9 12689
12689 9 25635
29725 9 4161
12689 9 32951
21672 9 1728
2499 9 28011
3354 9 28011
24508 9 22982
4801 9 23575
4139 9 28011
16121 9 20513
27821 9 2344
17291 9 21847
30512 9 20734
28100 9 28100
31384 9 1558
4942 9 28011
14049 9 906
4405 9 2375
9432 9 28926
25302 9 20770
30779 9 3914
13189 9 13189
11878 9 13131
27444 9 12689
6786 9 7284
12411 9 18013
32592 9 15165
202 9 30645
8969 9 28011
11213 9 13493
12689 9 26982
6902 9 17698
2777 9 11193
28011 9 24529
20901 9 12689
9225 9 22310
29367 9 16888
20884 9 12689
2375 9 3902
12689 9 33191
21726 9 17698
28011 9 19384
15400 9 398
27669 9 9149
32959 9 18269
23466 9 16121
13493 9 28011
30434 9 32309
12689 9 5742
28011 9 4905
29086 9 11762
4801 9 12362
4801 9 12689
24911 9 27187
446 9 28011
3245 9 31075
7808 9 13049
26124 9 26124
12689 9 8107
12149 9 12689
7493 9 2185
19123 9 12689
23252 9 12362
16684 9 13125
3914 9 5025
25715 9 13796
1702 9 14214
28011 9 3697
25937 9 6032
27109 9 19690
29796 9 17226
24829 9 21181
12041 9 30464
12140 9 19343
22473 9 23159
13375 9 27477
22444 9 12689
12689 9 12845
31909 9 14214
27892 9 20884
9262 9 28011
4077 9 12689
27110 9 16377
12289 9 28011
19568 9 243
16121 9 1812
28011 9 13048
12289 9 32099
21847 9 353
26524 9 6954
28011 9 28011
28011 9 5871
12689 9 19722
32528 9 4469
28011 9 28011
25129 9 1112
19050 9 15579
23855 9 28011
2375 9 13697
19211 9 1663
18081 9 28011
16121 9 6908
28777 9 12362
14214 9 1112
18515 9 28930
28011 9 19211
28011 9 30935
11213 9 15014
31061 9 28011
9634 9 28011
28011 9 12289
28063 9 30153
18013 9 9284
11058 9 12689
12689 9 18219
28011 9 1189
12689 9 1220
27892 9 28011
13131 9 2375
9634 9 3965
14288 9 12689
12689 9 8466
14530 9 10340
12689 9 28011
10491 9 9634
28011 9 1952
9518 9 25454
25504 9 28011
21321 9 28011
4647 9 29608
4532 9 18258
20884 9 858
23102 9 16963
16684 9 12689
12689 9 22982
16097 9 16888
25514 9 4433
7695 9 12689
2375 9 28011
29062 9 31346
7618 9 28159
12689 9 19799
6821 9 5440
28011 9 5157
6980 9 12689
11213 9 9067
759 9 1264
21273 9 32254
28011 9 9634
32103 9 14586
24529 9 24093
22679 9 18514
29311 9 12289
28011 9 13794
28011 9 27566
1326 9 12689
7306 9 27892
7651 9 9397
28428 9 17611
98 9 28650
15375 9 27466
28063 9 2375
28011 9 12289
28011 9 28011
22131 9 3219
13755 9 32892
27498 9 12689
27024 9 29076
4208 9 3955
28011 9 13410
30269 9 6100
21948 9 11106
4433 9 28860
9135 9 906
4433 9 1459
17529 9 2287
29608 9 6100
14308 9 11213
28011 9 9419
8868 9 17846
24860 9 28011
12087 9 11156
12689 9 10098
25902 9 30258
6138 9 27794
4249 9 12362
12689 9 98
6578 9 10907
26429 9 22640
28365 9 28011
25466 9 10710
16121 9 12362
7591 9 28011
31293 9 230
28011 9 4743
13493 9 10907
23490 9 16287
27454 9 28011
28011 9 21388
28011 9 30758
13156 9 12689
25315 9 12289
12689 9 906
21280 9 906
10801 9 10171
18976 9 1112
12689 9 5354
28011 9 14837
7131 9 12689
6288 9 25852
16287 9 28782
13228 9 12689
28011 9 22310
28960 9 28011
21900 9 31942
1944 9 21984
12689 9 691
14815 9 13054
12289 9 6547
26201 9 12390
5906 9 12689
1112 9 7808
13189 9 13048
8281 9 20549
3697 9 4647
398 9 4488
21273 9 33311
4161 9 28011
23411 9 28011
4905 9 24517
28011 9 13471
8456 9 12689
6314 9 16093
14582 9 28011
21294 9 20513
17226 9 9509
12689 9 16458
9823 9 12689
12689 9 30010
30434 9 21908
29411 9 28011
1112 9 1112
28011 9 22022
12689 9 28011
21599 9 20947
12000 9 2336
25222 9 30258
3914 9 33191
12289 9 12689
28011 9 13236
12689 9 19276
8407 9 12689
12689 9 12289
12689 9 3697
4633 9 28011
28011 9 5440
31061 9 28011
14110 9 8670
12689 9 25715
11980 9 29076
28011 9 12689
2375 9 17698
28011 9 25659
5731 9 32660
4014 9 8936
30258 9 2375
30275 9 24101
8595 9 14957
28011 9 14839
16888 9 23914
12689 9 9149
5463 9 32040
23725 9 12689
28011 9 16093
7110 9 30209
14106 9 6118
30828 9 1714
12289 9 4694
12689 9 98
9823 9 4014
5645 9 4801
5742 9 12689
5742 9 5742
9608 9 948
21667 9 12689
3448 9 28011
21273 9 30670
10414 9 3004
6931 9 26524
12689 9 31946
4549 9 30861
30842 9 14106
28011 9 24449
32250 9 30337
16121 9 32414
9636 9 4014
12689 9 28011
906 9 7284
20884 9 10893
7808 9 1326
10252 9 28011
12016 9 24012
18317 9 17698
13210 9 22565
12689 9 12689
14402 9 12689
21672 9 10601
21908 9 28011
12362 9 15887
15683 9 1115
1624 9 18013
20513 9 906
28011 9 9634
22663 9 7910
22796 9 27892
21907 9 6314
9634 9 263
12689 9 28938
9634 9 12362
19063 9 12689
18970 9 4491
12289 9 25902
12689 9 16684
19130 9 23372
18553 9 12689
12689 9 4249
866 9 18737
28686 9 1310
1127 9 6398
9634 9 21908
4801 9 4839
2375 9 12689
15455 9 7184
19884 9 28011
28651 9 21273
28011 9 26036
4433 9 10237
10247 9 3859
4433 9 28486
9634 9 16287
31903 9 29411
22648 9 16968
9634 9 9149
31940 9 26640
32902 9 16888
14957 9 8936
31819 9 21908
71 9 12689
6578 9 12689
10416 9 12689
7452 9 10931
29508 9 29820
17418 9 6950
25964 9 4185
28011 9 21984
23776 9 27794
28011 9 12689
28011 9 13741
13131 9 15331
11762 9 98
12362 9 12689
12289 9 18326
12689 9 21177
9636 9 21257
29062 9 31209
33046 9 4249
12689 9 4408
12689 9 12689
14815 9 19732
10230 9 12689
7681 9 20896
17463 9 21273
17798 9 8177
3972 9 18322
17816 9 28011
19211 9 7910
27669 9 28155
28011 9 14867
21892 9 28286
4850 9 19276
29700 9 5465
6978 9 16309
4647 9 6617
27110 9 26377
26857 9 20815
28011 9 12689
7110 9 31038
31462 9 15834
4743 9 9468
28011 9 16103
14634 9 4543
13071 9 19143
202 9 21846
13210 9 12689
12689 9 28011
21574 9 30779
2375 9 12689
9550 9 12689
13667 9 3124
21892 9 16737
27844 9 28011
1326 9 12689
28011 9 9634
6314 9 32252
27187 9 13493
26377 9 27794
27498 9 7808
12689 9 27669
11991 9 19059
264 9 12689
20770 9 12689
17226 9 3245
5420 9 31293
32892 9 10097
22435 9 12689
9285 9 12689
7808 9 10062
23449 9 12689
14386 9 12689
7947 9 21021
13667 9 12689
26051 9 18356
28011 9 385
26124 9 27444
29953 9 4839
21273 9 12689
32099 9 12689
7329 9 28287
25772 9 18714
12689 9 17226
12689 9 4615
12689 9 4850
21826 9 10121
11970 9 16121
30888 9 18670
14214 9 15579
14106 9 16377
27697 9 33319
11695 9 28011
9634 9 19063
12689 9 6414
29725 9 16309
28664 9 12689
21847 9 9237
12689 9 19317
12689 9 71
12689 9 24105
6100 9 31979
12689 9 3245
12689 9 866
23277 9 4801
10380 9 16718
23986 9 14858
9756 9 8374
4801 9 12689
10580 9 3336
9756 9 866
18737 9 9509
28011 9 3694
28011 9 12289
28777 9 6927
33191 9 15107
2875 9 16019
29086 9 9921
26036 9 4633
19211 9 9634
28011 9 26124
28011 9 23066
2557 9 28011
28011 9 29009
10959 9 4562
6902 9 10846
18936 9 7618
6100 9 31994
25195 9 9634
12689 9 25821
12689 9 6032
2938 9 12689
11044 9 24942
29608 9 4039
22037 9 4470
12689 9 18331
12188 9 25631
1189 9 16309
30797 9 18425
21255 9 9634
13794 9 9634
28011 9 28011
12689 9 12841
3231 9 4014
5939 9 18929
12689 9 28011
12689 9 16737
13755 9 28011
12188 9 12689
27024 9 12689
3354 9 12689
13033 9 28011
15996 9 29868
31940 9 3614
12689 9 12362
21462 9 28011
23102 9 13375
8240 9 8759
23490 9 12689
27844 9 28011
28011 9 26197
26640 9 28011
17630 9 28011
7205 9 8187
26001 9 12689
28011 9 9634
24262 9 13228
7651 9 4900
30758 9 12689
12289 9 31064
32278 9 3913
28011 9 30028
14308 9 12689
28777 9 21227
30003 9 329
12689 9 17698
16684 9 13423
538 9 24829
4039 9 12689
23575 9 12689
28011 9 2641
6927 9 13714
28011 9 21602
3954 9 9634
12689 9 17830
20815 9 27466
16121 9 12689
28011 9 29117
12689 9 12689
28698 9 12289
30797 9 20894
18013 9 14273
28011 9 19732
28011 9 28011
4205 9 14474
12289 9 28011
2446 9 12689
30269 9 28011
12689 9 19958
12689 9 12362
28011 9 10038
6745 9 2686
16492 9 7651
20942 9 31129
12689 9 4801
12289 9 28011
28011 9 7563
28063 9 28011
30051 9 25197
31209 9 6858
31148 9 8109
21907 9 28011
28011 9 26124
6900 9 28011
6100 9 21599
16262 9 12689
98 9 12689
12689 9 28011
19296 9 11148
21847 9 28011
19799 9 9509
30434 9 13131
9419 9 15107
13551 9 12689
6112 9 4801
5742 9 4801
18614 9 9954
1125 9 12289
32943 9 32277
5451 9 25197
4655 9 17254
4905 9 19276
21273 9 12689
14663 9 227
3697 9 29725
9669 9 6210
12689 9 16287
13131 9 28011
8811 9 5825
12289 9 6954
14214 9 12362
28011 9 17967
14691 9 4020
27794 9 12689
20019 9 12689
28011 9 20805
30269 9 29391
12689 9 24829
1523 9 25170
4014 9 3231
6592 9 7223
6954 9 23746
21907 9 25559
28011 9 19799
8041 9 12689
12689 9 28011
9509 9 12689
15887 9 13048
27519 9 13314
22475 9 28011
24829 9 27064
12473 9 9324
12149 9 12689
13168 9 28011
28011 9 22131
17934 9 23855
858 9 858
2641 9 31710
13435 9 2670
4896 9 211
8123 9 28011
12689 9 8466
20163 9 9634
3231 9 2137
3662 9 18935
12689 9 31061
12689 9 22640
2327 9 3972
27028 9 8093
3697 9 12362
6601 9 12689
20549 9 18013
28386 9 9823
13131 9 3231
28011 9 12689
23855 9 2254
28011 9 24891
13131 9 12689
12689 9 17698
4917 9 18201
5276 9 15762
21908 9 28172
16121 9 12689
10135 9 15165
24427 9 18013
1421 9 12289
12689 9 28011
28011 9 17748
22354 9 13796
21908 9 12689
12689 9 9634
3245 9 4185
17139 9 28011
2708 9 7695
30281 9 5127
12689 9 3448
12960 9 13844
12689 9 16093
28011 9 12689
20908 9 28011
2440 9 25315
9859 9 18502
6414 9 28011
6711 9 9189
4014 9 1482
8759 9 7940
25543 9 1084
10197 9 24829
13127 9 28011
12689 9 24547
23575 9 23617
12689 9 27400
8936 9 12689
23878 9 29725
18324 9 29725
21437 9 12689
7155 9 32278
9634 9 3231
26429 9 6398
21984 9 3409
12689 9 28011
12689 9 8920
28011 9 3021
4917 9 4801
31994 9 12689
12362 9 16313
12689 9 4801
28011 9 25973
23252 9 12289
28486 9 25770
20513 9 12689
13359 9 12689
30269 9 1812
13131 9 23041
23612 9 12689
12289 9 12689
20915 9 9550
18079 9 22251
19059 9 25545
27821 9 19677
2375 9 8277
31782 9 7808
12689 9 12289
10509 9 6613
30389 9 21863
8372 9 540
26036 9 29608
906 9 24527
30789 9 17706
28011 9 9419
23986 9 12689
5329 9 27566
12689 9 2375
2792 9 12689
9285 9 12678
12689 9 20052
12363 9 1112
28011 9 16684
6578 9 17944
4249 9 19293
29086 9 29608
18929 9 12689
20729 9 31311
21388 9 15880
693 9 9285
15393 9 29616
10846 9 20410
20652 9 16287
32627 9 28063
29953 9 12188
20237 9 11280
16458 9 8785
28600 9 23855
12689 9 12002
1523 9 20325
10523 9 13741
28011 9 7329
28589 9 28589
31785 9 18326
31946 9 12689
25315 9 20732
28011 9 26640
14530 9 18714
9509 9 28011
12689 9 28011
2792 9 4014
7794 9 4801
4205 9 4039
6578 9 12689
21915 9 12689
12689 9 26442
10846 9 20913
22257 9 19343
12689 9 12362
19386 9 27512
17698 9 17539
6927 9 28011
14959 9 6100
28011 9 10596
32309 9 15518
11280 9 16963
4249 9 13048
25084 9 12689
4039 9 11213
7145 9 4212
28011 9 906
4743 9 26138
4900 9 28011
535 9 13741
2535 9 28011
1635 9 25315
13359 9 13832
10931 9 27133
2792 9 8077
28480 9 3354
19211 9 22324
13131 9 8595
6314 9 10596
20227 9 12689
6954 9 27306
12689 9 1812
1264 9 28011
29051 9 28011
7843 9 28011
33191 9 3354
29760 9 12689
28777 9 23466
21123 9 30779
31129 9 28011
18714 9 25582
12362 9 6537
28011 9 14214
12689 9 27844
12689 9 4905
20877 9 6100
15489 9 4039
12689 9 7458
4039 9 4433
12689 9 27844
10197 9 28664
12689 9 12289
11800 9 11193
8177 9 6930
9419 9 7910
31782 9 22251
9823 9 7651
14037 9 18425
28063 9 29968
24255 9 28011
17226 9 12689
29385 9 12689
18714 9 858
25964 9 22982
12689 9 20947
12289 9 29411
12689 9 21629
12689 9 12689
7190 9 14214
28011 9 10846
9756 9 1067
21332 9 2538
23185 9 33244
12188 9 28011
6940 9 23385
28571 9 13280
3717 9 21121
32943 9 18970
31311 9 28011
10121 9 28011
6927 9 2375
9144 9 29088
16130 9 12289
10959 9 12689
18867 9 21907
3124 9 20513
28011 9 3709
28011 9 24449
16268 9 15375
21273 9 9634
29311 9 28428
33031 9 12689
9756 9 3924
26640 9 27110
3914 9 25156
28651 9 1623
18081 9 29385
22640 9 19480
28011 9 2375
12689 9 27187
26982 9 21892
5465 9 3354
4801 9 12689
28011 9 12289
31946 9 1326
12289 9 28011
3488 9 14214
28011 9 398
26124 9 29534
21280 9 28011
21574 9 4014
1326 9 33319
12689 9 227
21515 9 6100
1112 9 1944
23466 9 5686
28011 9 23490
20565 9 28011
9634 9 30269
14308 9 28011
28011 9 1162
28011 9 19059
22123 9 28011
10062 9 28480
17867 9 9634
12689 9 28011
8375 9 32859
25315 9 30917
4193 9 19211
13127 9 13048
22565 9 4801
17748 9 12689
28011 9 9823
32594 9 28011
21273 9 12289
18929 9 12945
385 9 19444
4838 9 13785
14110 9 21574
12289 9 4801
20513 9 19211
3245 9 12689
22460 9 29608
20019 9 5465
18976 9 22918
28011 9 31946
7233 9 4743
28011 9 19690
3245 9 28011
19211 9 23200
1331 9 2375
24293 9 21099
5465 9 28946
12689 9 12689
20906 9 33191
31075 9 545
20513 9 17210
28011 9 12289
17950 9 17418
28011 9 12689
33313 9 25197
7563 9 12289
15521 9 1623
3582 9 12689
9457 9 5397
16093 9 30223
1326 9 12689
5606 9 2102
12016 9 28011
18359 9 31934
28011 9 16377
29311 9 1522
9669 9 12689
15014 9 25973
27373 9 14884
4905 9 12689
4034 9 8386
12689 9 12362
12289 9 24829
17698 9 12689
353 9 17798
30269 9 28011
12689 9 175
29041 9 21021
7258 9 29411
9754 9 12689
14068 9 28011
33319 9 12689
32942 9 23725
6100 9 2750
12689 9 12689
21273 9 33319
4801 9 10589
1188 9 13989
25772 9 29700
10197 9 10904
13131 9 27669
28011 9 13049
27669 9 4801
18988 9 31285
31289 9 31946
5538 9 5182
30953 9 32277
14705 9 25772
33319 9 6902
18557 9 536
12689 9 19690
16224 9 3697
12689 9 6503
20772 9 25113
28159 9 9149
9309 9 25953
21875 9 2875
21863 9 19690
28011 9 21021
4205 9 28011
6578 9 29616
26564 9 25715
9634 9 19211
28011 9 2254
10971 9 12289
28011 9 20770
18181 9 12689
2909 9 28011
25832 9 12689
18471 9 28011
11157 9 12689
28011 9 27844
866 9 18526
4647 9 10931
12689 9 12362
27219 9 7329
4014 9 12115
32951 9 7306
12689 9 30194
12689 9 7022
28011 9 13048
5465 9 16888
12689 9 31946
26760 9 28011
7114 9 28011
24539 9 4801
28011 9 3245
28011 9 9557
28011 9 13127
19958 9 5845
12689 9 12362
29154 9 28011
4615 9 12289
28011 9 18737
28011 9 16070
12289 9 12689
15809 9 4647
7651 9 28011
16478 9 12689
19804 9 27892
25302 9 1173
22488 9 4665
28011 9 28011
5686 9 12689
14214 9 3354
28011 9 4694
2375 9 19211
26340 9 12689
8595 9 2375
17698 9 12362
14214 9 31946
22729 9 2137
31942 9 19211
4433 9 12689
28011 9 12383
12289 9 6100
23612 9 4066
16968 9 11088
25222 9 28011
20549 9 8409
27669 9 31946
16309 9 33221
17995 9 12689
31017 9 4801
29659 9 1112
14013 9 1497
28011 9 31934
20908 9 32215
27892 9 10227
9624 9 4089
9634 9 19211
4097 9 14273
1434 9 7016
29385 9 8522
19690 9 28011
18567 9 12689
26982 9 11379
24860 9 28011
29092 9 3709
3972 9 12689
17698 9 5402
3336 9 263
31462 9 21869
12806 9 12806
12689 9 3231
13989 9 12689
28011 9 22238
12689 9 20895
17748 9 28051
11132 9 16121
28011 9 6835
21273 9 12689
18714 9 12289
28011 9 12689
12689 9 12289
28011 9 9593
28011 9 22183
32951 9 12003
31152 9 12689
12289 9 17418
12960 9 29953
4647 9 9329
8464 9 20770
24529 9 17867
18988 9 3697
12362 9 8466
28011 9 11677
12689 9 12689
8523 9 906
12689 9 28011
29700 9 21863
12689 9 14214
31064 9 21257
1139 9 6954
29076 9 4874
2440 9 6361
29725 9 7005
9711 9 12938
12689 9 4942
22919 9 18935
27669 9 11280
12689 9 906
13578 9 28011
9834 9 23855
2377 9 22414
30755 9 28011
12689 9 13236
21540 9 12689
31946 9 30666
13894 9 1115
21057 9 23852
12069 9 31389
12689 9 11269
12689 9 9634
20019 9 9509
11807 9 29721
16579 9 18737
13189 9 12689
16699 9 28011
12689 9 1815
28777 9 22073
471 9 14879
12289 9 30797
7910 9 27697
29117 9 29062
30564 9 7910
18737 9 839
4801 9 5742
466 9 12289
21515 9 21908
12689 9 11530
14691 9 7808
12391 9 18356
430 9 29038
2808 9 12689
12956 9 12689
4249 9 32859
12289 9 14530
21667 9 25660
22565 9 9419
26138 9 12689
1963 9 20894
906 9 11228
23466 9 23490
2375 9 30512
12689 9 20826
28011 9 20906
28374 9 12689
28011 9 6908
23612 9 6927
21907 9 19050
25444 9 6032
10796 9 12149
16435 9 1623
12362 9 32501
28034 9 21792
10596 9 32099
32592 9 4744
4205 9 7184
18929 9 28540
16777 9 5354
536 9 22159
4801 9 12689
12689 9 6994
27477 9 28011
16718 9 25156
23066 9 22488
12289 9 8466
4619 9 7493
32204 9 5465
12794 9 2336
23452 9 27794
29968 9 9126
24874 9 23087
29311 9 12069
28011 9 22998
25156 9 12689
4801 9 23575
1486 9 14420
19804 9 8595
17867 9 7306
31785 9 6100
28011 9 8315
12689 9 24651
12689 9 16121
30539 9 4606
4185 9 3914
21273 9 28011
20942 9 28011
12289 9 193
12689 9 16121
23855 9 16121
30749 9 4405
28011 9 25714
23855 9 10509
23776 9 87
12689 9 12289
10242 9 16569
31347 9 21672
22183 9 23855
13367 9 27794
28011 9 28011
9438 9 18326
32250 9 31946
13874 9 30789
24684 9 9634
21672 9 25041
21669 9 14398
19276 9 18717
21540 9 12689
12689 9 9669
12689 9 4694
21907 9 28011
22990 9 8759
33191 9 4801
32554 9 28011
17748 9 4885
6902 9 3231
7947 9 28926
17807 9 19211
29096 9 28011
28011 9 4743
11148 9 28011
16435 9 12689
12362 9 10755
3354 9 2137
4801 9 11204
2375 9 2148
8372 9 16699
16048 9 25779
30726 9 1264
23252 9 12289
4293 9 12689
6578 9 6980
28011 9 27386
446 9 12689
12689 9 13493
20814 9 14106
8402 9 8402
12689 9 31088
28011 9 12689
12689 9 20019
31347 9 7421
13236 9 19204
23449 9 28011
6927 9 866
8968 9 4014
23878 9 28011
23667 9 18670
3231 9 33251
4694 9 14308
31242 9 12689
11618 9 7258
5427 9 15090
21908 9 1721
27566 9 14032
22518 9 28011
9429 9 12689
11462 9 28011
31143 9 28777
12689 9 21280
18013 9 8904
10178 9 28011
13314 9 906
12689 9 12689
16880 9 28011
11934 9 12689
3245 9 27519
28353 9 18670
9634 9 13168
4551 9 11606
6503 9 13384
25222 9 31382
13410 9 21984
30281 9 5995
3619 9 12689
1799 9 28011
12689 9 440
12689 9 32627
25973 9 26036
12689 9 6100
10235 9 20884
21908 9 8936
15136 9 28011
8407 9 12689
12689 9 10846
27697 9 28277
4801 9 25301
3885 9 25974
13832 9 12289
28011 9 19568
24517 9 24517
12689 9 12689
12689 9 440
7316 9 18201
9888 9 9019
13551 9 12689
30209 9 13236
25222 9 21672
9634 9 21241
2375 9 14049
21196 9 25772
13578 9 12289
6100 9 12689
12689 9 7627
19415 9 29086
32592 9 21772
28011 9 17261
3060 9 13551
19233 9 7794
8414 9 17748
13048 9 1944
6737 9 12689
10801 9 26442
12289 9 28011
13781 9 12289
10830 9 30714
10197 9 28011
28011 9 6186
3709 9 27028
13131 9 4917
33245 9 21192
32528 9 6100
24427 9 8253
12689 9 12149
12689 9 1830
12689 9 2375
28011 9 15349
13739 9 15408
6578 9 27660
22982 9 29927
12689 9 28011
19025 9 27016
8509 9 25893
24527 9 4014
8904 9 16202
28011 9 16121
12289 9 420
28061 9 25084
12689 9 12689
12362 9 12689
12689 9 28011
11163 9 1326
12362 9 3697
12689 9 26124
32528 9 28011
30360 9 28011
2185 9 3709
28011 9 20575
23776 9 18471
28011 9 13125
17988 9 14530
31151 9 27844
28020 9 28011
12362 9 32629
12362 9 28011
24896 9 3972
23575 9 29725
12689 9 12689
12689 9 32176
12689 9 15284
4743 9 30281
31599 9 28011
12689 9 4917
24268 9 24829
32204 9 28011
12362 9 29725
20052 9 28011
12289 9 31393
7772 9 31393
12000 9 2875
28011 9 25315
28011 9 25337
12689 9 13359
18356 9 12289
5427 9 29608
27697 9 24517
28011 9 12689
12689 9 766
12689 9 11193
3697 9 26738
3717 9 10755
11280 9 12689
12289 9 21515
27634 9 12689
28011 9 12844
12689 9 18714
1112 9 13359
2402 9 12689
17433 9 28011
26429 9 6455
21381 9 3245
30758 9 25514
22203 9 8174
12689 9 4801
21984 9 15349
1305 9 11756
28011 9 30487
12689 9 23844
27930 9 4039
12362 9 22159
30049 9 28777
28011 9 31576
22796 9 12689
8935 9 30425
16378 9 3697
688 9 24829
2528 9 27844
28011 9 18359
19343 9 19343
9636 9 12362
12689 9 2375
10038 9 28011
12689 9 23107
29135 9 24262
10062 9 13063
12689 9 32592
1112 9 21984
27477 9 12689
17698 9 10646
12689 9 23667
13131 9 12689
28011 9 20296
20227 9 28011
12188 9 21908
16888 9 28011
1007 9 31652
16838 9 12689
16640 9 28011
3709 9 28011
28011 9 28011
29793 9 26138
25514 9 7808
4633 9 24829
28011 9 6288
906 9 33245
12289 9 23575
4039 9 10779
16156 9 4405
21907 9 12689
16684 9 5463
30209 9 2375
2375 9 4801
13534 9 12689
26340 9 12689
12689 9 31667
24829 9 12505
858 9 20942
4014 9 10752
12689 9 21269
12140 9 16435
28011 9 21761
14544 9 14059
31912 9 7650
9419 9 9634
7634 9 12689
21907 9 23159
17226 9 71
1812 9 12689
10509 9 30139
24547 9 20239
12689 9 27046
3913 9 15393
28011 9 28011
27794 9 23776
28011 9 13048
23855 9 30985
17567 9 30793
24643 9 4249
10907 9 21321
16121 9 1173
29868 9 28011
12689 9 11762
18081 9 18605
28011 9 28744
10554 9 28011
4801 9 7808
875 9 8402
12289 9 12689
27892 9 21021
16684 9 29041
12289 9 13049
28540 9 8158
1523 9 12689
12689 9 9419
12689 9 19387
12188 9 21273
12689 9 31393
11135 9 420
26036 9 28011
21321 9 26201
17139 9 12689
19722 9 12689
12689 9 28011
13127 9 14110
23409 9 28011
25594 9 12289
12689 9 1173
17945 9 18269
7563 9 14177
9980 9 14878
5463 9 12689
23696 9 12689
1567 9 16968
12362 9 28011
7808 9 7939
22565 9 28011
21908 9 4489
25222 9 6100
5618 9 25195
7258 9 19211
33319 9 32040
27612 9 32859
17063 9 32861
21021 9 28011
28011 9 12689
28011 9 24517
28428 9 25650
1137 9 30258
27892 9 15489
19384 9 8968
20906 9 2641
287 9 28011
28011 9 98
28011 9 17950
12362 9 12689
3354 9 6578
27794 9 12689
28011 9 19387
14068 9 1944
29608 9 16097
17884 9 19211
18557 9 24527
13714 9 28011
6100 9 9823
11725 9 14214
28011 9 18737
22025 9 13125
12689 9 28011
22982 9 21321
27697 9 31235
28011 9 1815
3603 9 2327
20054 9 28011
13493 9 12689
16378 9 28011
10227 9 9225
2327 9 31209
12689 9 20947
22617 9 18013
9652 9 7651
24529 9 29209
21437 9 20884
19205 9 22037
9710 9 8514
16888 9 12362
15916 9 28011
6818 9 4562
12362 9 8264
28011 9 4900
12289 9 8514
17063 9 4801
12689 9 6980
18013 9 7952
29821 9 24911
23877 9 23148
1755 9 9634
22597 9 12689
28100 9 28100
28011 9 24829
12689 9 21574
28011 9 12689
8841 9 28011
3830 9 32099
31946 9 27649
28011 9 4801
7651 9 4806
29411 9 28011
21381 9 17950
12689 9 16287
12689 9 22982
7498 9 28011
6578 9 29608
20430 9 12689
4633 9 12689
4694 9 25975
7618 9 2375
23575 9 17139
28011 9 4372
10002 9 5179
28011 9 12689
25156 9 15579
14878 9 28011
28011 9 20319
20430 9 19211
23592 9 16378
28011 9 22565
28011 9 12689
20884 9 9823
3801 9 14214
32840 9 1112
12689 9 12289
13832 9 71
18331 9 12188
25156 9 13210
31942 9 17000
4020 9 13602
29725 9 21462
24811 9 26001
12289 9 26793
7780 9 20541
21673 9 12689
4489 9 353
12188 9 14324
4772 9 2110
1204 9 7155
27791 9 9634
2750 9 22251
23449 9 19211
30269 9 12689
2287 9 6954
32592 9 6118
2538 9 2319
4014 9 12689
2375 9 28011
4161 9 7808
9823 9 12689
30564 9 28011
18714 9 2792
27028 9 12362
12799 9 19799
23466 9 12689
3603 9 1721
12289 9 12689
4839 9 20947
1659 9 595
12689 9 30512
28650 9 18670
14878 9 23252
23877 9 5491
20207 9 12689
3231 9 13240
21428 9 32281
14184 9 14032
21273 9 12689
12689 9 18081
28011 9 27187
21273 9 28011
3972 9 28011
17308 9 25197
28011 9 13493
28011 9 6314
28011 9 29953
18201 9 23575
25315 9 28011
12689 9 22039
9481 9 10706
12689 9 12689
19343 9 3245
28011 9 20826
2254 9 4801
7808 9 1112
7306 9 30726
12362 9 16684
33243 9 13131
16684 9 28011
12689 9 16097
19328 9 12289
27852 9 32905
21057 9 26877
4801 9 16684
12689 9 12689
9515 9 98
3614 9 28011
14815 9 12689
9457 9 21847
4156 9 12689
175 9 28011
9823 9 29953
28011 9 25504
28011 9 446
12689 9 28011
30209 9 30726
9634 9 8595
4694 9 28011
12689 9 12712
24651 9 12689
12689 9 9634
28011 9 12689
10796 9 13131
27697 9 26036
26084 9 28938
18670 9 8466
25315 9 10710
9823 9 21273
21556 9 12289
2375 9 28011
12689 9 4582
2402 9 12689
2538 9 29086
12289 9 3955
19276 9 12689
3697 9 14033
32587 9 28011
25772 9 5606
398 9 26458
27024 9 17698
18670 9 27346
12689 9 27024
7122 9 12689
23490 9 7493
12689 9 23277
12689 9 13236
17944 9 4801
19296 9 2798
16097 9 25197
12689 9 27028
11195 9 12689
10846 9 31064
9823 9 27559
28849 9 23855
19446 9 17944
8968 9 28011
5102 9 28011
30674 9 15701
23609 9 26316
5845 9 71
22540 9 8009
21823 9 6254
3336 9 9823
2375 9 11670
9529 9 264
3206 9 31462
12289 9 12362
4647 9 28011
29086 9 19464
25973 9 16459
12689 9 1115
12689 9 2933
4014 9 24527
29793 9 15375
11725 9 9273
31075 9 4014
12689 9 29062
2254 9 27844
7695 9 27187
12689 9 12689
5695 9 11106
1067 9 28063
8094 9 28011
19149 9 12121
12689 9 27844
22251 9 3402
28011 9 25084
22748 9 4801
31782 9 28011
1084 9 21370
31347 9 3231
16458 9 11762
866 9 1545
12362 9 12289
2600 9 18605
16093 9 28011
24829 9 31017
29608 9 31348
28011 9 7808
28005 9 6146
28777 9 29307
17940 9 18013
19722 9 28011
28011 9 29677
20170 9 10917
8514 9 2018
28011 9 28938
22398 9 12289
28926 9 9634
18988 9 7808
6297 9 9309
13131 9 906
14504 9 9634
1326 9 9149
14214 9 8364
6100 9 13894
14289 9 12689
2391 9 3959
16716 9 30685
6058 9 28011
12689 9 22103
28011 9 14106
32277 9 27512
9015 9 21826
28011 9 15887
14776 9 13894
11156 9 906
3302 9 28011
13236 9 4979
8740 9 13131
27110 9 21280
512 9 18737
24842 9 6118
11193 9 28011
27669 9 12362
13317 9 4401
32108 9 28011
26429 9 18201
4249 9 9531
29076 9 26162
28011 9 27477
18529 9 32592
24829 9 10904
18867 9 16101
28011 9 8414
12289 9 28011
12480 9 16634
30512 9 18567
1381 9 10197
12689 9 13102
25315 9 28011
19059 9 6848
30258 9 17333
4489 9 12689
7190 9 7489
13697 9 6503
28011 9 3902
2792 9 16378
12689 9 29821
33225 9 8277
23965 9 12689
5427 9 12115
28011 9 4249
8595 9 23490
14214 9 25238
29086 9 26445
11999 9 12689
19293 9 21907
2319 9 30797
28011 9 1112
25658 9 12289
13048 9 17207
9634 9 12289
28011 9 30493
22354 9 30149
16378 9 28011
31753 9 9754
12188 9 5742
16121 9 2792
30194 9 28011
31473 9 4532
8473 9 25772
24660 9 28926
30749 9 28011
31393 9 21462
20875 9 28011
23708 9 9402
9634 9 21273
28011 9 4573
12689 9 28540
5276 9 24829
1125 9 10846
12689 9 15764
12911 9 28011
13210 9 31994
12289 9 12689
12289 9 9634
19205 9 10230
6414 9 31209
12689 9 2938
9285 9 28011
13236 9 12689
18013 9 15811
28011 9 12689
8968 9 13359
28650 9 30749
11269 9 28011
7003 9 31665
16093 9 28011
28011 9 2792
12689 9 3527
23004 9 17183
9859 9 27927
28011 9 6066
3709 9 8151
15520 9 6908
28011 9 8405
230 9 23855
16378 9 12289
5829 9 17054
9020 9 2391
27226 9 32252
13755 9 12180
12689 9 9513
28011 9 9329
10038 9 12689
24874 9 18013
4014 9 21908
22435 9 23252
25315 9 31946
30425 9 28011
28011 9 4715
14214 9 25635
23599 9 28650
11213 9 1363
12362 9 27794
28011 9 8246
1112 9 28011
21667 9 28011
28011 9 3697
13037 9 12689
32575 9 32852
8968 9 12689
27519 9 29041
12363 9 7651
21847 9 3231
26036 9 28011
22322 9 17698
18269 9 6100
28011 9 14420
25156 9 26658
24860 9 9509
17846 9 22251
26758 9 4039
28061 9 21273
13184 9 6457
28651 9 18867
12362 9 28011
27187 9 27844
441 9 22551
20913 9 26524
28011 9 8372
24011 9 26791
29008 9 12689
12289 9 27669
9309 9 3858
18714 9 28011
11280 9 28011
14815 9 31061
4801 9 23159
24124 9 3914
19343 9 23058
3245 9 12689
12689 9 19343
29793 9 12362
28154 9 28011
28011 9 2875
23636 9 23202
28011 9 12689
906 9 1112
11193 9 26524
19722 9 14033
31825 9 4839
24584 9 28777
6032 9 4801
18269 9 13493
12689 9 21672
6100 9 21892
28011 9 7354
6926 9 21280
28011 9 13551
28011 9 12689
28011 9 9419
28011 9 6100
3697 9 27304
29700 9 353
33191 9 20947
12689 9 21908
4801 9 12689
1112 9 12689
6954 9 12289
24105 9 28011
30758 9 31704
21672 9 28890
98 9 8514
8158 9 23965
4615 9 31242
9634 9 27703
23612 9 12689
18988 9 28011
12689 9 175
4801 9 16684
28926 9 18326
30438 9 23299
21908 9 12945
24842 9 16880
15375 9 4172
12115 9 9419
14878 9 12289
12689 9 13551
26132 9 19033
6635 9 28011
6336 9 31856
28011 9 25833
4801 9 11193
6617 9 12689
12689 9 19211
2137 9 20565
14049 9 3231
16634 9 28243
24877 9 25772
1623 9 17944
5402 9 3697
12689 9 3697
25937 9 28011
8562 9 16968
13313 9 13236
48 9 13636
18013 9 9284
28482 9 12689
5618 9 25195
12689 9 21057
21335 9 12689
12689 9 6547
12689 9 1567
19898 9 8514
12689 9 31946
10198 9 6100
23575 9 12289
17884 9 10618
10755 9 28011
28011 9 12289
5463 9 7223
28011 9 1833
28011 9 26564
21226 9 10846
10183 9 19211
31064 9 30758
26124 9 28011
27805 9 10796
12689 9 13667
12689 9 31037
28540 9 13131
12289 9 28777
595 9 28011
22680 9 12689
28011 9 27834
9273 9 1112
28011 9 1721
264 9 11193
13662 9 25514
9419 9 12689
3402 9 24293
19804 9 3124
29301 9 3405
4014 9 2402
19216 9 15520
27334 9 15483
12689 9 32246
8968 9 14214
33044 9 6100
10907 9 13359
16476 9 12689
2375 9 23855
5420 9 3914
25156 9 18670
14878 9 2798
12289 9 9823
858 9 5157
28365 9 19127
3060 9 9529
12689 9 3245
12689 9 15107
21515 9 12289
28011 9 2375
28011 9 7822
19033 9 13534
33245 9 4801
32859 9 8375
12289 9 26377
6297 9 9309
28011 9 26036
31878 9 8514
14530 9 19063
21335 9 17835
1721 9 12689
18970 9 4743
23449 9 21826
2440 9 2507
22660 9 30049
28011 9 9468
9823 9 6100
7131 9 10596
14308 9 12689
23986 9 4161
21388 9 12961
22565 9 12689
12289 9 1326
29868 9 12689
27844 9 12689
33319 9 30350
5440 9 28011
24662 9 12689
15483 9 28011
12289 9 10227
28011 9 7458
28011 9 17698
10227 9 12689
16121 9 21908
11462 9 23066
10509 9 10509
3231 9 11762
22959 9 28011
10687 9 28011
1812 9 4801
12689 9 12689
30547 9 23855
28011 9 7131
32948 9 12689
28011 9 19072
227 9 3914
16363 9 12362
19825 9 12689
16699 9 12689
12689 9 20877
12362 9 12689
28011 9 28540
29086 9 19063
4917 9 21273
15012 9 3231
5427 9 12689
17748 9 28011
31209 9 9823
24829 9 27133
10380 9 10585
858 9 11499
906 9 2327
27226 9 9634
13493 9 28011
12940 9 21257
12689 9 12689
4014 9 7329
14214 9 21672
12289 9 19677
3858 9 9144
25197 9 15393
13236 9 17662
12689 9 13493
13125 9 12289
28011 9 3955
5276 9 25396
23268 9 12689
19204 9 20884
16287 9 8355
1112 9 29427
7910 9 28011
12289 9 6678
4599 9 27683
8523 9 12689
25514 9 9756
28782 9 12689
3231 9 27477
9419 9 16838
11016 9 21273
20884 9 28011
12289 9 9634
12289 9 4801
12689 9 12289
10959 9 4562
12121 9 13131
24878 9 12689
12689 9 28011
10509 9 1788
24907 9 12689
14878 9 12289
26036 9 12689
28011 9 10065
28011 9 17962
15520 9 4405
11044 9 24651
26317 9 23938
12689 9 16121
12689 9 26138
28777 9 16287
8514 9 906
25550 9 15984
28011 9 23986
29307 9 27386
22998 9 28540
18552 9 10220
6179 9 16121
31946 9 12689
12003 9 21280
1220 9 12689
24860 9 10931
12689 9 12362
22251 9 22037
21984 9 12689
15349 9 22475
25681 9 2972
71 9 16022
16378 9 16224
19732 9 28011
16357 9 14106
27015 9 28011
20019 9 17937
20942 9 858
28485 9 13739
3697 9 20947
21907 9 12362
29725 9 7110
10876 9 2375
24657 9 12289
32501 9 4801
31037 9 28011
27953 9 1523
31727 9 28600
28011 9 27660
27955 9 18013
28061 9 4488
23855 9 23449
13359 9 13314
11148 9 28011
1112 9 25222
28011 9 7131
12712 9 21280
430 9 18013
1084 9 12689
2538 9 23449
21065 9 17950
28154 9 23236
1220 9 17867
15844 9 24829
16224 9 28011
7183 9 28011
30215 9 28011
12689 9 10178
28011 9 17539
18929 9 29038
10121 9 12289
10509 9 14059
31934 9 30564
28011 9 8595
12390 9 20011
21273 9 2375
21273 9 16121
21863 9 18670
12289 9 6578
21192 9 12289
20894 9 12689
9623 9 9669
12689 9 18929
28011 9 28011
30258 9 12689
7147 9 28011
12689 9 28011
12938 9 13131
24891 9 26720
17698 9 19211
3308 9 29796
4249 9 3972
29257 9 16377
9756 9 2254
12689 9 858
10907 9 8920
9432 9 490
29968 9 28600
14308 9 12689
12689 9 13131
14952 9 2102
9634 9 28011
28011 9 10220
12362 9 28011
7003 9 7651
12689 9 28011
28011 9 20222
4743 9 4743
7314 9 9823
12689 9 28011
31979 9 9669
28011 9 8424
20513 9 24829
98 9 6954
31293 9 31209
23268 9 12689
12689 9 12689
18246 9 6958
27466 9 12689
12362 9 11426
28607 9 9634
8595 9 21273
4647 9 353
28011 9 2538
21574 9 12689
12689 9 420
12689 9 13551
27559 9 32943
23855 9 12689
1411 9 28011
22982 9 22749
12689 9 554
12689 9 6601
4801 9 28011
15917 9 21273
28011 9 3060
7417 9 28011
25315 9 32398
11213 9 12689
28011 9 12689
28011 9 26124
4039 9 23575
12689 9 6696
12289 9 20908
20019 9 9609
12689 9 18929
25105 9 28011
4795 9 28011
6617 9 28011
1755 9 12689
3955 9 29637
29402 9 8402
17748 9 17226
12689 9 27481
12689 9 4185
20052 9 18013
27821 9 28011
2648 9 20921
6336 9 28011
1498 9 12689
28011 9 6617
30564 9 21672
7245 9 3231
23612 9 13125
7637 9 31235
12689 9 5742
23914 9 26738
12289 9 7284
12188 9 26416
27028 9 12689
13641 9 29209
23687 9 21672
29998 9 28938
28011 9 2402
2446 9 12689
9457 9 1728
31075 9 20805
27015 9 486
12289 9 1944
4839 9 19211
18471 9 25084
27532 9 144
21021 9 7808
7068 9 12689
1451 9 587
24011 9 12689
23877 9 12689
12689 9 4014
5144 9 2468
22982 9 16121
28011 9 23851
4249 9 12689
18269 9 23041
27797 9 21370
12689 9 3354
30839 9 10687
8514 9 13739
21321 9 12289
15393 9 8281
23159 9 16888
24106 9 28011
16634 9 17611
2938 9 28011
15177 9 1339
175 9 28011
22183 9 28764
30669 9 26982
2375 9 7354
26982 9 21540
12689 9 13048
17140 9 17140
19732 9 24527
28011 9 16093
12689 9 6118
19504 9 28011
14214 9 3354
19211 9 28011
13493 9 12689
21192 9 16378
2708 9 12689
12689 9 28664
885 9 16702
18724 9 29041
25084 9 3124
28135 9 9636
24811 9 28011
8595 9 27844
29637 9 4917
29009 9 14214
15815 9 28011
16673 9 9634
17226 9 12689
6926 9 8414
28011 9 4931
7223 9 1567
12289 9 3489
14721 9 24877
6708 9 2446
17867 9 12689
5276 9 12704
1783 9 17748
3350 9 19211
4401 9 19063
6578 9 32669
27519 9 28011
24942 9 12689
12188 9 20207
7493 9 8904
28011 9 814
9634 9 26855
2648 9 23941
858 9 4014
22749 9 12689
3619 9 12289
7495 9 30386
6385 9 31715
28011 9 243
13189 9 18596
858 9 18740
28011 9 21621
4161 9 12689
23612 9 16287
19296 9 5135
20325 9 398
9515 9 1112
21121 9 21273
30797 9 12689
4654 9 12689
12689 9 12362
8101 9 10235
21672 9 13131
16121 9 29086
9907 9 28926
24860 9 22022
13529 9 5054
12689 9 3231
28011 9 24860
1112 9 8402
27844 9 4249
10509 9 1220
9419 9 28011
6288 9 28482
10959 9 19690
24829 9 12289
29209 9 4801
33319 9 7329
23877 9 24517
32049 9 13832
1721 9 12689
12689 9 28011
12289 9 28011
12689 9 16121
21908 9 12689
25007 9 16585
5327 9 21370
16202 9 9397
1084 9 28282
512 9 21321
6578 9 28011
23855 9 12362
27420 9 31431
29038 9 31061
27187 9 27015
7503 9 8277
22729 9 2375
28011 9 19204
28011 9 18988
13174 9 14691
12289 9 12689
19543 9 16101
12961 9 21370
13989 9 12689
27064 9 3231
9634 9 28011
4743 9 3858
25222 9 9634
98 9 7948
31113 9 9225
866 9 12689
9756 9 906
23780 9 6711
12689 9 12689
23575 9 15489
29608 9 17805
26429 9 27192
27798 9 26036
20513 9 12689
25615 9 3231
28993 9 25156
28011 9 16888
24427 9 32711
7223 9 29725
20822 9 9795
4839 9 24651
12689 9 21574
8797 9 12689
26110 9 25893
13131 9 25454
12289 9 2440
16968 9 10931
11709 9 28011
31017 9 12689
27016 9 19025
1115 9 10852
12689 9 23575
18013 9 12046
8740 9 10084
6186 9 16888
20513 9 18471
12689 9 21454
28890 9 12289
13714 9 32503
31448 9 29725
23058 9 26623
2792 9 9457
14214 9 30049
28011 9 5917
7306 9 27420
31599 9 9550
420 9 28011
30564 9 28011
3604 9 9509
28011 9 12689
23058 9 6472
27015 9 10589
28011 9 19063
28011 9 4694
33252 9 7535
12362 9 28011
17287 9 28011
28777 9 3619
28011 9 17937
12689 9 8514
4744 9 930
9669 9 13131
28777 9 13127
7003 9 12383
12188 9 3163
8595 9 28011
9669 9 1113
12689 9 12689
19296 9 12689
13313 9 29062
16888 9 26036
12689 9 31123
33251 9 3125
25893 9 5427
31075 9 31075
21777 9 17321
2902 9 28011
12689 9 4249
8936 9 11016
19204 9 12689
12689 9 30386
22565 9 13832
2972 9 13741
27892 9 29411
23564 9 30564
21429 9 2375
28011 9 12689
12689 9 866
28011 9 21877
3697 9 1963
12121 9 7329
14858 9 4905
20513 9 3060
31209 9 12362
14240 9 28926
5538 9 3336
3709 9 18006
12689 9 4411
28011 9 9905
21984 9 19732
28011 9 21574
9004 9 5182
14214 9 21847
29608 9 28011
20840 9 12689
9552 9 25681
15200 9 17189
28011 9 20298
906 9 19073
28011 9 22183
27794 9 28011
6617 9 27477
14106 9 16634
10062 9 4801
6100 9 12689
31347 9 28011
8920 9 4748
16309 9 26442
29086 9 6926
28011 9 12689
12289 9 7306
6746 9 26564
12362 9 13410
12689 9 19286
4049 9 16896
2185 9 4801
23855 9 21908
15151 9 28482
12689 9 23466
23041 9 12689
26340 9 26791
28011 9 10252
11596 9 31293
9509 9 12689
21672 9 4647
13048 9 7947
21772 9 10904
12689 9 25191
2938 9 12289
12923 9 1112
12289 9 13210
13228 9 4249
28011 9 18353
930 9 27791
2777 9 12689
26688 9 9634
12390 9 27110
2238 9 28011
3697 9 18016
22435 9 28011
29646 9 32575
7284 9 12289
6431 9 18552
8414 9 31946
9552 9 398
9309 9 28011
385 9 32005
4801 9 20565
28011 9 18670
24527 9 28011
18317 9 28011
398 9 4139
9509 9 19387
12689 9 4340
25386 9 32570
12689 9 4647
13832 9 12689
12689 9 19732
19211 9 7808
10875 9 3955
18075 9 18714
28777 9 32250
14273 9 30819
12689 9 12121
12383 9 30360
20212 9 28011
19343 9 8740
29659 9 1251
27477 9 12689
27953 9 22729
32951 9 12689
28011 9 8657
2708 9 227
16968 9 21574
7009 9 6578
12689 9 13551
2375 9 9419
11819 9 12289
28141 9 12689
28011 9 22648
28011 9 6297
24829 9 7910
21908 9 7800
12289 9 28011
3572 9 11213
1714 9 16600
2018 9 29188
25559 9 4959
12689 9 10135
10907 9 17797
28011 9 12689
8466 9 5961
28011 9 8277
11819 9 9427
12362 9 12689
12689 9 12383
27794 9 10178
28063 9 30434
1220 9 31934
10918 9 9823
17729 9 12362
18641 9 2254
9104 9 33313
2455 9 28011
6701 9 28011
4014 9 7646
21280 9 1799
20521 9 28011
10135 9 28540
28011 9 3972
12362 9 6578
21257 9 7910
3914 9 33251
2375 9 25323
30244 9 3914
28011 9 22292
33050 9 21273
28011 9 17867
4433 9 906
26981 9 11160
23729 9 4801
16600 9 12689
30669 9 6578
1251 9 20513
27477 9 13741
7808 9 4562
12689 9 24437
21273 9 29092
6179 9 10509
24284 9 12689
13755 9 16718
7651 9 28011
29927 9 23252
19059 9 8740
12362 9 8968
9634 9 23159
22729 9 20942
27015 9 15579
1115 9 29140
7223 9 12689
30318 9 28011
24527 9 23696
12689 9 5465
2055 9 2327
12289 9 4959
19851 9 19851
28011 9 7187
17418 9 32049
12689 9 8595
29086 9 13894
26036 9 13735
28011 9 26124
12689 9 16309
21321 9 12689
5427 9 22183
22183 9 28011
28011 9 9557
18013 9 18737
30258 9 12188
13493 9 28011
12689 9 27805
12289 9 28011
12689 9 23041
12689 9 1482
13189 9 16492
14214 9 3354
21255 9 19211
27022 9 14832
17729 9 12689
12794 9 28011
27454 9 28011
28011 9 5127
5440 9 4801
17706 9 14240
13832 9 11807
22565 9 19387
3534 9 10916
9634 9 28011
6336 9 7808
12761 9 20513
28531 9 5485
13551 9 27794
6398 9 33046
33265 9 12689
18552 9 8523
12689 9 28011
12689 9 2446
29927 9 28011
28018 9 33046
27798 9 28011
4801 9 21564
28061 9 16287
9609 9 29725
7137 9 9004
9634 9 12649
28011 9 30387
16309 9 13755
28777 9 31075
14132 9 12689
23901 9 28011
12689 9 33319
28011 9 17867
11019 9 19297
12495 9 28011
3914 9 4532
23759 9 13697
9432 9 29561
18374 9 16821
1220 9 21331
11234 9 18351
23319 9 28011
12799 9 12689
17867 9 7755
6927 9 23776
28011 9 7618
12689 9 27566
19211 9 31979
19517 9 3448
23391 9 28011
10846 9 12289
18567 9 12383
13493 9 32414
12689 9 13832
5293 9 28011
29311 9 32939
1112 9 6617
6578 9 28011
16684 9 12689
27028 9 32852
4589 9 22296
30758 9 12689
28777 9 2798
12121 9 32277
12689 9 28286
4801 9 32592
32592 9 27015
28287 9 12689
33065 9 28011
1112 9 16255
4408 9 6786
15291 9 6303
4694 9 3902
27420 9 9634
28011 9 9509
12289 9 28011
9634 9 19211
28011 9 12016
19059 9 26008
23599 9 9468
8740 9 15085
595 9 3069
28011 9 9468
9634 9 30258
23986 9 12689
16093 9 28011
12689 9 12689
12680 9 12689
6503 9 24891
15887 9 32892
26982 9 26036
30640 9 28011
32099 9 12689
13725 9 12689
14530 9 5276
21908 9 1151
12689 9 28011
25550 9 21864
23832 9 7772
28011 9 7695
28011 9 10523
8904 9 15579
28011 9 3979
17226 9 28011
10121 9 6858
264 9 7651
29559 9 7711
33191 9 33311
12689 9 5182
2446 9 12689
28011 9 21900
12689 9 15273
21021 9 21984
28385 9 2254
16684 9 4185
17867 9 28011
10796 9 20325
12289 9 12689
31109 9 28011
12689 9 27879
12689 9 32592
12689 9 28011
21321 9 2869
16121 9 29086
2500 9 15200
12689 9 26982
23490 9 12689
22183 9 2875
18077 9 19211
12383 9 12689
5742 9 24829
28011 9 12289
31942 9 30269
27652 9 16309
28946 9 29221
16202 9 7122
16121 9 12689
9309 9 398
12689 9 25973
6711 9 27794
22551 9 26207
25454 9 12689
13359 9 11634
12362 9 28011
28011 9 29086
12289 9 10846
14729 9 12289
18013 9 18929
14059 9 30830
12689 9 5397
28482 9 28011
5742 9 227
22997 9 4743
12689 9 9285
19204 9 7354
28011 9 17946
21826 9 10971
3245 9 6398
10846 9 28011
16985 9 32660
9573 9 19130
25222 9 33313
21672 9 5440
2375 9 22488
1326 9 21629
12362 9 8041
28011 9 33237
28764 9 29953
12689 9 28011
22183 9 12188
16309 9 29062
6858 9 11378
18740 9 27821
26982 9 6927
9225 9 4168
7436 9 21540
30434 9 1728
2750 9 12689
9634 9 30788
12689 9 20019
28011 9 12289
6032 9 26982
9432 9 21948
19276 9 27697
28011 9 14068
28011 9 28412
13993 9 4615
8514 9 28651
12689 9 6288
19204 9 28011
12689 9 29301
3231 9 9669
9550 9 23609
19204 9 3455
9634 9 19211
3697 9 29826
18714 9 29998
18714 9 14059
25554 9 5427
12362 9 3245
27794 9 12689
14530 9 28011
18557 9 28664
29038 9 5742
5247 9 21984
5440 9 27660
28011 9 12689
12689 9 33319
2955 9 9634
8466 9 2446
26429 9 28011
32592 9 19297
6273 9 6954
18867 9 227
12689 9 28428
12362 9 4014
12115 9 12689
18296 9 3914
20884 9 27892
28744 9 28259
29038 9 2933
2732 9 12689
12689 9 7695
12689 9 12689
25656 9 28011
8041 9 12289
21192 9 2972
8759 9 13410
17698 9 16121
28011 9 9509
9954 9 24419
5459 9 264
25315 9 8759
23449 9 17858
21370 9 9509
12362 9 26001
28011 9 12289
28011 9 906
3354 9 12362
28011 9 14214
28011 9 12689
33161 9 28011
21273 9 9273
5918 9 10198
6927 9 5491
19050 9 16588
9634 9 8466
18471 9 25315
6908 9 6980
12794 9 30726
28890 9 7711
23766 9 1173
18760 9 21564
28011 9 22722
7519 9 15579
15280 9 30508
12689 9 4905
28011 9 12689
18331 9 12689
16492 9 6118
8523 9 4097
12689 9 9225
26036 9 20575
165 9 12289
24273 9 12689
8466 9 2254
7110 9 12689
28651 9 13189
18760 9 7503
28011 9 8920
12689 9 12689
27024 9 2909
28011 9 17433
13210 9 24942
28011 9 12289
31075 9 25582
21332 9 12689
32951 9 12689
2375 9 1623
12689 9 1590
25893 9 30942
15242 9 25821
12689 9 8409
26982 9 30337
12689 9 28011
17698 9 23776
12689 9 15690
12289 9 13894
12016 9 12689
1518 9 4874
21981 9 32942
18471 9 28540
4801 9 9634
3245 9 1451
12689 9 27821
26442 9 12689
1112 9 32660
4905 9 13551
28011 9 30301
17992 9 8693
17226 9 6100
28011 9 12689
14068 9 12689
19276 9 31946
33251 9 28011
27226 9 16968
27852 9 13832
1002 9 12362
30722 9 11213
28011 9 7223
6721 9 6578
28116 9 18089
23116 9 11778
12689 9 13989
30258 9 18279
8466 9 20884
1264 9 9634
16130 9 14106
31922 9 23102
12689 9 8374
12689 9 2446
16435 9 28517
3697 9 28011
25315 9 12362
21370 9 28011
31348 9 7329
12188 9 29092
6858 9 20641
9455 9 21021
20921 9 28011
13832 9 28011
12689 9 9509
2449 9 12940
28011 9 8514
3858 9 14837
19211 9 25156
4562 9 10959
25772 9 29700
19690 9 21273
11426 9 24517
22641 9 10475
12689 9 23266
14033 9 3163
28011 9 1084
17226 9 18737
12689 9 29608
26377 9 12362
8240 9 28011
10931 9 20800
12689 9 26564
227 9 3709
7223 9 12689
29413 9 9634
31017 9 12689
9020 9 8659
7910 9 29307
3388 9 7948
8595 9 23490
21454 9 28011
23148 9 23466
28011 9 31061
12689 9 12689
12055 9 12689
6578 9 12689
28011 9 12689
24829 9 6950
11168 9 12689
28011 9 27022
12289 9 11807
24529 9 28011
7421 9 12689
13832 9 12328
6250 9 28011
3955 9 18141
25315 9 28011
3506 9 17698
9634 9 21273
18723 9 25323
33046 9 31037
26985 9 28011
23877 9 27362
18193 9 28011
31096 9 6728
12689 9 12289
30281 9 19343
9834 9 13583
25195 9 8009
18760 9 9766
6032 9 30452
16492 9 4900
28011 9 3801
27794 9 5742
21908 9 14776
31113 9 12689
25315 9 31942
5496 9 12521
9634 9 12794
12689 9 28011
28011 9 26877
12689 9 30425
12794 9 12689
6288 9 6100
32669 9 30917
894 9 3361
15012 9 28011
12837 9 11132
12689 9 24829
3245 9 12689
12390 9 12289
12362 9 12689
28011 9 7563
23466 9 23877
28011 9 16968
98 9 16194
6711 9 14530
28011 9 31347
12689 9 25514
28011 9 21299
12689 9 28011
18269 9 31061
18013 9 12689
28011 9 11426
2033 9 12689
28011 9 30749
28011 9 28011
8466 9 16093
22729 9 12689
11064 9 31422
27024 9 21021
9823 9 28011
16121 9 12689
12689 9 28011
33191 9 21335
5606 9 6270
27794 9 12689
3231 9 3709
26982 9 12689
20822 9 12289
26198 9 858
4014 9 3231
5427 9 31427
28011 9 12689
1500 9 28011
12689 9 31209
20877 9 23575
420 9 12289
27821 9 12689
31785 9 18532
4801 9 7296
12689 9 25315
858 9 20942
16928 9 12689
28011 9 18141
13874 9 25796
24009 9 23612
22488 9 1733
16458 9 17515
6578 9 14214
1769 9 15264
21908 9 12689
9154 9 30386
24942 9 12289
11147 9 7752
2375 9 21273
12689 9 14723
13236 9 12689
4801 9 32049
6414 9 27200
12689 9 13313
18936 9 16309
29968 9 12689
28011 9 18013
8262 9 21370
29839 9 9973
12689 9 27519
858 9 12689
28651 9 8595
5423 9 12689
16121 9 12689
8466 9 28011
25222 9 12689
18322 9 3885
30855 9 18936
18740 9 12689
7314 9 8904
17992 9 20122
16699 9 13989
12689 9 7910
3697 9 16159
16121 9 12289
17816 9 12016
22640 9 21429
31016 9 1162
24626 9 11195
18013 9 2440
27697 9 29041
12689 9 31123
25400 9 27015
1201 9 25852
17930 9 4443
12689 9 9015
6100 9 2569
28011 9 7695
12274 9 1830
28011 9 19343
1204 9 25222
9740 9 12689
21574 9 1410
22679 9 28011
28011 9 28011
2938 9 12689
5639 9 28063
8414 9 31946
21273 9 21832
9636 9 16097
6919 9 12689
20325 9 1636
12689 9 12362
28011 9 11019
21280 9 28011
4437 9 28011
29700 9 18714
29038 9 27028
28586 9 7808
8874 9 3231
28011 9 19211
24829 9 4801
5618 9 12689
12188 9 4208
9438 9 8523
5829 9 2375
23766 9 12689
12689 9 21291
31038 9 9225
20019 9 12689
28181 9 14214
1714 9 28011
5606 9 17867
22679 9 4014
906 9 7651
22996 9 12000
3354 9 26036
24909 9 2500
28011 9 28011
12689 9 4801
8264 9 12689
12689 9 17957
3955 9 3950
4489 9 28011
12689 9 12689
3124 9 26445
20052 9 9634
9634 9 29953
27015 9 16888
22296 9 1115
5845 9 875
16585 9 4748
15273 9 353
3972 9 9634
6414 9 28011
12689 9 28011
12689 9 4743
7901 9 32721
3972 9 12289
9431 9 21119
28011 9 25902
16309 9 24902
27821 9 28011
4905 9 2254
4249 9 9552
28011 9 6919
2528 9 7618
4532 9 3336
25222 9 4655
7780 9 12689
29487 9 28011
3697 9 28011
1113 9 7808
12689 9 32852
28011 9 6908
29009 9 13048
24829 9 4801
24023 9 12362
6818 9 28011
12689 9 8206
12689 9 25715
21454 9 19211
10038 9 5465
4801 9 1728
12362 9 8264
12965 9 28011
28011 9 18867
28011 9 3245
7563 9 9550
9634 9 23223
27024 9 6746
2446 9 24811
33311 9 20549
23729 9 11556
23370 9 12689
23266 9 28011
33246 9 28011
28011 9 9509
2708 9 8041
23200 9 8740
12289 9 28627
24517 9 30758
31946 9 6578
944 9 12289
16309 9 3534
28011 9 12689
3336 9 9740
28243 9 24529
27821 9 29559
13314 9 13048
9015 9 19722
12689 9 16121
20805 9 25715
12289 9 10523
2336 9 11725
21321 9 30049
12362 9 6617
21280 9 2708
7711 9 12689
12689 9 3231
23449 9 12689
17054 9 8402
19956 9 12362
28011 9 12289
25105 9 3393
13755 9 17927
27805 9 11762
19673 9 2375
4014 9 32278
12689 9 29260
20927 9 12689
12689 9 27477
9954 9 28011
7155 9 4905
30625 9 18567
28011 9 4817
12689 9 10220
4322 9 30797
11213 9 32570
2185 9 12689
14110 9 7780
7354 9 1115
3709 9 19211
28011 9 17937
28777 9 12188
21257 9 4249
8428 9 28011
28011 9 3662
7639 9 1173
13466 9 12689
20325 9 18867
14184 9 13832
21629 9 19565
3555 9 1310
12362 9 7808
18936 9 26666
875 9 31123
16378 9 27454
12689 9 12289
4249 9 23986
28011 9 28011
12689 9 25315
12188 9 5742
23202 9 17934
12689 9 10199
22886 9 20884
25524 9 22982
3280 9 25315
4801 9 12689
3336 9 23575
11955 9 12689
13551 9 1189
21907 9 12689
7329 9 12689
17718 9 29041
12689 9 32049
23243 9 2375
18737 9 28011
3448 9 16699
12689 9 5742
9823 9 12689
13359 9 28011
8466 9 16224
5397 9 10907
28011 9 11213
8514 9 7306
12689 9 18714
21908 9 28011
26982 9 25711
20698 9 3354
4801 9 9634
11426 9 29725
28777 9 6100
10220 9 28076
21273 9 6100
27892 9 32592
13131 9 12689
13801 9 20965
16378 9 12289
25770 9 16698
22183 9 25937
284 9 28011
28011 9 23575
6774 9 26983
21931 9 28011
12689 9 28011
28011 9 23609
6434 9 13048
1112 9 9208
15626 9 1173
27024 9 19690
9427 9 18115
24907 9 16121
25222 9 28011
28011 9 27167
13228 9 32252
28011 9 3619
6196 9 2016
12180 9 3955
28011 9 12689
27110 9 12689
12689 9 23490
13794 9 385
27435 9 1173
12362 9 16684
32728 9 33191
12794 9 7861
12689 9 16684
28011 9 12689
4801 9 31994
1815 9 5538
20682 9 4014
29616 9 26564
4249 9 16121
1113 9 28011
28011 9 9859
27350 9 20927
18714 9 18471
3589 9 27794
4249 9 12689
12149 9 12689
11728 9 3157
27015 9 28777
7316 9 3972
20427 9 12606
19050 9 32587
13236 9 31822
19072 9 9634
30 9 12689
28011 9 8658
12689 9 2375
6100 9 9823
24323 9 9019
16093 9 9550
12689 9 19399
21454 9 28011
4801 9 12689
24600 9 10509
13131 9 10785
7003 9 12689
18471 9 28011
4647 9 30779
10178 9 26713
18857 9 22982
17982 9 3697
12689 9 17698
29038 9 18929
28011 9 13248
13548 9 20908
9634 9 19211
31393 9 875
12689 9 2375
5554 9 906
30797 9 10601
17672 9 1115
30797 9 14214
28926 9 4917
12689 9 13359
8016 9 10252
1112 9 22109
10977 9 28011
14106 9 21827
22460 9 4801
25156 9 8740
28011 9 29608
17418 9 175
31946 9 12689
17846 9 25575
12289 9 1944
28011 9 14715
8009 9 32528
31129 9 14214
9634 9 32049
26036 9 12689
16985 9 914
15393 9 12689
25937 9 20732
14620 9 10687
31129 9 30758
23159 9 30758
98 9 12689
18567 9 14869
9669 9 17539
2110 9 31293
21776 9 11712
23085 9 12362
18457 9 28011
12689 9 4801
28011 9 12069
15403 9 32090
12289 9 12188
18325 9 29953
16684 9 7131
12362 9 27492
2446 9 12362
27794 9 12689
12689 9 22565
12689 9 1497
30024 9 25711
8659 9 24293
3854 9 15690
12903 9 18269
15579 9 12362
22488 9 6774
4961 9 28011
27226 9 6925
2254 9 12689
26713 9 13534
25524 9 11128
24475 9 4249
8514 9 19063
12289 9 12689
10638 9 11643
6100 9 6100
4633 9 4801
28011 9 21603
21792 9 32892
13739 9 12362
6032 9 28011
7808 9 13832
11188 9 22729
28011 9 21407
10198 9 14184
2659 9 33311
28011 9 19690
6902 9 27660
23878 9 28764
9419 9 12689
12390 9 12794
31061 9 16465
31946 9 28011
7808 9 9509
31017 9 9634
165 9 22933
12362 9 12689
12689 9 23852
24485 9 6958
27168 9 31793
5742 9 19384
12689 9 24192
12837 9 30797
18344 9 7808
23729 9 9015
227 9 1410
3245 9 30785
9669 9 31942
10917 9 14214
18714 9 15984
24273 9 9756
32660 9 8523
28482 9 31285
20894 9 20895
8101 9 28782
30561 9 28011
21280 9 28011
28011 9 32528
25156 9 28011
25315 9 29651
27341 9 12362
11807 9 23633
28011 9 18670
29659 9 18737
7022 9 20770
9329 9 28060
11530 9 28011
15489 9 25902
27697 9 28011
28011 9 30276
20268 9 12689
13499 9 16202
12689 9 27821
28011 9 7808
3801 9 28011
12689 9 21908
22982 9 16684
13314 9 9315
13551 9 27110
7535 9 28664
12689 9 26036
18013 9 31806
12289 9 12689
33232 9 18567
3354 9 12689
19204 9 32859
30260 9 28011
21826 9 12383
28011 9 6578
14703 9 28011
24517 9 26704
12289 9 20867
4039 9 27794
24427 9 29440
12362 9 12689
28011 9 13989
9823 9 12689
27660 9 31946
13471 9 28011
28011 9 18996
28011 9 21454
7009 9 19216
28011 9 17834
12689 9 7123
5423 9 25772
28011 9 6100
28011 9 28011
19956 9 25105
12689 9 12689
4801 9 12362
20155 9 28011
14024 9 14214
21321 9 21908
6303 9 32943
12689 9 12689
12362 9 2446
13697 9 3004
12689 9 8016
18013 9 12689
24891 9 21907
4014 9 6578
4654 9 27028
26699 9 12689
12689 9 13102
29796 9 1728
12689 9 10846
12689 9 12395
11462 9 28011
2636 9 22257
9468 9 26124
28011 9 12362
28011 9 12289
4698 9 1115
26600 9 28011
8402 9 28011
12689 9 8920
7910 9 18471
28011 9 21672
15794 9 12689
18269 9 11730
16224 9 22982
12689 9 175
4039 9 13359
9149 9 4217
2708 9 26564
12689 9 28011
4839 9 27028
28011 9 9419
16492 9 2375
31285 9 28011
28011 9 29076
12689 9 12689
29086 9 5742
21863 9 23266
5618 9 22183
26981 9 9285
11130 9 19387
6112 9 4801
14024 9 12362
28011 9 6578
29868 9 15996
15450 9 3231
19413 9 8904
19690 9 21847
4405 9 21347
28011 9 12689
32108 9 32108
14878 9 23252
30797 9 17940
16121 9 29700
27821 9 16161
25772 9 12689
21273 9 12689
3206 9 12689
16968 9 9557
4801 9 2375
8253 9 3619
23466 9 3937
28011 9 25337
12689 9 28011
23466 9 23466
28011 9 728
13832 9 12826
126 9 1411
26480 9 21556
13551 9 71
28930 9 32861
14879 9 28011
19387 9 5939
28011 9 11213
5967 9 31912
21321 9 21454
3972 9 28600
15375 9 17102
27187 9 7110
17539 9 25493
28063 9 32905
21908 9 12362
6467 9 12689
12689 9 6100
5538 9 12689
28011 9 23986
4470 9 10478
28011 9 8514
5637 9 28011
28011 9 32570
12689 9 23451
287 9 30887
16907 9 28011
4647 9 7009
12689 9 23466
7351 9 12689
2336 9 12289
30258 9 13578
12689 9 5645
12689 9 11725
24696 9 21556
28011 9 18322
19446 9 1728
14032 9 12274
28011 9 27660
12689 9 21907
12689 9 19722
32943 9 25197
23449 9 8936
13037 9 13236
28011 9 30183
9634 9 7367
28011 9 12689
18567 9 16563
4743 9 28011
22565 9 12689
9823 9 23878
18269 9 28011
18737 9 31017
8402 9 21331
21273 9 14032
23490 9 28011
6954 9 30758
31785 9 9230
30173 9 4615
28664 9 29637
28011 9 30625
21065 9 31946
98 9 19722
7329 9 23575
14878 9 28777
4650 9 4650
10235 9 32090
32103 9 4039
12689 9 9457
276 9 14392
4647 9 6954
32951 9 28777
18406 9 3354
26429 9 23617
16097 9 22488
15996 9 29868
12689 9 2111
9329 9 17539
18013 9 9419
19063 9 29700
11230 9 28011
17698 9 21273
12988 9 28011
27794 9 8514
6100 9 24529
29586 9 7223
31946 9 4185
4489 9 28011
20958 9 126
12689 9 25229
23411 9 24829
20898 9 21452
2254 9 12689
12689 9 446
12689 9 27892
31393 9 14691
28011 9 5906
4433 9 12689
31515 9 28614
22103 9 27844
18269 9 3354
24547 9 24547
13874 9 31045
28011 9 28011
27094 9 7785
10173 9 26124
13832 9 3972
12689 9 13184
17308 9 9954
19583 9 19583
24517 9 12289
18760 9 12289
6728 9 11853
11044 9 4185
9669 9 12689
4801 9 16363
21280 9 7155
24009 9 30758
29968 9 18013
32049 9 19072
13131 9 12362
6112 9 14530
22251 9 31599
28011 9 12689
7519 9 9149
4801 9 12689
10235 9 4905
30726 9 4801
21826 9 3354
25514 9 28011
28011 9 27478
25493 9 12689
3231 9 1635
11514 9 8895
27660 9 6578
26442 9 12689
28011 9 16795
3231 9 12689
12689 9 17698
12689 9 12362
3333 9 15349
14552 9 32277
12689 9 5463
28011 9 15521
12689 9 2933
13048 9 24105
28011 9 25793
1220 9 30797
11799 9 11762
18331 9 13832
33191 9 32501
15489 9 6100
27821 9 12689
29086 9 21908
22022 9 2033
4249 9 12712
32693 9 15180
4293 9 27015
23266 9 17698
2041 9 25715
31070 9 12689
32250 9 12689
26855 9 21218
12689 9 15105
21705 9 23660
20170 9 12289
24613 9 12689
31368 9 28011
16684 9 9509
1944 9 32951
15815 9 12689
9760 9 14214
12689 9 26445
14837 9 10706
28764 9 7695
23855 9 4633
12689 9 18013
31347 9 18737
18322 9 14273
13314 9 13048
14214 9 7940
28011 9 32528
18013 9 18013
9669 9 21273
12289 9 2402
12689 9 866
27028 9 12689
2792 9 12289
25833 9 2375
17846 9 15400
9531 9 26124
16070 9 12689
98 9 1567
18181 9 16114
16121 9 31422
28011 9 7695
4633 9 24829
28011 9 12289
10183 9 12689
30758 9 10198
27024 9 28011
32592 9 4801
8424 9 16985
26124 9 30785
7637 9 14996
12689 9 3231
9529 9 2254
1567 9 28011
7808 9 20011
28011 9 21280
2111 9 28011
21381 9 4801
21908 9 5845
20859 9 28011
27660 9 13133
3402 9 28011
15139 9 536
20913 9 12289
25973 9 12689
8424 9 8281
12689 9 33319
16684 9 2402
12689 9 18322
10227 9 12362
28011 9 28011
5564 9 15489
16968 9 31929
15701 9 27519
28011 9 12362
4372 9 13739
28136 9 18740
1201 9 19343
1623 9 28011
21892 9 10710
23004 9 26429
30739 9 13317
28011 9 13236
23575 9 12689
22183 9 28011
4743 9 28249
18471 9 14227
12689 9 4521
12362 9 12689
12940 9 2384
28011 9 10931
31161 9 8853
12689 9 18013
15701 9 4161
23449 9 12689
12289 9 21057
4743 9 28011
1326 9 12689
12837 9 12188
3402 9 31934
2336 9 21218
1107 9 12289
12689 9 28011
12689 9 12689
12689 9 10198
9419 9 24696
4249 9 1220
16888 9 12689
30935 9 19951
17797 9 26818
28011 9 7131
6701 9 28650
22982 9 25964
25105 9 8904
12362 9 28011
430 9 28011
3405 9 4532
12689 9 19211
28011 9 20570
1112 9 98
28011 9 17463
12689 9 29637
27477 9 4801
12689 9 29280
9419 9 28011
27015 9 11029
19130 9 24268
12689 9 12289
12362 9 12121
28011 9 25315
4594 9 3448
22251 9 25953
28011 9 30726
12289 9 28011
8920 9 2569
31942 9 22282
12289 9 5606
3697 9 12543
7234 9 20884
28011 9 26249
12689 9 21388
9225 9 4437
12689 9 16121
12689 9 20325
28011 9 12689
28011 9 18641
8466 9 28011
12362 9 16929
16697 9 21181
20513 9 9634
4743 9 29117
18605 9 12689
4801 9 20826
12689 9 13551
12689 9 17816
16684 9 12689
9004 9 20535
31910 9 31393
9419 9 5906
28011 9 10779
22460 9 9309
20513 9 27634
15996 9 21462
4743 9 3245
12689 9 19722
20207 9 18326
12289 9 13236
5995 9 12689
12689 9 23266
12689 9 20630
28011 9 29086
5845 9 6376
6943 9 13131
22025 9 28011
17139 9 12689
24262 9 13048
16888 9 12689
6501 9 28011
26635 9 3912
21907 9 28589
8740 9 29062
21291 9 17748
6908 9 3231
12689 9 32488
12689 9 3914
21196 9 23575
28688 9 16121
17729 9 27844
22757 9 28011
8466 9 31922
18425 9 14808
29953 9 24093
27892 9 21907
3046 9 32250
12689 9 10038
18567 9 1112
19986 9 30171
10509 9 28011
31908 9 12689
4845 9 12689
10038 9 6711
17748 9 4917
3858 9 8277
4433 9 28011
29411 9 6303
1497 9 3245
27953 9 28011
18737 9 7910
21462 9 12087
28011 9 5072
12362 9 12140
486 9 2946
28011 9 12362
1567 9 20019
4959 9 11156
25615 9 31061
1112 9 12689
16160 9 13755
17816 9 12689
28011 9 30049
28011 9 9509
19804 9 22251
18471 9 13989
6100 9 6100
2191 9 28011
29616 9 10646
13131 9 12689
15107 9 14214
24829 9 3955
28011 9 24829
12689 9 23986
2336 9 6185
12689 9 12289
16718 9 30860
12689 9 18670
17729 9 28011
8414 9 12473
22852 9 27466
1060 9 18698
12689 9 2375
21273 9 19050
13189 9 20894
31123 9 28812
14273 9 28011
4249 9 12689
12689 9 9509
12689 9 14479
2375 9 27420
554 9 18670
28011 9 29038
3448 9 5459
3506 9 10475
7576 9 8936
12689 9 982
26483 9 31704
8514 9 29547
12689 9 98
28011 9 18737
29328 9 25893
875 9 28011
31462 9 3206
10084 9 22182
13739 9 27064
9104 9 9104
27024 9 29038
3374 9 3448
7326 9 14214
27024 9 12689
12689 9 2375
28011 9 16255
12689 9 27024
4488 9 20513
144 9 19050
12689 9 7808
19157 9 4249
4340 9 6100
14068 9 12689
12289 9 9834
21273 9 9634
33311 9 13236
4014 9 3245
12689 9 17519
9634 9 28011
7131 9 9189
28011 9 22565
28011 9 2375
32592 9 5825
2375 9 17698
14479 9 29528
28011 9 12689
29964 9 15650
31785 9 26001
14106 9 3231
10971 9 14718
12689 9 27355
11106 9 12689
10779 9 3914
14878 9 14214
13314 9 13048
31017 9 28011
18929 9 9859
12689 9 10916
28011 9 10589
22251 9 28011
28011 9 27187
28011 9 27660
28011 9 3245
2708 9 9823
27821 9 28011
12689 9 5538
17698 9 8061
28011 9 2798
14634 9 30337
17183 9 4647
25222 9 7563
12289 9 11193
11967 9 30411
20942 9 4193
15816 9 30434
12689 9 23449
14530 9 19063
3245 9 25964
21756 9 2111
15984 9 21976
12689 9 26138
12289 9 12289
25575 9 7651
1326 9 29411
23863 9 12689
24630 9 21321
6926 9 9634
30269 9 7794
4039 9 28011
10710 9 25315
9634 9 28011
13359 9 23252
18737 9 4900
4748 9 5606
32840 9 18740
13832 9 2375
1944 9 11746
4208 9 9557
28011 9 4545
4406 9 1112
28011 9 2649
11712 9 24629
12689 9 12689
30915 9 21021
25156 9 19583
25575 9 29140
12689 9 23449
4801 9 8414
11213 9 26138
21515 9 5560
13471 9 12362
18740 9 858
3914 9 31347
12689 9 3955
9552 9 12689
21273 9 4489
8402 9 28011
3972 9 33225
5639 9 12689
31129 9 17063
27697 9 7493
32553 9 28011
4249 9 27892
25803 9 4801
3245 9 29968
11269 9 9515
28011 9 30049
12289 9 28011
18317 9 7223
12383 9 12273
30269 9 19157
21672 9 8670
19384 9 2538
12689 9 28036
28011 9 30194
29385 9 30387
28011 9 28011
5825 9 32894
28011 9 2041
8659 9 30269
29009 9 12689
28011 9 2375
7878 9 12016
28011 9 20917
14741 9 4212
6969 9 17748
28777 9 21908
2933 9 18013
20513 9 12289
14530 9 26982
29140 9 28011
21273 9 19157
12689 9 31172
9667 9 20908
28011 9 32859
16737 9 12362
16492 9 12689
29868 9 15996
21273 9 12689
29616 9 14214
18567 9 21908
13739 9 29725
31038 9 8968
23449 9 8936
28777 9 11712
13131 9 12689
2375 9 19732
12689 9 4801
13048 9 13460
25315 9 8466
10920 9 17567
19343 9 26524
28650 9 5084
15393 9 26429
906 9 12689
2327 9 29086
25635 9 14854
14479 9 12689
