25829 0 12758
24839 0 19107
24035 5 18914
14581 11 21792
24866 11 25729
295 7 13594
2886 2 3317
7184 4 22421
12973 0 12994
27871 11 17920
7459 0 30528
29061 6 18756
16895 0 8503
28175 11 33259
5206 11 24281
7838 7 15151
31262 0 3335
2593 0 15830
21057 0 15049
25837 2 17329
10893 6 10893
24867 11 32323
23365 11 7693
15568 8 19649
1578 11 23909
14255 8 22343
8465 0 28997
24596 11 8313
15636 11 24673
19953 8 24166
22774 11 30044
18223 6 24981
30537 10 30937
7124 0 31342
13666 8 14985
2635 11 22383
12210 7 4173
5100 10 20226
21624 11 26202
31150 10 24152
21317 6 20123
21309 0 23591
3096 11 26427
14295 7 16458
9244 11 24617
20291 8 23495
2421 3 24506
4547 11 16044
14662 0 9641
31922 0 21347
22724 0 17229
15734 5 1918
10529 5 15661
1644 5 18290
20574 11 23877
21908 0 23094
15701 0 10884
2896 0 9820
6186 0 7203
19059 0 30049
23997 11 31394
3914 0 6005
15764 0 20274
10287 2 11983
30947 1 6090
25203 0 16001
18580 0 22234
21985 0 13799
8705 6 24199
28865 5 24978
10165 11 22568
27764 1 33247
2126 10 18304
8780 5 12300
5645 0 31499
4032 11 9994
19479 11 22724
17712 8 3433
33065 6 33065
19339 11 22546
28307 8 28416
18146 11 21931
7045 8 12922
2162 8 12220
16989 0 14399
24052 10 29106
23205 7 23864
4666 8 2808
32235 4 3216
12888 7 29480
17253 0 13175
32440 0 8930
33323 0 10060
13049 0 29656
22245 11 18898
9603 10 5166
25022 4 14929
32587 11 25729
20276 0 20213
23488 0 18606
26779 3 13603
27015 0 86
15349 0 14109
32523 8 2067
3828 8 1426
25431 11 2709
32384 0 29924
17588 7 18605
20898 11 29209
10950 5 6892
23865 0 1194
877 5 2788
26581 0 14043
20885 11 23934
30094 7 14059
18926 0 19106
6056 10 125
22031 0 10718
27141 2 27073
17053 8 28602
9463 0 1735
7553 5 17336
25070 0 31187
17017 0 26943
28922 0 9327
25644 8 25606
8652 11 24418
348 5 6121
12543 5 28362
10320 0 7388
4638 0 1927
31137 11 13714
25710 0 10892
28407 0 19501
8402 1 7183
7696 0 14481
4337 5 28101
7479 0 14129
19797 11 32388
22031 0 27207
24016 7 24407
13459 11 30981
28864 0 23784
89 11 9816
32846 8 7132
32119 11 26432
8752 7 7973
31661 3 1220
32938 0 16609
22047 0 5399
1937 11 24468
15876 11 30680
8820 3 4695
20911 11 22163
12720 0 14032
19927 0 14654
15168 8 15784
1172 11 6079
6740 8 29842
27832 0 17144
19007 11 24547
30647 1 23496
12240 11 17199
6162 5 16303
12157 5 14955
2259 11 12504
16580 6 33090
30681 10 98
11819 0 27155
15538 8 15693
2149 11 13602
6472 11 21725
16844 2 1649
29799 11 27469
14469 0 12228
4249 0 12130
9189 0 29567
2217 11 29164
25750 3 4249
26625 11 12882
27565 3 26498
25484 6 25520
9905 8 13281
15052 5 28270
4990 3 26124
2530 8 32455
15897 10 25417
26645 11 27600
12520 11 27294
12185 6 13624
1836 8 5177
26795 0 23500
10067 6 13889
16344 8 24070
2370 0 33088
19985 7 18983
2528 0 27350
31142 11 27772
19895 11 20977
13548 10 31785
24839 0 28724
20742 0 24925
16247 5 26568
2628 0 9433
11807 0 32749
13714 0 30876
20384 10 31785
23401 11 16044
20271 0 1414
7440 3 31955
9190 7 5356
13240 7 3510
27338 0 5134
25070 0 20883
9784 0 22517
14815 10 28462
321 11 32670
32281 0 14215
15160 0 25412
751 10 28634
6682 5 18645
10966 11 15362
13052 3 21956
16111 10 4712
31523 0 22738
13314 0 32736
4156 8 14080
21956 0 33163
18557 11 8517
13373 0 28825
4613 11 32013
26197 11 10237
11478 8 16107
33102 3 4249
15424 0 8206
13252 0 5924
24325 11 26198
14893 0 23949
26809 7 14308
8605 7 13165
27912 11 8193
4806 7 10067
24525 8 12486
18526 11 10057
31832 8 19931
17031 11 30639
4704 11 15225
22724 0 13616
28136 6 21061
19247 5 13485
31725 4 6806
18683 5 21765
14679 0 4531
13635 0 10891
15176 10 14902
8335 7 1339
11388 5 20767
18818 3 27656
22257 0 17610
23542 5 18016
24547 0 1253
29657 0 29620
16233 6 30576
32863 0 22659
20221 3 7933
5318 5 24894
27694 7 11955
8026 11 16238
27477 0 14036
8040 11 14334
27804 11 30762
32673 0 11360
197 11 24373
14 11 23313
25472 0 22958
7147 11 25729
11369 7 24412
3455 11 32772
31411 7 22764
24254 0 5393
12864 6 22567
30117 11 15012
18412 11 15520
23619 5 3666
23379 5 6170
28424 1 20093
9973 0 29292
26066 0 28147
7925 0 33059
27601 11 1223
9285 0 28468
15599 11 23488
30049 0 30743
29773 11 15334
24478 3 21443
752 0 2635
24698 0 8045
29844 5 18638
6165 11 4864
32386 11 1691
7763 0 14837
27073 11 21347
31710 11 59
16375 11 31105
20566 3 19909
32373 1 8914
29637 4 13993
19199 8 7504
25685 0 28257
5207 3 4182
29 0 24179
21773 4 21664
32750 0 756
18633 4 30686
31089 7 21303
25043 11 33024
29037 0 15487
12985 0 21352
1487 7 5546
7350 8 31714
11644 11 29367
14912 6 14876
8582 10 20226
11473 10 20226
10770 0 9017
5281 0 3254
17494 11 30278
14999 11 7088
1166 0 26872
21250 3 4249
18951 0 12526
25067 5 8826
14309 5 10481
25634 6 21570
12791 6 20327
13022 0 2711
8497 10 9766
17451 3 20903
13579 0 17289
16710 11 27028
3613 5 21142
20192 8 1986
10017 10 20226
8118 10 22406
12845 11 25945
14312 5 22708
18743 0 19707
1443 1 19923
5437 7 12666
4782 6 9288
22777 8 7299
13733 3 29311
25659 2 14163
23299 2 17371
665 5 15420
7453 4 30570
650 11 9008
19010 0 26608
23729 11 28468
4617 7 4165
27847 0 18471
1082 0 18115
32624 5 26926
7303 11 26795
32929 0 8755
24598 4 26379
32050 0 15030
7603 11 15003
10498 0 20702
10598 0 8206
9758 6 3472
12038 10 897
1691 0 30268
33181 0 12810
1927 5 16990
17934 6 13934
511 8 17597
30471 10 3808
15750 11 16528
9185 0 17372
21537 5 1221
4978 8 20063
7184 4 26922
23034 0 3336
26295 0 19665
23559 7 20870
2540 5 6648
33088 11 2370
11120 0 20056
12882 0 22045
25607 11 13719
18503 11 32440
30332 11 4082
21971 0 10599
15284 11 28651
18461 11 8850
30531 7 17511
1624 11 17017
16129 10 31332
9693 8 2453
18849 8 16368
25141 0 10033
4335 0 8253
6056 11 18867
27732 7 6517
13006 5 31128
22026 5 5924
5123 11 17611
11807 0 24630
18898 0 19457
5257 3 4249
10730 5 6354
12945 11 2185
21414 7 25794
29052 6 31989
10169 5 26568
23372 11 21917
28012 11 21673
32440 0 3067
1866 0 32963
12844 1 23370
17413 8 22358
16398 11 24374
8850 0 25605
27384 0 11196
33310 11 6198
17444 0 30271
25417 0 22495
3981 11 23781
2602 11 2557
30063 1 16182
29743 10 31444
16490 0 23760
1735 0 25294
30509 11 28189
15799 11 13022
26124 0 10447
30571 11 3916
10033 10 14279
28601 8 27598
8030 8 13729
11787 0 17446
2052 11 8937
32680 5 24894
27325 11 28000
13252 0 19921
11704 0 29944
30273 10 14104
10692 5 310
23830 11 24374
3799 11 22063
22474 0 9608
21270 7 13256
11539 1 25902
13973 8 25203
7816 7 12080
30168 0 766
23089 11 5025
28739 11 4076
13727 8 15274
30414 0 942
21041 0 31150
16397 0 5862
404 0 25346
15862 11 30739
19255 6 19084
17774 7 12723
17805 0 25556
18193 0 3336
22757 6 597
21772 6 9663
18271 0 21287
15082 8 31771
26259 7 6466
30049 0 33254
8317 11 5127
7796 11 28482
7982 6 2750
20947 2 26702
27788 11 15803
31764 11 13252
20447 0 22719
6008 2 12551
24070 5 16344
30290 3 24685
4616 10 25558
4439 11 16496
20116 5 32218
2542 7 26001
1691 0 6794
5820 10 19334
29842 5 6740
30552 11 31053
25983 11 11725
86 10 31191
31260 5 21003
8670 0 2502
9758 7 4589
11391 11 18737
6556 11 22724
11850 7 27298
13397 11 22809
2385 0 15618
12471 0 30643
31869 0 10728
21534 11 5884
14719 11 25070
20656 6 2670
20070 11 1790
14392 7 16792
11417 8 32602
6800 8 20476
23597 0 5740
17237 11 1004
22137 0 9428
25174 11 9714
29636 5 31355
21416 0 24638
7080 7 14059
8850 0 31566
31731 11 25070
6989 0 3721
8693 11 18163
14374 11 2635
24219 8 11691
32048 7 4955
25315 0 30797
18223 6 31094
348 11 13453
21330 8 21516
23148 0 27417
5234 7 397
1034 8 23816
16493 11 1735
18077 0 6023
10538 11 5966
22816 0 1421
11154 11 27309
2985 5 22708
4249 0 26767
7182 10 25837
4937 0 9925
5772 0 13772
25366 11 21333
5670 8 19755
19063 6 2538
3127 1 13640
11429 11 29456
19233 11 16769
3269 0 29788
18286 8 32453
15520 0 4017
31623 11 32415
23507 0 24864
14167 5 17649
3126 6 16341
1891 11 25082
6523 7 22923
32737 8 13417
17048 8 32934
2913 8 20364
10720 11 5391
29933 11 30044
24839 0 14565
26568 8 11444
5703 0 20157
13493 0 13001
8603 11 10183
29106 2 28490
27892 11 13765
17359 11 13752
8717 11 2209
98 2 26604
16053 6 14710
2150 10 8665
16470 11 16488
27023 8 1185
5429 6 8385
32636 0 12075
26856 3 4249
6578 2 22435
7421 6 30133
30391 1 26616
5839 11 19961
30301 2 31787
16044 0 16176
10929 0 24268
15295 0 26811
15769 11 1177
2123 11 27912
13864 0 24702
20788 7 3186
2248 8 21866
23421 0 7301
18668 11 19678
23461 11 24213
20411 3 4249
24567 11 29100
31442 8 13910
6841 0 14052
17950 11 27283
16926 0 18146
30857 4 12014
281 8 30172
1707 10 25837
12575 11 1184
20933 0 3817
30128 0 16698
19027 0 2607
26045 11 4847
30673 8 13866
8906 10 20226
11486 11 10754
9428 0 15954
6608 0 28384
32622 11 1815
14645 0 9683
24403 3 16442
27582 7 12897
12812 7 31389
29052 6 32296
13241 11 433
22516 0 30955
31941 5 14657
32911 0 6954
21726 11 9419
2556 3 22025
13096 0 7434
14244 6 7421
23282 0 19817
29906 11 5694
24547 0 208
21689 11 16803
4536 0 24081
11534 11 30001
12302 0 27308
20212 0 17802
22024 11 20160
21824 0 18126
20301 11 17539
13559 11 30269
24555 7 26915
31542 8 19950
26294 11 29
2671 6 21658
4032 0 20322
29385 4 10714
7545 5 11569
12132 0 29903
1860 11 28213
6168 0 20705
31505 7 16468
24527 0 11251
3990 11 31462
22671 8 9087
28933 0 16111
7227 10 31075
23235 7 14911
8357 11 6537
20939 8 30039
4246 5 29682
3358 5 31832
1337 11 1691
14502 0 6524
6902 0 22
24186 11 14848
3304 8 14076
29163 5 23471
32863 0 2768
13684 5 24269
3564 10 17867
28401 11 8235
28635 0 29097
8048 10 22406
6190 5 14869
1815 0 1834
23714 8 11210
20850 6 20850
26307 11 9886
32235 4 817
18329 11 11145
33311 0 10606
13153 11 29004
31370 7 31725
9667 11 17017
12704 3 13667
14837 7 13503
1277 7 2557
24663 0 13428
25660 0 3532
4185 7 11955
31055 11 13444
9668 11 14965
24448 0 16161
18912 5 16885
165 11 12794
24566 5 22359
7522 5 24215
15764 0 26537
31654 11 30237
30942 0 5056
15244 10 20947
20960 11 31462
2345 11 9244
24811 0 2468
18269 0 16844
6437 0 12913
16339 0 2279
12814 6 17199
22708 8 2985
13829 11 2113
6180 0 12365
18543 8 29897
25835 0 27189
16303 8 10114
27056 0 15193
24547 0 24741
33024 11 6190
27959 5 29051
18580 0 13612
568 0 27310
2124 11 9036
1691 0 31594
16997 3 15352
1162 0 31852
2257 0 9242
842 11 30695
32134 11 32554
3505 7 3505
9419 0 25608
13889 7 10067
10982 11 8868
24783 0 29041
27282 11 30384
6447 11 20844
8967 11 11156
31785 2 89
30643 11 12471
16356 0 18377
28420 11 29117
15773 0 31570
174 11 14913
2091 6 4376
16333 3 31525
29433 5 9927
31153 5 10663
1878 11 26192
3303 11 32463
18056 0 20518
19590 10 20226
6606 11 25472
31389 6 11064
25874 0 25176
31444 2 27382
2832 0 12906
22660 0 21518
15563 7 15563
27439 11 16067
27892 6 9541
22236 11 1862
4237 11 29418
22718 5 26047
31870 3 4249
739 5 3013
24247 7 27678
30278 0 31551
13089 0 1236
30269 6 30721
24679 11 14566
26206 10 20226
3832 0 9675
22248 11 3277
3016 11 13714
31714 11 26795
25115 2 16949
18436 7 13673
26779 6 19386
21899 11 20488
20624 0 10117
18016 8 21548
12338 0 21739
22093 0 19267
2019 3 33311
15160 0 32253
5880 11 5983
14230 6 11659
16735 11 3143
4464 11 369
23891 11 7131
9285 0 19063
19690 8 29898
1788 6 32345
25305 11 25181
11069 0 31448
30708 11 19542
29467 7 7326
21899 0 11462
9032 11 28651
25875 0 20772
5772 0 3336
31478 11 30513
24839 0 6752
3947 5 31128
4955 6 32048
31784 11 17555
5743 8 7802
2911 5 12348
4477 11 18929
20226 2 6088
21407 0 28475
19303 11 8859
5859 0 26351
32196 11 18758
25336 5 9673
32740 7 19465
24379 11 25070
15460 11 25710
8206 0 31262
1599 3 4249
20389 11 31599
13431 11 23242
22482 11 9973
4819 0 610
2567 0 32181
9788 11 15996
2102 11 18867
15966 0 6629
27586 8 10826
8339 11 32863
12825 11 1189
15927 7 22463
17015 5 3588
24839 0 32755
1623 11 22526
31224 11 29045
15996 11 10880
6653 7 7858
4128 5 2825
5298 11 18983
13435 0 12420
98 2 31432
3525 7 5025
11736 2 12448
20814 0 10695
85 0 27239
13314 0 16784
23697 7 3269
6984 10 31785
14959 7 21773
10023 11 22031
22124 10 125
19912 8 30005
20844 0 9026
24700 11 13448
13340 3 29527
32863 0 18932
31907 11 20655
6298 10 28462
9244 0 13577
16044 0 29590
20160 0 26502
12297 11 9817
1479 11 25172
10407 10 8323
24876 8 25693
30817 11 17181
31451 2 2695
32598 8 6613
30855 0 14939
12854 11 6993
1479 11 25172
5157 6 18226
9784 0 29311
6087 6 19331
26750 11 155
32261 3 7329
30805 11 23507
17022 11 904
2565 0 15386
10396 8 9782
31382 2 2380
8855 0 24110
18208 8 15615
7563 11 9634
12302 0 14008
6223 5 7140
2792 4 21245
26341 11 16700
15607 3 31075
24418 11 4536
28987 11 26796
21524 6 22470
4017 0 3944
17356 0 855
20699 0 32215
14309 8 28105
28096 7 28287
20160 0 12948
13998 7 22478
21740 11 3045
15354 11 12763
22971 6 22249
26568 8 3024
31951 2 6638
21051 7 397
13697 0 19779
26446 6 26446
5677 8 31745
9468 0 4523
16046 0 30048
21620 6 7103
21443 0 23257
25242 7 29385
10285 5 20419
22413 11 27180
12678 0 21339
3570 0 13824
24501 11 19079
23572 11 1296
26414 11 16626
11800 11 329
5846 6 11217
27222 11 22031
12121 1 7804
32863 0 7995
22113 11 30833
3614 6 15876
27584 11 32863
12591 11 11187
16912 0 7272
8078 7 14311
15355 11 15487
22940 11 20154
3010 11 19314
6880 0 29540
15775 0 1893
12944 11 10213
25485 0 9074
16782 10 25837
9884 11 1310
15660 11 9457
26323 7 26295
15955 7 31346
1169 0 13755
125 2 3466
28449 2 20350
22256 0 8814
20416 11 14013
8754 11 16887
2174 6 1679
22031 0 6874
88 0 32778
26871 0 23581
5617 7 31816
3338 11 20562
10566 0 20873
31934 5 28974
4774 11 30278
18142 11 10429
30681 0 23449
12903 11 29131
2567 0 30997
27297 10 11480
20455 3 32636
23124 0 20866
19377 0 26812
26203 3 23601
8417 0 6705
26124 0 2467
6862 11 9068
31427 3 4695
13667 0 9839
26829 11 2487
14693 11 8868
32427 11 9433
29750 11 30876
9902 6 14009
17611 0 3169
298 5 6959
23773 11 5772
18325 0 9771
22538 8 5900
26720 11 15012
5289 11 2900
26568 8 6557
3251 5 26568
6889 5 25354
3026 11 22031
32222 8 28835
11162 5 28238
32254 0 23709
25070 0 1263
4536 0 26666
21309 0 8266
24363 0 9228
1924 10 897
24629 6 25454
24968 8 1280
19375 8 13357
30741 8 16393
32571 3 28810
2987 11 17611
26291 11 7011
6106 5 16343
26952 7 21413
2317 0 2330
29683 11 25244
22488 0 1565
31076 10 22560
3405 0 18592
8687 6 13331
19828 7 21761
10583 0 20559
20944 11 22793
8297 8 16552
19027 11 20019
10878 0 16137
19061 11 4536
5309 11 18970
25582 0 23773
12564 11 15966
10641 0 18088
11291 7 11429
4052 0 13865
24825 1 30220
4249 0 32311
14089 6 8586
31784 0 5048
27725 11 15633
7497 11 32863
30106 11 24839
11527 5 26624
3827 7 5636
17361 11 8850
29535 8 12195
12640 5 31865
21555 0 16858
31529 0 26175
4545 6 12295
22724 0 10861
26020 8 17986
30887 1 209
30628 0 18693
26744 8 25607
10796 0 28576
18269 10 3987
27295 0 14383
31523 7 1825
10893 7 14757
25338 5 20557
20226 2 5252
1157 0 2260
16110 7 20826
1601 8 13680
3336 0 18738
24975 6 31209
33046 0 9191
13603 0 32987
27109 11 7211
28409 11 20814
12955 0 26241
6343 11 26640
21049 0 26597
23882 7 10067
8750 7 15289
28540 10 9766
23277 0 27168
31462 0 24553
14476 11 12915
25354 8 2313
843 0 16365
23951 11 9697
22923 2 12994
31794 6 6534
6762 11 30639
30483 2 9431
14976 0 22972
18988 0 6431
26377 7 8514
22372 3 2759
23591 7 5440
15234 8 448
19479 5 27698
20226 2 18775
24547 0 2762
30845 6 5288
10760 11 9907
25414 2 28723
9457 0 16014
29099 11 8156
26061 8 7226
30608 10 17867
11785 11 14335
26021 5 21003
10498 11 22303
27188 11 19933
1790 11 2340
23780 0 33250
2284 7 7453
6697 0 29194
26925 0 3765
5063 11 10709
29144 0 3399
17474 0 544
14658 1 15455
16044 0 6382
8811 11 30762
8433 8 10450
11587 8 24361
25874 0 587
21672 0 1540
11906 0 33134
29154 0 7534
16539 3 27259
22685 11 15602
8628 11 30269
14521 11 33046
15012 11 21280
18770 5 14087
30278 0 32078
25390 0 1967
8104 6 9056
18815 11 16044
11412 6 29447
6008 2 7762
30945 11 7007
32058 0 18986
19986 0 24539
16387 6 9537
12716 5 33116
29878 3 4249
5995 11 31783
31067 5 12880
6403 11 9057
19989 7 19989
10248 11 13252
30456 11 9068
26098 0 28430
19217 11 6262
24218 7 8787
14475 8 4577
21622 11 9854
29284 8 24820
32953 11 20368
20702 11 10498
9587 1 5102
15794 0 24323
9453 11 24839
11631 11 8850
17324 11 20137
13507 11 9634
8101 0 29724
13187 11 8521
13290 5 26568
11807 0 12843
18471 2 17589
14367 7 22959
4249 0 7046
8011 0 5252
15130 7 6032
23781 7 20813
14817 0 30812
24250 5 801
21673 0 15361
16935 11 17474
15160 0 11327
18633 6 11260
4695 0 8820
3477 0 33173
3333 11 13477
21309 0 1209
6537 0 15224
4919 0 5973
16712 6 4374
30291 10 17673
16915 0 23337
14571 7 7635
17012 5 10384
15258 5 26568
32808 11 12675
32585 0 964
27210 11 20652
4405 0 10568
30480 11 1722
29481 11 31059
5050 0 4297
9518 0 14879
32235 4 32066
19763 11 16432
22017 11 30935
4496 8 5838
30745 7 5035
9811 8 6914
30269 0 31867
16326 11 14702
11767 11 12957
21773 6 6603
8867 11 12034
464 11 20844
17748 0 14901
5237 0 4804
7311 0 4274
32703 0 14592
30269 11 19690
22296 11 11016
31263 11 8850
29476 8 18757
2787 0 15429
125 2 20275
3172 8 12184
20546 5 11504
2078 11 423
6566 10 28462
11155 8 25091
16680 11 20802
25070 0 32955
27717 11 31503
11491 11 13883
26933 5 281
29951 8 28900
17294 11 32337
30639 0 7083
31105 0 16375
25107 0 20678
7745 10 28444
31609 5 24389
9285 0 28669
9419 11 20615
30551 7 8318
30115 10 98
24559 11 18135
23357 11 16044
6894 0 16061
15602 0 6068
12655 11 5796
11645 3 16646
13252 0 12807
5622 5 11101
15324 11 30490
3111 0 6058
15067 11 2503
29144 11 27512
25070 0 14464
25643 11 28764
5595 7 19302
17256 0 32538
17082 8 28114
15793 1 14934
24839 0 21676
29068 11 6003
13379 5 3918
29502 11 18284
28785 11 16208
26352 0 14965
23746 0 23832
23277 0 3171
15246 3 20914
2477 11 18188
29146 11 13396
8318 11 6098
8522 8 4511
13712 5 27004
7803 0 20027
12087 0 32365
27989 11 595
18910 0 15137
11417 11 15331
468 11 7903
11588 11 1780
25545 0 16788
7874 11 2972
1056 11 7246
13360 8 24436
4164 3 9276
26027 11 2000
9297 10 11480
19665 7 4318
12780 6 10910
30433 11 11227
26203 11 30511
23609 5 8437
11882 11 1691
3302 0 23962
12107 8 13264
30985 0 8415
897 2 12710
25 0 18909
16885 5 26568
3696 11 20072
18535 0 9952
136 3 1558
31827 11 2561
30398 7 28287
26688 0 17632
24685 0 2483
31252 0 32803
17524 0 23989
1927 11 4638
19394 5 18881
32229 11 32792
22606 0 8497
16180 11 21848
20041 0 12386
32074 11 27015
1368 11 10291
18074 6 18030
5101 10 14485
10235 1 10066
16382 10 18829
29869 1 20321
22931 11 9285
28487 7 9193
11312 10 28973
30999 7 29385
15122 11 8917
4249 0 33172
19938 0 31407
28651 0 6541
8394 5 13504
6321 1 15512
5703 0 5939
22966 5 29147
19383 7 19383
538 0 18889
30513 0 5101
17462 11 2054
29094 0 20562
27953 0 1877
24630 11 23752
13132 11 11852
18573 11 144
82 11 15961
14674 0 3908
20983 11 32016
12622 8 9585
21171 11 16044
15825 5 17865
11222 11 19524
601 11 20914
18377 7 25055
12602 11 23877
7291 7 7297
10855 5 4379
11480 2 18342
12770 11 26099
2208 11 17014
30278 0 11546
10060 11 32562
16041 11 22486
32423 0 11865
18290 8 493
27478 5 8993
29588 7 29588
22406 2 201
264 0 29615
13677 0 10987
19947 11 17349
7253 8 20644
15096 6 22858
20417 0 28406
15117 8 25124
30409 11 22782
25070 0 24259
33062 11 7947
14759 8 29693
4317 4 6715
12882 0 26625
31536 0 11697
32541 11 29700
9424 11 14882
18594 11 1177
15483 0 28030
18322 0 6258
11715 2 9056
19630 5 22144
27504 7 14516
25710 0 15903
32378 11 28965
16014 0 21347
5666 8 33021
4722 11 12796
15295 0 2841
16528 0 14303
32646 11 13252
32019 11 24547
31061 11 30384
22584 0 4100
19102 11 17224
21210 0 10100
3612 0 32898
28791 0 27283
27981 11 5127
16936 0 20991
4846 10 31444
23282 0 23002
31469 8 19207
29673 11 7501
19079 0 24501
25113 0 14185
1352 1 29970
10491 11 24279
23255 3 5645
29306 0 22240
25837 2 24640
20814 0 1178
15705 11 12915
4416 6 15954
7061 0 26359
29760 0 20958
6008 2 15427
24829 5 14429
5502 6 271
9300 8 20681
22753 5 8145
4192 1 8240
13254 0 29318
16620 0 5257
19938 0 5764
24316 0 3509
32168 0 31907
20087 11 32440
11838 8 16286
12922 5 7045
29056 8 14834
25119 11 6537
21779 11 22031
12044 5 9510
14345 11 21937
12089 11 27688
23453 0 24512
6502 11 3224
18838 11 6608
29164 11 5463
22137 0 26780
13714 0 18322
20161 11 19897
24888 8 27451
18343 0 25896
8007 5 2368
28518 3 16680
16472 0 22767
29394 11 9463
8306 8 9176
24085 10 25141
31195 11 24864
19862 3 32636
24684 11 7495
22170 11 15340
4249 0 12846
31960 11 25874
16194 11 27806
20231 5 21215
23741 7 25196
8850 0 13030
17064 0 9058
15646 11 30639
19563 11 27115
11954 3 32636
8953 10 20226
30414 0 23562
32382 0 18053
4398 0 12416
30852 0 5534
30930 8 20288
28778 7 19919
17254 4 15383
13604 11 1780
31191 2 21932
11220 7 21672
33132 3 13603
27795 11 24839
30125 0 13785
26963 5 19187
10114 11 24374
5166 2 17817
13632 0 4654
32561 11 31113
29331 0 28927
9017 0 26475
25703 10 16844
2426 11 9834
12387 11 29307
12675 0 10094
4588 8 31367
11524 11 12016
4532 10 15650
15284 0 15219
23027 11 24851
17017 0 7866
13833 8 26009
22739 0 14416
17797 2 25360
155 0 4721
25191 0 23080
25547 11 2694
10481 8 18947
4169 0 8906
9293 11 30573
17188 0 10172
1177 6 14832
3693 0 1830
31967 11 1353
29535 5 26926
21934 5 13276
28263 3 16101
27719 8 21457
2260 0 284
6119 11 29170
23502 5 4450
31741 3 4249
11548 11 4212
2602 0 6935
19534 5 25798
24647 8 21162
29075 11 7716
12799 3 2565
21280 0 27545
10952 5 27726
4269 0 23544
13661 11 7940
24251 0 2497
7711 7 7711
21880 6 9830
5401 6 20260
24108 6 8705
14531 11 32440
2973 11 20631
7607 11 15047
14125 8 15940
27663 5 3039
1000 0 12398
18269 0 25425
6344 0 17898
10171 0 31450
89 0 13817
22724 0 3073
1829 11 3683
7693 0 23365
1204 11 31864
1691 0 5108
6133 8 25888
15313 0 2864
8665 5 19166
27384 11 5995
3335 11 31262
11345 0 32307
6290 1 717
1220 0 10034
11034 0 25509
243 0 30706
11289 10 30937
21981 0 1362
30910 0 5390
8281 6 6287
2738 11 29477
4520 11 2422
19825 0 30674
12368 0 16882
21501 0 20055
5255 7 25197
1500 11 23760
32955 11 25070
13197 11 11697
7983 8 5254
4583 0 4411
26124 0 3255
6989 7 13466
13186 10 33022
19589 11 4452
15338 0 20928
5705 1 26422
18346 11 25475
26479 0 25639
12408 6 22493
22578 1 6321
7958 5 25823
16783 8 3730
8791 6 32777
32863 0 21182
13632 0 19204
29560 0 18775
4499 10 31951
25233 5 31705
28135 3 22547
25648 11 28353
4727 11 21201
32981 8 26575
11299 11 26743
31785 2 17624
17988 11 27658
9769 0 3336
17594 7 20233
6853 8 28689
28560 11 14662
24852 7 19386
7728 3 18151
4654 0 25030
704 11 29905
125 2 24511
11832 8 1699
22890 0 22610
16434 0 7539
27235 11 25015
16675 11 13883
32932 0 23081
20969 0 26941
13570 0 20210
2900 0 5289
22064 0 17027
595 0 3392
17322 3 4249
11162 8 14159
26203 11 31922
8850 0 17361
32235 4 18635
2242 11 25710
28273 8 30560
32235 4 24821
8465 0 7729
20418 7 910
5182 11 9634
21417 0 13126
14009 11 31946
13478 10 17049
15589 8 16561
3635 8 25078
15160 0 16123
4249 0 8375
29302 1 17297
11902 10 17673
15160 0 14754
12826 2 30941
1769 11 19328
20814 0 4887
2849 5 29640
496 8 32174
20501 8 32613
5987 11 18951
11665 11 19973
4320 8 2631
30363 0 27031
15411 0 6522
23242 0 11626
13940 7 18825
19596 6 8522
32843 11 14662
13533 0 25218
2971 7 29637
16380 0 7336
18580 0 23398
14956 10 8323
3858 10 98
28416 0 8052
9507 0 17345
125 2 30478
5917 11 9126
29086 10 20226
22031 0 22047
14662 0 18497
87 11 1815
26327 0 18660
22744 5 21220
1232 5 19674
31812 0 3458
22618 7 9397
1608 5 26568
1458 11 6234
19245 0 14160
14911 6 14814
22865 5 7612
7516 0 11270
2724 8 718
9862 11 14693
24092 10 13352
19357 0 32533
7067 5 14471
25070 0 26993
1990 0 4584
436 8 25610
13886 11 31714
13632 0 6113
7191 5 11252
28264 3 18376
19797 7 9608
16312 6 4477
8323 2 4400
28316 11 3919
20925 10 6008
25884 11 7190
31123 1 23370
9724 4 22050
20827 7 24430
32696 11 6410
14026 0 11375
20884 0 6846
7405 7 29385
27862 11 8850
31817 3 16646
1169 11 10227
7933 0 27546
9847 0 12949
33060 7 9754
19950 5 31542
8973 8 15920
15632 6 30558
22423 8 10522
30217 11 13773
16237 11 5772
31920 11 5281
13685 5 160
24547 0 19286
14419 0 17448
21027 5 10481
19465 6 5293
11017 0 5474
10818 5 25758
5807 0 9101
20985 8 28954
9271 11 26317
16640 0 27953
22971 6 13046
9113 11 30278
25553 11 16330
22449 0 8765
14603 11 25741
15295 0 21569
15663 11 10493
14928 7 21657
28462 2 6298
21364 5 24242
32636 0 6169
27300 5 5743
22029 11 9745
18391 10 25942
4801 11 11029
22918 0 5220
2049 11 23916
28159 10 897
5216 0 19272
3983 0 27938
24126 0 20212
16646 0 14881
7939 0 14957
7304 0 28619
24970 11 20844
9328 7 29051
15650 2 5127
4674 1 7780
21537 11 24547
11785 11 30935
10041 11 14026
13177 3 13493
13960 11 15284
23804 3 26124
24956 0 28005
19059 11 1972
25089 0 25909
1863 0 28611
7815 11 5637
17075 11 18135
13329 8 4177
19405 7 11771
24969 3 13493
26211 0 21139
25794 6 5692
26640 0 15501
17748 11 19149
13460 11 15633
26192 0 17371
32440 0 3008
11857 3 16646
3494 3 32636
31469 8 24490
4809 11 2487
11234 11 13739
11736 2 19920
18193 0 32948
1864 8 15979
30983 0 26525
32516 11 5785
4598 0 18541
28686 6 28686
22979 0 24652
12864 11 13471
1221 11 24547
18188 0 22021
13310 11 21824
14033 2 16039
21481 0 21901
20795 0 6123
4249 0 7095
5582 10 98
24839 0 31672
25979 8 741
7907 8 27310
20703 11 1780
15701 11 5114
15563 11 2102
5485 0 8796
9111 0 32688
16919 0 26581
16231 11 27229
10766 11 20776
22770 7 25719
27833 10 16156
6274 5 20152
8507 11 32357
2495 10 27821
439 0 29086
12506 0 27046
18629 8 23792
4838 0 28318
32499 3 13493
32918 8 1473
11061 0 32361
26338 7 15393
30663 11 25070
4014 8 4559
14923 11 24698
3344 0 5804
23043 11 3166
5685 5 2788
2635 0 23033
27974 5 5729
3871 1 29715
1921 11 6537
932 8 20518
4137 8 20282
13221 0 18145
11214 11 29100
21323 5 14955
19874 8 20196
25157 11 17224
27298 6 19189
12545 0 32864
13432 11 24258
1119 11 5470
30852 0 13426
8011 0 3105
31951 2 14332
23345 5 8063
12865 0 23066
13252 0 1868
13741 11 28392
1691 0 28410
2142 11 32863
24177 0 21775
13252 0 2188
25729 10 32029
22641 1 23306
4671 11 15504
873 6 13763
27557 11 1381
22286 10 30425
23635 10 6008
17241 10 23149
33161 1 22578
10632 6 23981
18660 8 16587
17471 8 29186
24134 11 5796
16632 11 25110
29753 5 22620
24506 0 12789
17238 11 2979
2579 5 26568
6601 0 17840
9593 11 2522
26708 11 1519
18033 5 478
22460 0 12994
22313 3 10150
12840 11 25710
21899 0 7543
10067 6 4061
20135 11 15581
22383 0 25787
18406 11 2374
25659 0 28754
27772 0 18483
17999 11 18057
9285 0 30701
30245 5 14074
26204 0 27909
19267 6 19731
16579 0 25653
8237 8 4137
1741 11 9878
13172 11 31098
17214 10 8660
9515 11 21501
27811 7 12687
22457 7 846
7979 8 14193
3455 5 32726
29684 11 17181
23027 8 25619
29055 0 22275
26939 5 32811
32976 7 30269
24839 0 13247
629 11 30876
32554 0 12517
24689 0 17541
3409 0 28428
2312 1 25003
31922 0 2549
4637 11 18228
16044 0 31596
24722 0 776
6007 8 15882
12203 8 332
21823 0 5472
23305 0 33095
23554 0 27186
18714 6 13165
4822 0 15236
27079 0 20212
25920 0 25507
22319 11 12505
30935 0 4047
898 8 24258
32036 5 17422
10230 0 14854
4342 11 21848
22311 11 22031
24912 7 18704
18651 0 7566
25356 3 10566
32863 0 7499
7951 10 6578
20381 5 17528
19425 11 15331
30521 7 30521
1505 5 3018
22752 11 22724
31672 11 24839
22918 0 29209
14969 11 12087
947 8 13877
13506 0 32337
31951 2 10775
26263 8 28907
24948 6 8383
15341 0 8386
18946 0 30421
23219 11 23282
32575 11 28392
21057 0 1705
32635 11 21570
28634 11 30672
24686 11 33283
31568 11 7178
8147 8 24476
19230 8 4297
15977 11 31462
25140 8 17134
6100 0 20001
12631 8 22172
2534 11 11854
22386 8 10195
7096 5 22620
6853 8 7589
21381 11 18929
12261 11 17307
20951 11 6908
3111 6 11484
22595 5 6058
19049 0 5036
15670 8 24046
846 6 22396
6428 7 21317
31080 8 23722
18053 11 32382
32991 5 19606
5608 8 5651
3309 8 31074
2362 11 13252
22001 8 771
20971 0 28365
22724 0 13668
2147 11 25472
11245 0 15126
15650 2 5766
18298 0 1980
27380 11 4188
30460 8 3263
24816 0 9692
29812 10 6578
8548 11 25472
6908 0 3287
13769 3 13493
6408 11 29022
18891 11 19312
15872 8 20879
13859 0 24277
30939 0 32708
17921 11 15471
24653 11 6537
22923 2 32119
21937 0 1448
27632 7 5157
18722 11 9711
16237 11 15633
28666 7 18322
18686 11 20447
19955 0 26000
19444 10 20226
6894 0 21876
24521 5 6187
14882 0 9424
26845 11 25070
24839 0 25409
4249 0 15810
26391 8 28364
31003 11 19930
28180 0 2632
29793 0 30351
32203 7 6628
30174 11 7944
4925 5 3677
31951 2 6232
12984 10 10585
18273 5 25941
11425 0 13563
5992 8 29058
29671 5 22708
31070 0 15069
19899 11 25472
6396 11 9126
30639 0 12066
14217 0 18901
4390 5 24888
19973 0 13494
11606 11 28650
15950 5 11837
32157 0 454
33013 11 24262
33021 8 12412
25000 3 6635
32288 11 26930
29445 11 9817
29819 11 9187
3556 0 21474
28254 11 26564
24154 8 17179
23068 0 19693
1587 11 32388
1815 0 26517
4692 7 20856
10423 5 20196
28643 11 11489
24514 7 25635
23953 10 29184
26640 0 31809
22236 5 32539
2376 11 21981
30839 7 29637
21574 0 18808
8085 11 906
14857 11 10207
5428 11 596
16895 0 5752
23908 10 15650
5833 11 14079
4033 0 1714
6008 2 16145
6496 7 26779
30639 0 32597
14002 7 14170
15190 7 29797
18723 4 6307
1691 0 8301
27750 5 18821
4249 0 17994
31159 0 22442
11594 0 13575
15876 7 29263
14335 11 32215
13022 0 3551
4450 8 9387
30155 11 1714
1188 2 6707
19920 11 7088
25457 0 11298
4249 0 33172
26780 3 5645
9982 11 24839
24837 5 28209
6578 2 7951
20266 5 28227
18887 11 1134
4723 0 31183
21470 6 20443
27311 11 19355
32423 0 17240
18687 10 1177
19457 11 18898
9730 11 10634
28734 0 18907
29392 11 32254
22918 8 29008
24911 11 9285
16664 6 24006
15504 0 2891
24299 8 10260
27493 11 9758
14912 7 2792
12502 10 15225
23781 6 1170
22350 7 23733
4599 0 21166
26107 11 7518
23093 8 18874
2260 0 30215
13252 0 24713
5806 0 21661
14390 11 24229
5843 0 18511
15626 8 11980
27732 11 30412
32235 4 32329
24888 8 19921
27736 0 28224
12780 0 14334
29241 5 25670
996 8 15443
25227 5 17008
3404 7 21317
20492 5 18961
6008 2 4826
24506 0 256
27079 11 24285
4939 4 11917
16014 0 12973
15602 0 1000
13772 0 22513
5489 8 15145
7775 8 32157
13504 8 8394
24413 11 13884
5321 10 21987
9000 0 15035
19322 3 4249
1209 11 21309
1656 6 21570
15240 11 1189
21323 8 9486
9104 8 29879
4974 5 6853
16496 0 11936
21824 0 29983
9668 5 31373
6008 2 27033
28905 7 22445
21937 0 7670
32037 6 32037
21331 4 28575
5331 0 16315
13282 6 6314
20010 11 33326
5122 0 3101
9435 0 31472
19513 10 6008
22178 0 30199
29059 2 11079
10094 0 8289
30981 11 24285
15238 11 12957
26041 11 14662
19865 7 21
17624 11 15773
23764 11 30639
9401 11 5409
2792 6 10483
26801 5 13697
23571 11 21742
26911 0 26556
11429 6 22933
11989 0 6899
8526 10 25141
25392 10 18829
26694 11 8656
6167 0 6678
14238 0 1580
18909 0 6754
7456 11 1691
14481 11 7696
3311 11 23282
1691 0 6512
23972 7 24456
10549 0 28288
536 0 19404
12959 3 26124
22181 5 17347
1115 10 20226
21869 1 18567
23883 7 26843
6927 11 8868
24979 5 9451
21403 7 30294
30229 11 9427
24866 6 26639
6786 0 15471
22031 0 7969
24561 3 24506
32847 6 31746
21680 5 12208
13788 6 23507
10528 7 32211
2848 0 18719
26704 11 4536
30833 0 21991
14251 0 25767
12997 2 17520
22098 7 20665
31031 11 4184
7901 11 22675
4910 11 32863
4821 11 23380
18977 5 2183
21418 0 4551
24367 8 4932
13312 11 24804
5587 11 60
4103 6 30074
2942 7 17254
10013 11 17256
20386 0 14037
955 11 12859
20612 0 16596
14671 11 10796
13549 6 21570
29743 1 8058
20488 0 22964
23753 11 14462
6842 0 31689
27787 5 4796
8670 0 17209
10890 11 9320
20332 10 22811
9126 0 2618
25701 11 14662
4794 11 31259
1633 0 9454
8028 8 16622
27028 11 15754
25194 10 28462
32577 0 12304
25457 0 2561
14393 0 19270
4054 11 4700
7825 0 26594
13314 0 5288
15643 0 19033
20552 1 21370
6484 0 14659
32034 11 18552
2839 11 1282
25639 0 5558
25472 0 17551
15221 0 7910
32636 0 26373
18124 11 15773
15312 11 29673
2167 5 10389
12034 0 29044
28651 0 25689
27537 11 16573
23787 5 24007
284 5 3947
17254 4 27921
24145 11 30281
28679 11 17632
20849 5 3826
18660 5 13485
31787 10 30301
19963 11 27167
8611 3 25318
31523 7 9417
14609 11 11699
13252 0 17700
23341 11 19338
25299 0 17299
20814 0 1784
536 0 24981
21498 11 29041
25770 0 8543
4182 0 24403
12401 8 2635
9806 8 28013
7760 0 5631
18798 6 32901
19335 10 18304
16167 6 12002
5571 6 26794
31053 0 2293
4249 0 19369
29194 7 1721
7301 11 23421
16044 0 22673
14657 8 31941
27070 11 9552
30616 8 28742
23818 11 16363
4999 0 6317
14900 0 30945
12791 10 29257
16378 0 18837
11429 6 11291
20243 0 29279
1300 6 6265
18695 8 30296
26446 11 14844
12390 11 9145
3729 5 30589
7565 7 18633
31287 7 14369
8098 11 23920
26080 0 13921
25197 3 29052
13931 0 13324
19451 11 26684
22577 11 1691
13425 7 1147
976 0 20165
6003 0 25070
30153 7 7752
17909 0 29277
9551 5 29971
14566 0 14737
27607 7 32360
13821 6 26810
23489 5 14974
5501 7 31104
16620 0 17830
16496 0 17953
29450 11 31119
27309 0 553
28859 0 12597
14839 0 3546
3267 11 8850
16499 0 1673
21317 6 3404
32680 11 30639
22019 8 4699
12335 3 6912
348 0 16100
14279 2 10033
6702 1 32780
21791 11 21041
22406 2 29266
12365 11 6180
15632 6 2032
3762 11 22031
18638 8 9743
15474 8 24248
18758 0 14505
24888 8 4390
25799 11 14933
13493 0 7256
28946 2 14767
26334 11 25070
20912 11 30875
29637 4 25884
8523 0 14235
6008 2 19476
15863 11 28819
1469 11 5827
8653 0 2550
18386 11 22449
24110 8 560
682 0 25668
2877 11 22724
14698 10 12470
13216 11 24142
28982 0 19178
23298 3 31075
27181 1 27226
2816 0 5659
26444 11 16598
25669 6 7247
3323 8 20042
25552 0 27317
1294 5 25091
8356 3 32636
20822 7 11209
2825 8 31447
14610 10 30301
14649 11 17181
15534 6 24765
20984 11 28351
897 2 6857
20455 7 32296
33245 0 33245
3845 11 16044
15168 11 22031
15503 11 22815
2668 11 12915
7114 7 16918
7690 5 1514
30513 0 6902
22724 0 15071
28051 1 16898
6995 11 30049
30233 2 12214
5878 2 27337
1532 0 21608
13763 11 27060
13110 11 13679
20770 0 6818
2638 0 10371
10514 0 21746
9626 11 12036
4249 0 32584
31200 11 17256
5637 0 29873
19968 0 32193
10192 8 12378
24860 0 6552
30742 10 25115
22873 11 602
2379 0 32867
23609 0 914
32629 0 14376
20570 11 17470
16518 0 19865
14229 7 25831
2337 0 157
11916 0 7549
7088 0 5826
24427 0 17932
19961 0 5839
29637 4 22608
17987 0 7650
12100 11 26908
21956 0 10633
22432 11 14756
13679 0 11789
17551 5 15359
14059 6 13769
11720 5 15258
23967 11 1846
11359 0 29723
21514 0 15792
11977 11 25442
9701 0 715
26124 0 20195
19334 2 5820
11708 3 10150
31595 11 25070
21610 11 6413
890 0 26532
24819 8 12173
13961 7 31389
4249 0 32160
28969 8 14200
10596 11 30762
12394 11 16634
31423 11 27295
10641 0 3020
21834 10 13210
4076 11 681
14848 2 3384
30610 3 13493
1199 0 25348
10166 5 15082
12841 0 26320
24839 0 12427
13110 0 8269
19870 7 16365
19313 0 28138
914 0 14584
4280 5 1601
23798 1 997
25508 8 10420
26306 11 24839
16810 8 3417
19182 0 19855
32842 0 5466
23411 11 6908
15632 6 9765
25628 7 2792
30318 0 27521
8451 11 31882
9817 10 20226
31592 5 7191
21510 0 29591
4665 11 30654
5322 8 14269
14143 11 25685
26754 0 3544
30353 11 11223
6814 10 10667
10481 8 3037
13314 0 7771
27933 3 13667
8640 8 2553
24557 7 16083
12082 11 25178
11343 10 6227
32457 0 10358
32920 5 21951
9244 0 7077
1734 7 9681
25115 11 9902
7131 0 21833
4589 0 30598
29861 0 8608
17934 6 2156
5479 11 12030
2391 10 31022
14458 6 32258
26799 11 18898
26817 0 16308
9468 11 6725
3712 3 6943
20898 0 27886
21667 1 29302
4819 0 26835
8413 8 16246
10511 8 310
1384 1 24804
2891 11 15504
15045 11 16044
29575 5 29169
6993 0 24544
10520 10 28449
7803 0 4759
28668 11 14097
15289 6 7412
9634 0 7755
25053 8 20199
23875 6 23875
30841 11 4525
9036 0 2124
22834 11 23428
10596 0 32590
32532 5 21398
32519 11 14401
19284 11 19772
9285 0 10325
21004 11 32440
8108 0 14675
15543 0 27050
8582 11 998
11840 0 24277
18553 0 19354
4649 8 7897
31193 6 18609
22152 11 30833
22969 0 6861
9289 10 25837
30941 0 5461
98 2 27725
31361 11 7114
25059 0 21586
33302 0 33322
18015 3 4249
11370 11 24860
28238 5 12171
12836 0 5828
7543 11 21899
7224 11 29280
12505 0 22319
2857 11 11141
24112 5 19681
25084 11 1306
19548 11 18970
2317 0 31451
1253 8 3232
1593 3 13493
18718 11 23179
5541 1 20047
16496 0 28360
23406 0 20544
13362 6 13508
17185 8 18295
872 11 18230
22541 11 19715
9711 0 18108
31078 5 12893
2832 0 31798
15349 10 28650
18929 11 12416
18398 11 13739
7472 0 23957
27367 11 536
25997 0 29841
19896 0 22282
5375 0 19103
2207 10 15650
5711 5 9698
13108 11 17482
30822 0 21633
16615 3 4249
22584 10 25841
25794 6 29395
11812 11 7179
32440 0 23254
32394 11 33326
21385 8 29565
3468 10 897
31046 11 10796
17634 11 22296
12074 2 32894
13892 7 10227
33255 7 32762
31085 8 99
22929 8 8442
13043 11 18193
25860 0 21578
13755 0 17217
12127 5 30110
6288 11 6503
31332 2 21783
6735 7 2792
19609 11 22079
6978 0 16360
31038 0 4626
22307 10 22320
31785 2 22892
12128 11 2651
32235 4 9970
15533 8 3461
30593 10 15225
31910 0 28670
7707 11 15047
13714 0 31137
21746 11 19554
990 10 6008
30602 5 2362
9128 0 27834
18985 11 3983
23781 0 16151
32214 11 9973
26444 10 19334
23781 0 5124
15839 11 31806
10227 0 20877
25141 2 14485
23743 11 28538
27884 11 4748
9681 6 2623
23772 11 3924
167 11 28132
847 11 33202
15695 1 14103
5424 11 14194
26400 0 13697
7227 10 26124
29821 11 30666
24839 0 5644
14391 5 21829
32235 4 32956
8101 0 12411
32797 7 10631
17491 0 19913
29272 7 23205
6993 0 26626
8896 5 28197
18970 11 18734
33264 4 21920
4250 0 21081
8868 11 25775
30639 0 26961
3101 11 5122
3876 7 8429
21217 0 17477
13765 0 21915
7957 6 2912
29418 0 16988
3917 4 1123
23238 11 4375
22819 5 28971
32235 4 9312
8108 0 25861
16313 0 3092
17566 0 363
22493 0 210
3857 11 28382
4172 11 6270
31861 3 5068
23188 8 621
25239 11 26694
6008 2 19179
13209 8 21471
30903 0 4955
240 0 25524
29707 0 27206
17128 8 31408
9659 10 22320
26847 5 25477
22529 8 25119
1015 2 3245
8604 11 17086
4235 11 3344
7045 8 18119
20361 11 24951
15963 3 16646
23299 11 28444
1832 11 682
12412 11 8530
29106 0 24645
15873 8 14975
13180 8 1967
23618 2 13434
4654 5 18233
5123 0 10777
10190 5 1568
25043 0 1917
23558 0 31158
17593 6 8185
12276 7 2814
21885 10 25514
22901 11 28048
10812 11 19303
8774 8 30380
5890 0 33243
28648 6 27063
16511 0 11662
21706 5 1961
15538 8 8454
31389 6 29380
20947 2 30360
12308 7 20535
25070 0 19528
7548 10 6008
30083 0 16504
33065 0 5352
24696 0 21428
10796 0 31341
12378 11 31714
17811 0 11768
5127 0 25230
21672 0 8767
4567 11 29700
20226 2 29936
22159 6 15584
19483 11 1310
33089 10 14628
22748 10 25837
31719 11 3245
30639 0 22646
14214 11 13714
18286 11 8235
19943 5 15795
27576 0 28374
1189 0 9268
27754 0 10525
14699 0 30532
31762 11 32863
10982 0 27479
29882 7 9623
1173 1 9531
33258 7 18521
24878 0 26743
5415 11 19210
31229 0 6694
32465 0 8209
24666 11 12358
27583 0 16113
18453 0 20990
6908 0 20461
30278 0 19894
14677 11 25680
3299 0 6067
17345 11 9507
28998 0 27223
7183 1 30537
5645 0 24212
22933 11 18867
30674 0 14462
4720 11 27844
23488 0 32574
3587 5 32460
27906 10 25417
27146 0 27583
24698 0 10008
27630 5 7422
4063 6 2697
20787 0 25301
12575 7 1605
11217 7 5846
15876 6 1161
21317 4 18887
20652 0 7281
20475 11 8449
202 11 25225
14662 0 26356
13770 5 3523
27976 0 11133
2200 11 1993
20155 11 21163
16619 5 11266
32585 0 2047
14794 11 24163
31705 8 17824
31981 5 22635
27531 8 31446
28737 0 6780
10747 7 15393
13610 0 18526
29523 11 20034
26106 0 27511
29558 11 29985
17842 0 4677
19407 8 32491
16442 0 27566
6008 2 24857
19279 10 25414
7808 0 18002
16249 8 28342
21752 0 16535
28280 10 18471
19720 8 22466
24860 0 24960
29816 11 15633
29105 11 32863
29717 0 21658
24648 5 3677
12080 7 12080
16888 0 24855
11289 11 19296
21959 0 21354
15685 0 14402
24860 0 14407
20648 0 9136
23282 0 21573
264 0 18376
14454 7 8185
8129 11 22074
26568 8 13250
16465 0 31564
21981 0 2330
25997 0 26473
25417 2 31710
18988 0 29626
17758 3 21057
23665 5 32161
11712 0 25152
30086 11 11994
15075 5 7659
27535 5 14453
25600 0 6057
3422 11 7035
4193 11 26202
587 0 324
31845 7 2389
18126 8 15418
17500 5 4522
13260 11 7803
18269 0 26610
14516 6 7096
32995 11 1723
310 8 17431
29038 0 29198
15412 6 9723
29245 11 33191
26233 11 32863
16438 11 4536
28460 11 17017
942 0 24469
6597 7 9740
23638 11 12035
22296 11 16492
17878 6 5269
18678 3 13314
13252 0 15662
17896 6 23659
13107 7 15759
22019 8 29284
22105 0 23048
23282 0 2899
11697 11 31536
28226 7 16083
32103 1 4205
16998 5 4660
13750 0 11147
32202 0 2748
4255 11 22031
9616 5 17752
18997 0 18734
30394 8 2701
3808 2 22251
9816 0 32281
6366 11 23877
11909 3 33311
19978 6 23853
22031 0 29133
31286 6 21728
25802 11 25710
17808 11 20655
13603 0 3884
2183 8 5523
16919 0 29837
26252 0 3411
71 4 8967
11736 0 24251
16612 0 20519
21309 0 15187
32007 11 16044
29802 6 28591
2393 7 12689
5449 11 7848
22401 11 8137
28862 0 16341
6504 0 10635
23232 8 4019
397 6 29018
7090 11 7230
30625 0 29713
27297 0 18488
18580 0 17871
11253 0 5297
1264 10 17818
33046 0 10128
14082 10 8323
1735 0 3843
18929 6 15385
2792 0 4014
2792 4 17172
515 7 30760
22920 11 11456
32178 0 8622
3588 8 7329
2631 11 18990
32812 0 6863
3911 0 6263
3066 0 3572
29637 6 25846
31674 11 6537
1209 0 2487
1920 11 15769
27530 11 26586
2982 0 30148
26686 5 1221
14369 6 9991
16183 11 30083
21533 5 4026
13569 8 8891
21425 8 23562
15836 11 3114
4733 5 22024
20474 3 13493
6748 0 16884
7030 6 1593
17962 0 22122
31088 0 8016
32611 11 27297
11403 11 30691
22406 2 8118
20272 11 33328
10422 0 24104
19019 11 25070
24975 6 29616
8327 11 15579
24573 11 20795
6591 11 32772
13425 3 13493
2325 10 11828
16172 0 32754
33278 0 18467
16997 3 15352
8392 11 16895
20784 11 27646
30164 11 31536
16044 0 10343
29571 11 28220
31903 0 20715
12796 0 4722
5925 3 32619
23892 2 22479
1272 8 24884
9672 11 14662
23208 8 28211
21846 0 14741
1319 0 7016
9548 11 31046
5228 4 31817
17142 0 16306
6330 1 14638
1972 0 21352
4135 5 11847
7016 11 24427
18011 11 5237
21227 7 17000
13609 11 1635
26374 0 3408
28354 8 24729
1623 0 2983
20987 3 434
32828 5 3677
31873 5 12701
24731 11 20898
33294 11 22541
6479 5 15698
9518 0 31529
28636 7 15464
3752 11 15880
20067 5 10024
30466 11 3535
12936 5 22938
16354 0 31034
27783 0 2999
748 8 14906
19611 11 23282
15569 8 17135
7144 0 10967
29190 0 9769
22493 10 30301
4379 8 12399
28258 8 18973
4960 11 5013
32796 0 13595
534 0 1837
17224 0 13391
21613 8 23837
33017 10 6008
7559 10 3049
31803 5 14156
13978 11 26252
13256 11 24492
930 11 21977
1387 3 4249
9185 0 17269
1531 11 14961
28384 11 6608
29657 0 31635
7859 8 26845
27133 0 6236
31473 3 17826
19692 0 24795
7272 0 21910
16442 0 8876
14026 0 14162
25837 2 26705
29343 11 1966
2837 11 4613
19018 11 10893
25837 2 25209
3018 11 16044
21600 5 8973
12417 6 13414
8008 8 10399
18816 5 24856
32405 0 1610
30702 10 15650
32095 5 6473
7205 11 1870
13544 7 29257
1966 2 29777
23131 7 3510
20226 2 13202
14356 7 5786
536 0 25042
17746 11 28517
16044 0 1232
18959 0 8494
27958 11 10473
12425 11 6971
28138 11 19313
24547 0 4946
26350 5 10384
26093 8 28305
32219 7 7631
31070 11 19296
5219 5 29734
23938 0 9063
25244 0 8565
3697 7 16227
29381 2 6662
28464 5 26523
13373 11 6541
28533 0 15643
29188 11 12345
3808 2 146
1378 8 15670
22911 11 22518
12549 11 15388
9796 8 13630
309 11 12793
23467 11 5944
32863 0 8339
18293 11 24763
14768 0 20500
6737 0 23275
15295 0 10111
18560 8 7592
27226 1 19730
31756 5 28362
6177 0 3212
30639 0 10957
9445 5 23384
4249 0 24139
18737 0 3726
31008 11 4757
14766 11 9676
16044 0 25334
8930 5 20192
9334 7 9334
536 7 17274
29014 11 33263
19528 11 25070
15271 7 29301
6484 0 4415
23881 11 202
15639 11 15639
13314 0 7476
31956 5 10339
16044 0 23695
20953 11 587
32912 7 2670
27234 11 7866
17486 8 7352
21956 0 11947
9627 11 16046
7131 0 7097
31191 2 6175
23877 0 17331
2565 0 28523
15506 11 16315
25631 11 3588
32435 0 16283
7612 5 14616
17958 11 31946
32235 4 13473
98 2 30115
22105 0 14994
32215 0 14884
2792 4 1739
16337 0 13480
23331 11 6850
4171 11 3565
6133 8 3303
8727 5 274
28026 8 10745
6155 11 16624
3305 8 9318
1971 8 6338
23920 5 28136
2045 11 33015
14169 4 16721
10316 10 22406
10903 7 29753
3563 5 25612
22673 11 16044
19091 5 2186
2337 11 18228
30639 0 32532
32204 0 27762
21481 0 8296
2138 3 4249
3406 11 14335
25219 5 8
18723 4 8191
30639 0 1391
1697 11 17880
3349 0 16949
3269 6 5529
9827 8 10539
20465 11 242
27110 0 3291
12383 0 16901
18704 6 22794
20226 2 18305
2501 6 12590
21453 7 7393
22971 6 26648
21734 5 18930
14558 11 32134
1881 0 2691
25700 11 22031
30119 6 25435
25658 1 18929
27386 0 2857
13461 0 9150
295 8 12871
28177 11 29418
31828 3 6635
33104 11 28847
28462 2 22814
505 5 20192
21863 6 171
26804 0 27803
20281 8 4208
22282 0 7053
748 5 2020
1691 0 8666
32119 0 5486
6008 2 19790
22196 8 23479
13801 5 708
10796 0 1098
4310 11 18990
10597 5 17347
4660 11 32863
10716 11 16044
24855 5 21470
26579 7 29454
15476 8 14073
22724 0 3831
14812 0 18935
3016 0 18792
23343 11 19272
13479 11 27386
19982 11 22058
21317 6 22087
31548 6 7346
20992 11 21937
13444 0 7614
21041 0 31864
21217 0 24740
30743 0 27890
8864 10 3808
27901 5 26120
19448 5 29246
7863 0 21918
28907 11 3411
8487 10 31793
33283 0 31121
436 5 10761
28108 0 30187
23416 8 24374
12688 0 22043
8748 6 7590
20514 0 22879
1358 8 1502
9111 0 19991
1220 0 24311
6274 5 19605
15376 5 2075
21911 0 6650
20863 5 12804
13597 5 10576
2934 11 13189
3291 11 27110
30636 8 30872
15089 5 11837
8519 0 20977
11158 11 5354
6537 0 4170
9193 6 29533
1310 0 22537
16464 8 30149
28107 0 20954
6008 2 4257
10261 11 8682
32964 11 12820
1312 3 10638
27317 11 25552
6993 0 11283
25399 5 28238
15345 0 9390
6936 11 27953
15284 0 10381
31276 11 28651
6786 0 30856
11074 6 32441
31462 0 20960
32077 11 17224
18079 6 23413
23488 11 30917
32918 8 989
21545 8 23958
17189 1 21278
19182 0 3203
5196 8 20865
14806 5 28229
8838 11 30083
2244 5 18928
32235 4 27815
20485 6 20929
17168 11 16432
1385 3 16646
7761 7 3770
1590 0 29426
12628 0 12608
8850 0 9304
3054 3 18194
30318 0 26141
18930 8 8120
28339 11 12449
19211 7 6746
25258 11 28699
16252 11 22724
23443 1 16746
15764 0 20408
13931 0 18866
13489 0 9132
7324 0 19976
21956 0 20987
31596 11 16044
8705 7 24108
24132 8 31333
22073 11 16838
85 10 25841
30332 0 29907
30143 8 21546
1051 11 25205
11727 0 33278
18354 10 6008
513 0 15521
9634 0 14530
31785 2 27167
17281 3 31311
32772 0 32146
31310 5 28376
15650 2 2317
30384 0 16699
17771 11 13854
6885 3 28982
32636 0 29722
22463 6 32526
4033 0 15701
15225 2 25316
24703 8 16412
32529 0 29129
24586 11 18108
28375 2 863
975 1 11274
1080 0 16049
3046 11 2755
11011 8 23388
6008 2 32739
14158 6 17265
16742 10 9766
27566 5 26298
21688 0 699
5087 0 28959
14501 5 7528
1121 5 5622
22533 0 14796
4207 10 31951
25926 11 8779
13493 0 26357
5198 11 22816
30153 0 8246
1622 0 32775
31691 11 23299
16491 0 32152
12794 11 15633
20160 0 2993
14793 5 27902
15415 0 9767
23598 11 13603
10106 8 30215
24550 5 20328
29187 8 27653
5723 8 28802
22188 11 14530
17522 1 17861
26433 0 8569
30694 7 26983
29385 6 1543
33065 0 15938
16137 11 17215
12570 7 28375
17427 11 28588
8099 11 25070
23382 0 31210
19358 0 24537
26218 11 16496
14601 5 18930
24254 0 25640
29145 11 19675
15218 8 12900
5760 0 26743
28950 8 31523
22322 6 5408
6058 8 6107
31282 5 28345
11048 11 28890
18970 0 777
7258 11 8449
540 6 3513
4540 10 19828
3348 11 9784
24669 5 24334
17399 11 19420
30760 2 19617
1994 10 22560
2923 0 17896
18077 11 2678
6578 0 13210
33311 0 7174
22492 1 14740
27736 11 32776
931 11 9279
15195 7 2115
2869 11 6943
24851 0 23027
26656 11 11234
2777 0 20489
29232 0 7744
14604 0 32203
30917 0 23488
17413 8 27007
16624 0 6155
22282 0 5072
3956 5 16707
23942 11 18898
22737 11 22910
30318 0 14242
6484 0 12859
5119 0 22745
9149 0 8800
30154 0 10121
21092 0 19908
500 0 27489
914 0 28660
18848 11 29691
19660 0 13590
11736 0 3922
13933 11 30639
12639 11 14848
4429 7 24975
480 11 30363
8551 10 19334
6008 2 33001
1425 0 13858
15796 11 3986
13719 0 8633
11751 3 13493
28027 11 19296
28651 0 27370
28085 11 5582
15633 0 2821
7818 6 2518
30463 6 12618
31365 3 23746
24463 11 10898
2943 0 10420
6184 11 27500
24684 7 33310
6635 0 26015
13292 10 28462
6172 5 22708
15127 0 3476
20160 0 23669
22582 5 19718
12297 0 25352
32022 5 32869
11073 0 4350
32636 0 22283
16915 0 23440
28748 5 10609
21262 6 27059
10912 8 31603
9844 8 24542
19205 11 31494
14812 0 29010
20160 0 10396
1363 11 28280
7526 5 3310
29997 11 7999
32235 4 25867
13252 0 23828
18851 5 10069
16819 3 13314
626 11 6908
5883 5 12488
2759 0 10095
19347 0 24300
26270 6 11468
12627 11 30049
25070 0 18171
13832 0 31304
10312 0 6919
21650 11 28766
25460 7 29641
24616 0 20418
13505 5 25815
26494 10 25837
1556 5 1594
1787 3 10566
31909 11 22558
23644 11 9008
30756 3 19063
17505 5 24819
2177 7 29086
18737 11 22048
12411 0 2241
1177 11 16491
16044 0 22666
32525 0 3222
26450 0 13605
9839 0 28417
29268 10 28449
33046 0 11683
13154 3 4249
26570 3 5834
19695 5 18001
1691 0 30616
20226 2 16595
31262 0 31141
24468 0 1548
30712 7 23779
27728 6 17201
5901 1 31893
26001 6 28162
9276 0 31843
1607 11 4076
24547 0 26104
4896 0 13740
10796 0 27046
27264 11 10278
13412 11 28365
30695 6 16983
4984 11 9320
19249 7 25576
24783 0 10831
15880 0 30298
27232 0 17078
24629 6 2164
17375 7 2541
18325 0 32711
18368 11 26327
22764 4 23796
6590 11 129
24242 5 25321
18098 0 27607
660 10 31785
6008 2 27015
14687 7 23558
40 7 30046
13745 0 25187
7370 0 23730
16510 3 264
27755 11 30639
28210 11 8868
13896 0 15458
9791 8 17678
10150 5 13568
2906 11 12089
12931 11 20965
11210 5 23714
4810 8 17744
9798 6 5654
3247 2 10619
31832 8 4785
30763 11 9131
30401 0 13736
4047 5 29648
25596 5 3855
10252 7 19732
13719 0 25574
20226 2 12533
10684 11 25070
18990 0 2431
32296 6 26630
4249 0 13725
13185 11 4898
31348 1 15596
23460 10 19446
28042 1 11584
15650 2 19974
4510 11 20261
1566 11 26663
31803 8 16228
26410 0 23008
32972 11 25472
32843 8 27084
27892 6 10867
19558 8 21354
31385 11 7652
14104 2 12945
21554 6 12011
8647 7 1860
7184 6 2194
27190 0 31113
20729 7 24254
21181 0 3088
30603 11 28588
776 10 25837
4711 0 19062
24839 0 20530
21947 11 16044
23198 0 20120
16379 11 15419
5694 0 25011
1569 5 21736
5233 0 26600
15105 11 31061
14884 0 13178
13898 10 17379
14075 10 18471
4566 3 6985
31655 11 25439
7264 8 28577
2946 0 29091
12919 11 21309
31560 0 7267
7643 0 8040
3371 11 33141
22724 0 20937
25889 11 17915
22052 10 20226
6008 2 24538
9599 3 32636
32942 0 21226
13493 0 5864
11837 11 14662
29747 6 7961
22280 10 11955
16792 6 25916
29625 11 24140
9430 5 12173
18347 11 9285
28168 8 24315
16740 10 31444
13493 0 29534
33232 6 1402
9298 11 21826
11877 11 16496
10321 5 3920
2499 1 29715
17219 0 9825
12093 5 11747
10222 11 18942
31943 6 29384
22031 0 18060
10987 11 27783
25472 0 25941
26156 11 17256
19927 0 2378
26138 6 1975
6428 5 17415
25234 8 29240
2204 5 25941
21702 8 859
12516 8 20601
21240 0 30506
19677 11 15633
25550 0 21468
4138 6 3885
24214 7 6829
22795 10 11736
9347 11 30421
30674 0 25681
23370 1 31939
4249 0 9162
6032 0 10933
7183 11 3940
29856 5 24876
4284 0 18900
2656 7 29052
5140 0 21924
14965 11 5281
6008 2 17507
14074 8 30245
16435 0 31550
27656 0 2693
441 7 10104
21924 0 33237
19392 7 7073
4218 10 28449
32533 11 2447
24896 1 26121
5281 0 24965
20486 11 10893
24119 11 28392
30567 3 32636
13367 0 11170
8632 0 32466
18122 11 24860
5009 0 13732
12564 0 13988
7752 11 32039
3160 8 11448
22454 11 16496
15754 11 31952
10115 11 13721
23980 11 16238
14539 11 14393
15742 7 17320
33140 8 9098
1815 0 87
21756 0 29382
11806 7 29264
18269 0 30401
15764 0 33325
24698 0 19333
8034 2 24076
11997 8 25718
6635 0 29796
26248 5 10384
14467 11 5418
25439 0 19210
11900 3 1339
1482 6 15019
32863 0 8039
19973 0 1484
22839 11 23367
9518 0 14879
31087 11 18265
8402 11 19283
32746 0 15815
26432 0 15948
30047 11 5983
33171 1 8830
29530 11 21824
21351 8 14439
11673 7 16312
12764 11 29874
16508 0 1783
13072 5 8388
4292 11 15602
22178 5 10356
19427 11 30678
16641 11 4959
14335 0 841
15147 0 15214
2255 8 17384
10517 11 369
3228 10 10287
11778 0 8196
803 11 24658
32668 11 13231
7459 0 22243
31017 0 24902
13603 0 1994
32018 11 20844
12841 0 28777
23854 10 14033
21900 11 21321
3808 2 12150
4164 3 31099
8181 8 24680
18675 10 14033
17407 11 14335
6246 5 7168
30876 0 629
12383 0 19383
32545 11 15633
28935 7 26001
10959 0 20878
32224 11 31159
28720 7 17934
25602 5 24154
8699 0 79
4067 8 30613
23282 0 13204
9894 5 8837
14345 8 32608
9108 7 15842
18256 0 8597
32205 0 25906
5681 11 4052
22816 0 6626
15569 8 17770
23079 10 20226
24631 11 29793
568 0 9283
8315 0 32710
98 2 17572
31943 6 31094
31910 0 28614
1189 0 6207
14891 0 1600
2650 10 9834
25872 1 25222
29485 0 9688
17254 5 18016
776 0 21785
20036 10 32669
17256 0 11052
27033 11 25241
21317 6 28818
23339 7 3186
30368 0 1283
31079 5 32586
28417 6 30828
28678 5 658
18466 5 19549
12074 2 12419
28225 0 9636
2535 0 17740
2422 0 8667
26248 0 32389
27050 11 29094
31613 0 7974
21767 6 28460
16213 11 24864
23303 10 13227
26630 7 32296
18420 11 9140
2602 6 21440
12539 11 27961
32264 11 24254
11273 0 19671
21514 11 18051
32210 11 14662
20514 11 30875
1916 7 24497
16367 7 8951
19170 11 32040
14326 11 15160
21124 11 24547
3449 5 10154
19993 11 22805
18690 11 29491
7077 11 9244
18135 0 3723
674 7 6989
2759 0 20972
30760 11 1204
23254 11 32440
4575 6 6836
20225 11 24960
13126 6 17156
8653 0 2550
31768 8 6433
14901 11 33011
10236 1 209
14662 0 18634
10472 5 5729
9840 8 21124
7794 3 26124
6107 0 4394
21956 0 25768
940 11 26499
44 3 23667
9895 5 1918
11462 11 24468
18099 11 17256
21707 5 4087
5637 0 6592
7884 5 2825
20898 0 22909
23777 8 215
3656 3 4695
8108 0 12136
3005 0 4790
24366 8 29746
8523 0 10708
6608 0 13353
27439 0 24146
23050 11 16238
1866 0 9547
24951 0 20399
1440 5 26332
15550 5 5838
31312 8 13933
11279 0 16458
16156 2 33240
23934 0 21344
32235 4 4815
11059 11 13022
17559 6 24595
4670 1 1659
18471 2 20908
14530 0 14318
18261 11 6559
21057 0 3491
11325 0 17908
30472 8 12915
18935 0 17683
9397 0 29696
4249 0 12303
21489 8 1011
25238 4 23602
26648 3 4249
12129 5 2315
12359 5 8745
25520 10 29184
11854 0 10548
13714 0 18507
20915 0 1583
30432 11 13844
13180 8 22045
8089 7 22463
11475 7 32682
29510 11 3720
27464 5 32007
15996 0 16024
1820 5 20767
25735 8 24993
2261 11 16499
31847 7 5647
19849 5 23312
32636 0 31486
25775 0 8868
32669 2 6281
23160 0 2976
7009 0 8658
29887 11 17256
5932 11 11325
23282 0 17194
3304 5 11101
19781 11 9404
21358 3 13314
1652 6 18986
2381 7 2381
8714 0 7266
15377 8 8965
7940 0 13661
15796 6 3158
27458 11 23273
26445 11 21121
16496 0 21718
1691 0 23834
16489 0 21272
6882 11 24653
18269 0 10887
30920 7 18010
13867 11 11179
29076 0 30598
16661 5 20192
29084 0 15910
28010 11 3924
4182 0 11431
3262 11 24
32812 6 6746
750 5 5743
24411 11 5077
13037 0 5327
12591 10 10287
12953 11 29861
31793 2 26832
12906 8 10494
25332 5 9605
9465 0 1405
7216 5 25794
22202 11 20018
2260 0 5753
8137 0 14457
31732 5 31617
4323 11 32440
4451 1 2638
1300 6 23503
21119 0 15811
28614 0 23442
21919 5 31352
24629 6 8543
30582 11 3452
10260 8 16508
18188 0 31406
1456 5 6800
10709 0 7012
22921 7 22921
14968 4 14650
32863 0 25354
33313 11 12973
5553 0 16031
26568 8 3450
16683 8 19800
30278 0 29405
20813 6 24284
15334 11 19690
6008 2 25232
32235 4 1736
26124 0 20913
19451 11 26091
18983 6 23118
30269 0 3588
24633 7 30917
29788 11 3269
31725 4 14261
25153 0 14542
23034 11 15371
32423 0 536
24424 0 8682
30963 0 26148
23306 1 22641
17872 0 348
26568 8 31107
29106 2 11515
28143 5 9024
24556 7 4318
2305 5 11404
32270 6 3892
22031 0 31589
12340 0 15284
32005 0 8210
5801 5 10481
24580 8 23606
16570 0 23588
6737 6 28764
18651 0 27447
28782 0 29277
4249 0 9081
3270 5 2418
5871 0 30858
21417 0 20183
30762 0 12627
24184 5 19558
28982 0 26177
27139 6 17254
28648 6 28860
9754 0 26415
1925 11 5281
244 11 6665
27138 11 524
22218 0 1000
3487 8 33018
33055 0 19751
32863 0 16899
30000 0 32512
20237 0 15521
7059 11 1251
7853 8 22436
6175 11 14976
14246 8 10187
22070 3 21956
18359 11 19328
15080 8 7820
33263 0 6817
23052 1 5217
5157 6 11122
13146 8 19087
32077 5 19125
505 11 32440
17398 5 4522
31795 8 9266
25167 11 21770
3875 7 7818
7647 2 25744
23466 0 14075
7527 8 2399
4051 8 2635
27691 11 10330
25166 0 19280
24289 5 9591
16044 0 33196
26475 11 9017
17393 8 737
10963 5 12684
12382 5 31832
9244 0 3219
25986 3 11186
14469 11 31061
2398 11 13090
29529 0 15368
12775 0 30821
15256 0 28753
28468 0 31272
28282 0 12499
4649 8 7897
12595 11 25710
12572 11 19
30996 3 30625
9911 0 22012
11872 5 11869
24284 11 9213
10577 11 16838
23097 11 15588
704 5 17583
4521 11 6768
10973 10 28375
2142 5 16564
19385 5 6874
8219 0 6165
15505 11 15838
25205 5 13938
13942 11 32863
12133 6 20876
30532 3 14699
24787 5 9184
194 11 5197
33066 11 25852
10817 6 12449
13894 0 5709
8438 3 6943
28015 11 6016
8235 0 10296
19375 8 16272
2130 11 22724
20010 0 3706
25672 6 4264
1084 11 15633
30510 10 8660
26491 8 12229
8778 5 4980
29770 10 20226
15055 0 7939
32085 7 17576
1376 8 719
17485 8 18456
24820 5 29284
13306 8 827
18423 7 24598
7557 0 20068
13226 7 13226
32847 11 12960
10413 11 9008
20025 10 897
312 3 13603
14662 0 30613
10287 2 7981
19242 11 22992
22970 8 4373
29815 6 23213
7571 1 5606
22005 8 21721
4249 0 20411
21908 0 10421
27844 0 19236
18633 4 16567
8704 11 32670
30918 8 28268
13952 0 9756
5000 5 4236
25070 0 19973
5375 0 1070
22769 3 6484
7350 8 10192
25946 11 8315
25857 0 29378
32016 0 2268
6390 0 6253
1514 8 32496
4375 0 4493
18096 3 15773
3583 5 30517
7858 6 17659
25360 11 9457
24873 11 19039
11544 8 16712
13048 1 28656
11727 0 6122
8251 7 30463
7424 0 9357
15849 6 27523
29451 1 22399
32772 0 3455
3627 11 12879
26130 11 26633
23930 0 5654
11618 11 15788
25222 1 22427
1249 0 18707
2174 6 8263
310 8 25481
12834 0 21697
263 0 28522
16811 7 9448
30135 0 5488
24968 11 32863
15100 11 10220
22463 4 19191
679 0 29570
32863 0 3078
6943 0 17652
32636 0 14271
9793 11 8850
3179 6 7190
15901 5 29187
25874 0 10561
30654 0 853
4269 0 10546
13037 11 30746
13603 0 25628
27375 11 6919
9856 10 22320
2575 11 7681
8246 7 288
23355 3 22600
28462 0 20694
5772 0 14190
29394 0 7054
11432 0 1296
7230 0 15630
1482 6 18704
21056 11 29038
13487 0 31122
2413 0 3237
29678 5 1378
1815 0 25665
29363 11 30278
15468 5 9490
30785 11 1994
6537 0 3211
3046 6 12040
13022 0 5598
28354 8 19653
15393 6 25535
8513 10 25141
14507 10 28764
32589 11 19847
18079 0 10958
32636 0 31588
16127 0 20082
22463 7 26138
27476 11 26327
32299 0 18167
6524 11 30140
878 10 18079
13045 7 16312
7736 11 23689
5278 0 4955
5036 6 2179
14156 8 1491
12998 6 23140
16119 0 11244
2105 8 2597
14026 0 24905
29911 8 10315
22928 0 26137
32545 10 897
22830 11 32041
32492 11 15411
10485 8 32253
5966 0 381
4044 5 2536
1053 8 13122
25888 11 30942
5631 11 7760
11762 11 31015
20652 0 5790
30987 7 15096
13955 11 32138
26099 0 12770
22010 5 19144
9031 3 16680
21026 0 6409
3766 11 6206
18633 6 12642
24120 3 536
26870 11 13252
4198 11 1113
9830 7 31548
8514 6 26377
18417 11 18439
6299 8 6328
22528 5 24154
9244 0 16009
11058 7 30203
25151 11 13252
17807 0 8943
4435 11 26499
14357 7 22690
12012 11 4661
17797 2 29531
4695 0 21927
22547 0 28135
18061 11 23681
5268 11 2350
3360 7 24108
30861 11 14867
15579 0 12783
867 7 13875
12257 5 30748
10585 11 3135
30549 10 6008
19716 0 16951
25990 11 31740
6303 0 22747
11843 3 29335
32234 8 26362
30924 8 15183
23812 11 27556
1790 10 21672
13714 0 19076
7251 0 22706
32440 0 19323
7460 5 1648
29588 11 23588
466 0 4489
624 7 7096
11082 11 6908
33210 8 2511
7002 0 32873
7234 11 23034
3236 0 8662
23985 11 33046
22020 5 29590
7296 10 3894
1862 0 22236
17211 8 1081
11510 11 9017
14968 3 16838
32400 11 20015
2562 11 26385
25783 11 16235
25873 5 18156
14092 11 21309
16312 6 1625
9045 7 12687
25092 0 9996
6737 0 18214
1912 0 28585
31794 6 468
6008 2 32643
2102 0 19205
32428 0 9091
11504 8 16800
7647 2 9861
3465 5 24888
26840 0 18657
31651 11 24547
27208 5 19720
24648 8 17759
31441 8 2353
6008 2 7491
31563 0 21863
9285 11 9149
563 11 26080
19608 8 10277
9552 11 14976
13493 0 31384
15308 11 24804
6008 2 5616
19692 11 14384
27442 10 3782
19648 11 32829
403 11 1162
13543 10 30483
9766 2 26411
13832 6 2196
26954 11 20137
2788 8 29364
5624 11 24449
29 0 4188
22850 11 12089
22632 7 23098
26568 8 29133
31382 11 6919
20844 0 15783
7913 3 16838
9250 0 21350
29800 8 2563
20494 6 31196
7750 11 4269
15752 0 18062
3140 11 20160
28159 0 8598
614 11 10498
22615 0 31335
26524 0 11034
32123 7 7030
16266 7 17254
13688 11 3375
15816 0 1017
7711 0 14152
21836 11 20447
25545 0 31212
28360 8 29639
12168 0 8733
29093 0 6605
15316 0 6092
21309 0 19098
29983 8 5633
9719 5 11882
14878 0 538
21309 0 8266
12921 10 14033
28228 5 22316
23601 0 9130
16508 0 12458
32541 5 25339
7336 0 19711
71 6 25938
30318 0 17292
4741 11 8758
1601 8 18510
7637 1 27083
8589 7 8589
32271 11 28692
30248 11 568
897 2 9861
13649 0 8909
27018 11 19446
17950 11 9634
9485 11 18970
15633 0 15780
9720 0 14811
1310 0 6319
14450 5 14070
18948 7 28952
24522 10 25841
24517 6 32621
15602 0 16390
13022 0 16630
24713 8 17543
30485 10 6008
27576 0 25722
17301 11 26795
27719 8 499
22308 5 10691
17686 0 6399
19259 0 25626
7324 0 11309
17679 8 4830
24367 5 21220
32204 0 3074
28787 6 28787
143 6 27971
25263 10 25558
5116 8 32761
21516 11 1474
13585 7 17254
6953 0 26830
17941 11 25417
32553 11 22474
17256 0 4705
24373 0 20874
13449 8 28216
31000 8 13010
20456 10 897
5322 8 3026
27751 11 906
4218 11 25113
6986 10 897
10843 0 10286
8378 0 6720
22136 11 20652
26113 11 2185
10867 0 16748
30371 0 23286
1310 0 14183
18200 0 21603
20625 10 12074
9207 8 19126
22526 0 5616
19881 0 17364
7064 0 22987
26429 0 13852
11462 11 22093
1359 5 5838
8453 7 14421
13489 11 19358
28501 3 23466
6261 1 27192
24219 8 27934
4467 11 24951
21772 6 3747
17699 3 4249
2990 7 10030
28951 11 28066
19317 11 16602
15622 7 21729
28159 1 11239
25876 0 1650
23010 7 28719
9068 0 32569
13356 6 18514
32473 11 895
4555 0 31140
15761 0 31082
12503 5 31968
19799 11 733
21766 11 24839
12843 11 27573
15995 5 7873
14599 11 8656
28428 0 20947
16552 11 24839
31064 11 31038
1115 0 12337
28472 11 12016
3049 2 7559
1378 8 21973
17153 11 16044
21030 7 20224
16311 11 9634
11959 11 30797
4758 11 10442
13746 11 26389
19546 11 31143
14812 0 4281
26433 0 22861
11555 0 26494
5358 7 6913
6008 2 24504
22724 0 2354
33196 11 16044
3677 8 24648
26968 11 24285
19767 8 23764
25190 6 7025
13880 5 1913
20989 0 32924
6475 8 31683
2596 7 12704
10332 6 7669
11597 11 20359
6611 11 33317
24392 11 18081
32518 7 720
11850 3 24506
15764 0 6139
2458 5 19304
12409 11 5122
21908 0 22816
23045 0 1596
32554 0 26201
3519 7 7704
4585 0 23019
20741 11 9067
4814 11 15731
15602 0 24289
2986 5 25234
3933 5 8793
30620 11 14191
24700 7 30269
24792 3 13966
6283 0 16395
3487 5 4546
13087 11 30639
17743 7 4534
11410 11 21824
22757 11 17746
13594 6 295
24046 5 15670
3069 11 10227
1193 8 25131
13215 11 30301
6877 8 32432
15419 0 1130
9745 11 18326
22724 0 3178
31032 11 23091
16669 7 6095
33191 0 29245
8906 11 4169
9693 8 25517
6635 0 3266
10709 11 289
15411 0 7740
12288 11 15602
15521 0 5463
12455 8 20664
23118 11 3186
7891 11 29092
16967 5 30907
16970 11 30371
31444 2 24204
26023 6 28181
32786 11 19426
24839 0 3356
15217 11 18122
33201 5 22708
18797 11 387
10077 7 23628
11748 0 3960
29106 2 3848
27929 11 7652
4706 11 12811
15225 2 3632
2846 0 31971
31048 11 2296
26717 11 9468
15327 0 2948
18261 0 18476
4254 11 8850
8495 6 2995
11859 0 179
25497 11 28085
26138 6 4973
24804 11 10062
12941 11 2219
28058 6 15437
23121 6 3266
4249 0 2750
18122 0 25762
27310 11 568
9402 10 28462
32863 0 26395
21783 10 31332
4775 5 68
22093 0 751
12879 10 3808
17191 5 10481
13641 11 11907
9880 0 15778
28284 11 1532
11383 8 12001
32235 4 11742
5935 11 13208
16855 11 7064
23561 6 30319
7534 0 5358
3097 6 1764
18322 11 9634
21347 0 32673
31811 8 18406
26673 5 24219
31869 0 20410
8723 8 1059
21383 11 7725
12908 5 20985
29979 11 13721
17195 11 32525
12906 8 23699
30760 2 2254
11252 8 4175
27660 0 6906
27451 8 8707
2614 5 23979
29966 11 22037
17420 7 15097
22031 0 1355
30000 11 11110
11807 0 21776
13931 0 9339
17195 0 28364
23042 7 7325
18829 2 20558
16496 0 15915
17959 0 10219
19646 0 20771
5038 5 3039
21293 5 13378
27180 5 27262
18664 8 22171
28879 11 24498
18184 11 25917
25939 11 12829
1174 5 5665
155 0 26552
32950 0 9399
30201 11 25295
11847 5 24299
11736 2 14482
25501 11 13873
29810 5 30323
6853 8 25363
4891 5 9425
32881 0 26132
27811 3 27656
13029 6 32809
30933 11 13252
24518 5 4730
15233 5 10481
5375 0 10264
17692 3 23930
3587 8 1505
10931 0 15823
28462 2 10126
22423 8 15568
17254 4 30333
30491 8 14907
12514 11 22164
29499 11 22759
29092 11 4900
18319 10 29184
32812 0 11629
29951 5 18338
19627 11 19011
22857 11 2160
30639 0 28273
25837 2 7779
10477 5 8625
25935 5 28325
26894 11 9935
31444 2 31458
16287 11 16046
3299 0 9290
25575 11 9636
16238 11 15838
23475 10 29106
30935 0 9600
22196 8 2473
24150 11 16496
28037 1 28820
29471 0 17043
24839 0 24916
6914 11 411
24547 0 2365
12074 2 8932
11515 11 25711
29194 0 21559
19708 6 28053
26568 8 1608
27439 0 25807
31305 5 6550
24501 0 20794
26585 5 14531
27386 2 14465
31191 2 3017
25729 0 25997
6191 0 11846
1220 0 15747
13667 0 17496
17783 6 28482
27217 0 1410
24839 0 32807
31034 3 16354
15721 8 26205
19909 8 4049
9844 8 6124
23348 8 2666
22225 8 7259
953 7 32645
20591 0 19970
17904 5 22694
11606 0 29083
23282 0 12344
25070 0 23379
8061 0 31793
6858 0 17644
644 8 22060
30937 2 12395
4459 7 1323
8802 8 7691
18193 0 29559
11376 11 26235
14453 8 32256
5119 0 1572
10237 11 26242
1970 7 5426
27086 11 13208
10398 10 18304
2577 0 9320
22927 11 33046
7538 5 27984
26190 11 22119
5921 11 30629
16042 7 9398
11272 11 28468
21292 11 26431
22256 0 8814
1994 0 29411
9725 0 5907
9425 8 3637
23598 0 12590
30751 5 28252
28744 11 12994
16915 0 2066
3149 3 8490
8850 0 18461
18549 11 32204
28052 11 32440
8384 0 30549
3444 11 21863
27050 0 15891
29129 0 13359
18836 11 22724
30049 6 9825
2023 8 22148
8264 0 15804
7185 0 13206
30542 11 24547
10057 0 23587
731 0 4260
33314 8 14018
13008 0 29840
587 0 22062
3367 11 28085
14847 11 11481
4749 3 21712
33311 0 23731
3986 11 39
10214 0 15916
1210 11 10796
6427 11 7901
1093 6 8327
3451 7 19673
8764 5 24583
21257 0 28402
21399 0 6866
29646 11 26344
11955 6 6198
33210 5 1136
31179 11 21321
32583 11 12759
10945 6 22749
506 8 13119
9834 0 15637
28732 5 17785
30456 10 6008
15682 0 6086
3534 11 33134
11468 7 26270
13532 0 32966
22089 0 8860
1870 0 9992
26124 0 1669
1508 8 30280
30036 11 20624
15284 0 391
30760 6 12437
18157 6 30453
9043 3 13493
26174 11 25070
32885 0 33282
14608 3 4249
11846 11 6191
15279 5 29911
29369 8 26887
1200 7 29018
29198 0 4838
20193 3 26124
15375 0 20772
18930 8 8937
31017 0 17937
19919 6 24270
27207 5 27719
20721 5 27351
19259 0 19987
8295 11 6424
24553 7 30311
27953 0 2902
20920 0 18800
21394 11 3713
10476 3 26124
6606 5 24015
23921 5 1413
3490 11 29834
25045 11 31134
8137 0 3575
23579 3 24753
11974 0 3148
794 11 21417
32439 11 12355
26858 7 11955
6314 6 30513
22930 6 2265
16904 8 27043
33293 3 6635
1780 0 6682
15072 11 18475
22683 3 28982
3119 11 28651
22844 0 26919
8291 6 22161
4309 6 16495
19885 0 1353
14503 11 17872
29914 11 13578
1937 10 20947
26980 11 22788
22463 5 17582
28449 2 28021
17190 11 32817
30016 0 9572
6130 11 10796
23403 11 11351
10790 7 17892
4161 0 25603
25837 2 5381
6807 11 22727
29434 7 16312
7887 7 20876
11791 11 24839
16555 3 26786
15685 0 23488
10159 7 11429
19343 0 4062
14855 11 22449
11853 11 25974
11940 8 23976
21514 0 20202
24839 0 17980
22741 11 1718
10544 11 25472
1772 0 28009
22463 8 23569
22332 7 720
16564 8 8792
9897 0 15678
9905 8 13281
4536 0 21108
18881 8 19394
8900 5 3758
9149 0 5972
28535 4 20056
32235 4 18819
10709 0 20750
27271 5 17334
6505 11 25807
2807 11 12952
2395 11 23282
8472 8 7893
20655 0 5300
12803 8 8753
10113 8 32237
14801 11 1790
31090 5 32055
8785 7 25761
24258 0 12611
29656 11 11807
10057 0 1605
20541 11 3099
23404 11 19205
23742 0 10383
30913 5 15777
6484 0 33246
29086 0 25177
6908 0 20677
13970 11 16926
15571 0 13487
3168 0 23807
31013 6 6746
27762 11 5620
18193 0 13043
21186 5 8126
27273 5 5800
23466 0 494
18051 11 13714
31028 0 24436
5210 5 20627
20801 11 29
8595 0 30818
4450 8 16952
33315 11 5799
33228 7 1482
12340 0 20958
21363 6 21363
33311 0 32159
16599 11 14997
1720 11 33198
13542 6 10622
13220 11 2940
4801 7 11955
13667 0 14593
29466 11 20237
609 11 6211
784 3 16838
17729 10 29257
18511 11 5843
27646 11 2933
24985 3 14563
24680 5 8181
20634 11 4297
24415 11 9529
4388 11 27309
1310 0 32331
32235 4 7819
22081 0 10217
9754 6 22248
112 11 25860
9664 1 30538
4549 0 890
30833 0 23973
7697 1 30063
27050 11 8656
7579 0 11035
2153 11 28225
13469 11 25997
11880 8 1971
8868 0 30508
13469 0 17803
28951 0 22151
22345 7 14148
20562 6 20562
25841 2 33203
10784 7 2557
32787 10 3808
29624 5 12017
32451 11 25710
14730 3 27341
20550 8 8420
28436 0 14901
1063 0 24409
29517 5 25441
29008 0 15181
20992 5 15568
25566 0 25453
18407 3 4378
23149 11 2996
6643 11 31259
7933 0 31132
31726 11 22257
6008 2 17183
32759 11 13346
22005 8 32699
22039 0 27415
26677 0 5430
7442 11 26683
31368 11 27844
30639 0 18840
10512 11 24839
26992 1 14012
7883 5 24750
19456 3 32636
15544 11 31969
10537 11 9185
31419 11 19237
26124 0 7080
12674 11 32052
14023 0 16999
7750 7 12571
16044 0 17097
3039 8 722
320 7 13542
11415 11 8892
6537 0 22494
11557 8 30336
10178 0 7891
14986 10 12810
6008 2 24719
3665 5 33231
4598 0 18970
3285 11 7695
13493 0 15199
13901 8 503
27662 11 24254
9451 5 11957
11088 1 13127
15741 5 9104
28355 0 12984
13931 0 10576
20419 8 2085
16554 11 2520
31793 2 13660
24361 5 11587
14991 8 31705
32052 0 10147
