25829 0 12758
24839 0 19107
24035 5 18914
14581 11 21792
24866 11 25729
295 7 13594
2886 2 3317
7184 4 22421
12973 0 12994
27871 11 17920
7459 0 30528
29061 6 18756
16895 0 8503
28175 11 33259
5206 11 24281
7838 7 15151
31262 0 3335
2593 0 15830
21057 0 15049
25837 2 17329
10893 6 10893
24867 11 32323
23365 11 7693
15568 8 19649
1578 11 23909
14255 8 22343
8465 0 28997
24596 11 8313
15636 11 24673
19953 8 24166
22774 11 30044
18223 6 24981
30537 10 30937
7124 0 31342
13666 8 14985
2635 11 22383
12210 7 4173
5100 10 20226
21624 11 26202
31150 10 24152
21317 6 20123
21309 0 23591
3096 11 26427
14295 7 16458
9244 11 24617
20291 8 23495
2421 3 24506
4547 11 16044
14662 0 9641
31922 0 21347
22724 0 17229
15734 5 1918
10529 5 15661
1644 5 18290
20574 11 23877
21908 0 23094
15701 0 10884
2896 0 9820
6186 0 7203
19059 0 30049
23997 11 31394
3914 0 6005
15764 0 20274
10287 2 11983
30947 1 6090
25203 0 16001
18580 0 22234
21985 0 13799
8705 6 24199
28865 5 24978
10165 11 22568
27764 1 33247
2126 10 18304
8780 5 12300
5645 0 31499
4032 11 9994
19479 11 22724
17712 8 3433
33065 6 33065
19339 11 22546
28307 8 28416
18146 11 21931
7045 8 12922
2162 8 12220
16989 0 14399
24052 10 29106
23205 7 23864
4666 8 2808
32235 4 3216
12888 7 29480
17253 0 13175
32440 0 8930
33323 0 10060
13049 0 29656
22245 11 18898
9603 10 5166
25022 4 14929
32587 11 25729
20276 0 20213
23488 0 18606
26779 3 13603
27015 0 86
15349 0 14109
32523 8 2067
3828 8 1426
25431 11 2709
32384 0 29924
17588 7 18605
20898 11 29209
10950 5 6892
23865 0 1194
877 5 2788
26581 0 14043
20885 11 23934
30094 7 14059
18926 0 19106
6056 10 125
22031 0 10718
27141 2 27073
17053 8 28602
9463 0 1735
7553 5 17336
25070 0 31187
17017 0 26943
28922 0 9327
25644 8 25606
8652 11 24418
348 5 6121
12543 5 28362
10320 0 7388
4638 0 1927
31137 11 13714
25710 0 10892
28407 0 19501
8402 1 7183
7696 0 14481
4337 5 28101
7479 0 14129
19797 11 32388
22031 0 27207
24016 7 24407
13459 11 30981
28864 0 23784
89 11 9816
32846 8 7132
32119 11 26432
8752 7 7973
31661 3 1220
32938 0 16609
22047 0 5399
1937 11 24468
15876 11 30680
8820 3 4695
20911 11 22163
12720 0 14032
19927 0 14654
15168 8 15784
1172 11 6079
6740 8 29842
27832 0 17144
19007 11 24547
30647 1 23496
12240 11 17199
6162 5 16303
12157 5 14955
2259 11 12504
16580 6 33090
30681 10 98
11819 0 27155
15538 8 15693
2149 11 13602
6472 11 21725
16844 2 1649
29799 11 27469
14469 0 12228
4249 0 12130
9189 0 29567
2217 11 29164
25750 3 4249
26625 11 12882
27565 3 26498
25484 6 25520
9905 8 13281
15052 5 28270
4990 3 26124
2530 8 32455
15897 10 25417
26645 11 27600
12520 11 27294
12185 6 13624
1836 8 5177
26795 0 23500
10067 6 13889
16344 8 24070
2370 0 33088
19985 7 18983
2528 0 27350
31142 11 27772
19895 11 20977
13548 10 31785
24839 0 28724
20742 0 24925
16247 5 26568
2628 0 9433
11807 0 32749
13714 0 30876
20384 10 31785
23401 11 16044
20271 0 1414
7440 3 31955
9190 7 5356
13240 7 3510
27338 0 5134
25070 0 20883
9784 0 22517
14815 10 28462
321 11 32670
32281 0 14215
15160 0 25412
751 10 28634
6682 5 18645
10966 11 15362
13052 3 21956
16111 10 4712
31523 0 22738
13314 0 32736
4156 8 14080
21956 0 33163
18557 11 8517
13373 0 28825
4613 11 32013
26197 11 10237
11478 8 16107
33102 3 4249
15424 0 8206
13252 0 5924
24325 11 26198
14893 0 23949
26809 7 14308
8605 7 13165
27912 11 8193
4806 7 10067
24525 8 12486
18526 11 10057
31832 8 19931
17031 11 30639
4704 11 15225
22724 0 13616
28136 6 21061
19247 5 13485
31725 4 6806
18683 5 21765
14679 0 4531
13635 0 10891
15176 10 14902
8335 7 1339
11388 5 20767
18818 3 27656
22257 0 17610
23542 5 18016
24547 0 1253
29657 0 29620
16233 6 30576
32863 0 22659
20221 3 7933
5318 5 24894
27694 7 11955
8026 11 16238
27477 0 14036
8040 11 14334
27804 11 30762
32673 0 11360
197 11 24373
14 11 23313
25472 0 22958
7147 11 25729
11369 7 24412
3455 11 32772
31411 7 22764
24254 0 5393
12864 6 22567
30117 11 15012
18412 11 15520
23619 5 3666
23379 5 6170
28424 1 20093
9973 0 29292
26066 0 28147
7925 0 33059
27601 11 1223
9285 0 28468
15599 11 23488
30049 0 30743
29773 11 15334
24478 3 21443
752 0 2635
24698 0 8045
29844 5 18638
6165 11 4864
32386 11 1691
7763 0 14837
27073 11 21347
31710 11 59
16375 11 31105
20566 3 19909
32373 1 8914
29637 4 13993
19199 8 7504
25685 0 28257
5207 3 4182
29 0 24179
21773 4 21664
32750 0 756
18633 4 30686
31089 7 21303
25043 11 33024
29037 0 15487
12985 0 21352
1487 7 5546
7350 8 31714
11644 11 29367
14912 6 14876
8582 10 20226
11473 10 20226
10770 0 9017
5281 0 3254
17494 11 30278
14999 11 7088
1166 0 26872
21250 3 4249
18951 0 12526
25067 5 8826
14309 5 10481
25634 6 21570
12791 6 20327
13022 0 2711
8497 10 9766
17451 3 20903
13579 0 17289
16710 11 27028
3613 5 21142
20192 8 1986
10017 10 20226
8118 10 22406
12845 11 25945
14312 5 22708
18743 0 19707
1443 1 19923
5437 7 12666
4782 6 9288
22777 8 7299
13733 3 29311
25659 2 14163
23299 2 17371
665 5 15420
7453 4 30570
650 11 9008
19010 0 26608
23729 11 28468
4617 7 4165
27847 0 18471
1082 0 18115
32624 5 26926
7303 11 26795
32929 0 8755
24598 4 26379
32050 0 15030
7603 11 15003
10498 0 20702
10598 0 8206
9758 6 3472
12038 10 897
1691 0 30268
33181 0 12810
1927 5 16990
17934 6 13934
511 8 17597
30471 10 3808
15750 11 16528
9185 0 17372
21537 5 1221
4978 8 20063
7184 4 26922
23034 0 3336
26295 0 19665
23559 7 20870
2540 5 6648
33088 11 2370
11120 0 20056
12882 0 22045
25607 11 13719
18503 11 32440
30332 11 4082
21971 0 10599
15284 11 28651
18461 11 8850
30531 7 17511
1624 11 17017
16129 10 31332
9693 8 2453
18849 8 16368
25141 0 10033
4335 0 8253
6056 11 18867
27732 7 6517
13006 5 31128
22026 5 5924
5123 11 17611
11807 0 24630
18898 0 19457
5257 3 4249
10730 5 6354
12945 11 2185
21414 7 25794
29052 6 31989
10169 5 26568
23372 11 21917
28012 11 21673
32440 0 3067
1866 0 32963
12844 1 23370
17413 8 22358
16398 11 24374
8850 0 25605
27384 0 11196
33310 11 6198
17444 0 30271
25417 0 22495
3981 11 23781
2602 11 2557
30063 1 16182
29743 10 31444
16490 0 23760
1735 0 25294
30509 11 28189
15799 11 13022
26124 0 10447
30571 11 3916
10033 10 14279
28601 8 27598
8030 8 13729
11787 0 17446
2052 11 8937
32680 5 24894
27325 11 28000
13252 0 19921
11704 0 29944
30273 10 14104
10692 5 310
23830 11 24374
3799 11 22063
22474 0 9608
21270 7 13256
11539 1 25902
13973 8 25203
7816 7 12080
30168 0 766
23089 11 5025
28739 11 4076
13727 8 15274
30414 0 942
21041 0 31150
16397 0 5862
404 0 25346
15862 11 30739
19255 6 19084
17774 7 12723
17805 0 25556
18193 0 3336
22757 6 597
21772 6 9663
18271 0 21287
15082 8 31771
26259 7 6466
30049 0 33254
8317 11 5127
7796 11 28482
7982 6 2750
20947 2 26702
27788 11 15803
31764 11 13252
20447 0 22719
6008 2 12551
24070 5 16344
30290 3 24685
4616 10 25558
4439 11 16496
20116 5 32218
2542 7 26001
1691 0 6794
5820 10 19334
29842 5 6740
30552 11 31053
25983 11 11725
86 10 31191
31260 5 21003
8670 0 2502
9758 7 4589
11391 11 18737
6556 11 22724
11850 7 27298
13397 11 22809
2385 0 15618
12471 0 30643
31869 0 10728
21534 11 5884
14719 11 25070
20656 6 2670
20070 11 1790
14392 7 16792
11417 8 32602
6800 8 20476
23597 0 5740
17237 11 1004
22137 0 9428
25174 11 9714
29636 5 31355
21416 0 24638
7080 7 14059
8850 0 31566
31731 11 25070
6989 0 3721
8693 11 18163
14374 11 2635
24219 8 11691
32048 7 4955
25315 0 30797
18223 6 31094
348 11 13453
21330 8 21516
23148 0 27417
5234 7 397
1034 8 23816
16493 11 1735
18077 0 6023
10538 11 5966
22816 0 1421
11154 11 27309
2985 5 22708
4249 0 26767
7182 10 25837
4937 0 9925
5772 0 13772
25366 11 21333
5670 8 19755
19063 6 2538
3127 1 13640
11429 11 29456
19233 11 16769
3269 0 29788
18286 8 32453
15520 0 4017
31623 11 32415
23507 0 24864
14167 5 17649
3126 6 16341
1891 11 25082
6523 7 22923
32737 8 13417
17048 8 32934
2913 8 20364
10720 11 5391
29933 11 30044
24839 0 14565
26568 8 11444
5703 0 20157
13493 0 13001
8603 11 10183
29106 2 28490
27892 11 13765
17359 11 13752
8717 11 2209
98 2 26604
16053 6 14710
2150 10 8665
16470 11 16488
27023 8 1185
5429 6 8385
32636 0 12075
26856 3 4249
6578 2 22435
7421 6 30133
30391 1 26616
5839 11 19961
30301 2 31787
16044 0 16176
10929 0 24268
15295 0 26811
15769 11 1177
2123 11 27912
13864 0 24702
20788 7 3186
2248 8 21866
23421 0 7301
18668 11 19678
23461 11 24213
20411 3 4249
24567 11 29100
31442 8 13910
6841 0 14052
17950 11 27283
16926 0 18146
30857 4 12014
281 8 30172
1707 10 25837
12575 11 1184
20933 0 3817
30128 0 16698
19027 0 2607
26045 11 4847
30673 8 13866
8906 10 20226
11486 11 10754
9428 0 15954
6608 0 28384
32622 11 1815
14645 0 9683
24403 3 16442
27582 7 12897
12812 7 31389
29052 6 32296
13241 11 433
22516 0 30955
31941 5 14657
32911 0 6954
21726 11 9419
2556 3 22025
13096 0 7434
14244 6 7421
23282 0 19817
29906 11 5694
24547 0 208
21689 11 16803
4536 0 24081
11534 11 30001
12302 0 27308
20212 0 17802
22024 11 20160
21824 0 18126
20301 11 17539
13559 11 30269
24555 7 26915
31542 8 19950
26294 11 29
2671 6 21658
4032 0 20322
29385 4 10714
7545 5 11569
12132 0 29903
1860 11 28213
6168 0 20705
31505 7 16468
24527 0 11251
3990 11 31462
22671 8 9087
28933 0 16111
7227 10 31075
23235 7 14911
8357 11 6537
20939 8 30039
4246 5 29682
3358 5 31832
1337 11 1691
14502 0 6524
6902 0 22
24186 11 14848
3304 8 14076
29163 5 23471
32863 0 2768
13684 5 24269
3564 10 17867
28401 11 8235
28635 0 29097
8048 10 22406
6190 5 14869
1815 0 1834
23714 8 11210
20850 6 20850
26307 11 9886
32235 4 817
18329 11 11145
33311 0 10606
13153 11 29004
31370 7 31725
9667 11 17017
12704 3 13667
14837 7 13503
1277 7 2557
24663 0 13428
25660 0 3532
4185 7 11955
31055 11 13444
9668 11 14965
24448 0 16161
18912 5 16885
165 11 12794
24566 5 22359
7522 5 24215
15764 0 26537
31654 11 30237
30942 0 5056
15244 10 20947
20960 11 31462
2345 11 9244
24811 0 2468
18269 0 16844
6437 0 12913
16339 0 2279
12814 6 17199
22708 8 2985
13829 11 2113
6180 0 12365
18543 8 29897
25835 0 27189
16303 8 10114
27056 0 15193
24547 0 24741
33024 11 6190
27959 5 29051
18580 0 13612
568 0 27310
2124 11 9036
1691 0 31594
16997 3 15352
1162 0 31852
2257 0 9242
842 11 30695
32134 11 32554
3505 7 3505
9419 0 25608
13889 7 10067
10982 11 8868
24783 0 29041
27282 11 30384
6447 11 20844
8967 11 11156
31785 2 89
30643 11 12471
16356 0 18377
28420 11 29117
15773 0 31570
174 11 14913
2091 6 4376
16333 3 31525
29433 5 9927
31153 5 10663
1878 11 26192
3303 11 32463
18056 0 20518
19590 10 20226
6606 11 25472
31389 6 11064
25874 0 25176
31444 2 27382
2832 0 12906
22660 0 21518
15563 7 15563
27439 11 16067
27892 6 9541
22236 11 1862
4237 11 29418
22718 5 26047
31870 3 4249
739 5 3013
24247 7 27678
30278 0 31551
13089 0 1236
30269 6 30721
24679 11 14566
26206 10 20226
3832 0 9675
22248 11 3277
3016 11 13714
31714 11 26795
25115 2 16949
18436 7 13673
26779 6 19386
21899 11 20488
20624 0 10117
18016 8 21548
12338 0 21739
22093 0 19267
2019 3 33311
15160 0 32253
5880 11 5983
14230 6 11659
16735 11 3143
4464 11 369
23891 11 7131
9285 0 19063
19690 8 29898
1788 6 32345
25305 11 25181
11069 0 31448
30708 11 19542
29467 7 7326
21899 0 11462
9032 11 28651
25875 0 20772
5772 0 3336
31478 11 30513
24839 0 6752
3947 5 31128
4955 6 32048
31784 11 17555
5743 8 7802
2911 5 12348
4477 11 18929
20226 2 6088
21407 0 28475
19303 11 8859
5859 0 26351
32196 11 18758
25336 5 9673
32740 7 19465
24379 11 25070
15460 11 25710
8206 0 31262
1599 3 4249
20389 11 31599
13431 11 23242
22482 11 9973
4819 0 610
2567 0 32181
9788 11 15996
2102 11 18867
15966 0 6629
27586 8 10826
8339 11 32863
12825 11 1189
15927 7 22463
17015 5 3588
24839 0 32755
1623 11 22526
31224 11 29045
15996 11 10880
6653 7 7858
4128 5 2825
5298 11 18983
13435 0 12420
98 2 31432
3525 7 5025
11736 2 12448
20814 0 10695
85 0 27239
13314 0 16784
23697 7 3269
6984 10 31785
14959 7 21773
10023 11 22031
22124 10 125
19912 8 30005
20844 0 9026
24700 11 13448
13340 3 29527
32863 0 18932
31907 11 20655
6298 10 28462
9244 0 13577
16044 0 29590
20160 0 26502
12297 11 9817
1479 11 25172
10407 10 8323
24876 8 25693
30817 11 17181
31451 2 2695
32598 8 6613
30855 0 14939
12854 11 6993
1479 11 25172
5157 6 18226
9784 0 29311
6087 6 19331
26750 11 155
32261 3 7329
30805 11 23507
17022 11 904
2565 0 15386
10396 8 9782
31382 2 2380
8855 0 24110
18208 8 15615
7563 11 9634
12302 0 14008
6223 5 7140
2792 4 21245
26341 11 16700
15607 3 31075
24418 11 4536
28987 11 26796
21524 6 22470
4017 0 3944
17356 0 855
20699 0 32215
14309 8 28105
28096 7 28287
20160 0 12948
13998 7 22478
21740 11 3045
15354 11 12763
22971 6 22249
26568 8 3024
31951 2 6638
21051 7 397
13697 0 19779
26446 6 26446
5677 8 31745
9468 0 4523
16046 0 30048
21620 6 7103
21443 0 23257
25242 7 29385
10285 5 20419
22413 11 27180
12678 0 21339
3570 0 13824
24501 11 19079
23572 11 1296
26414 11 16626
11800 11 329
5846 6 11217
27222 11 22031
12121 1 7804
32863 0 7995
22113 11 30833
3614 6 15876
27584 11 32863
12591 11 11187
16912 0 7272
8078 7 14311
15355 11 15487
22940 11 20154
3010 11 19314
6880 0 29540
15775 0 1893
12944 11 10213
25485 0 9074
16782 10 25837
9884 11 1310
15660 11 9457
26323 7 26295
15955 7 31346
1169 0 13755
125 2 3466
28449 2 20350
22256 0 8814
20416 11 14013
8754 11 16887
2174 6 1679
22031 0 6874
88 0 32778
26871 0 23581
5617 7 31816
3338 11 20562
10566 0 20873
31934 5 28974
4774 11 30278
18142 11 10429
30681 0 23449
12903 11 29131
2567 0 30997
27297 10 11480
20455 3 32636
23124 0 20866
19377 0 26812
26203 3 23601
8417 0 6705
26124 0 2467
6862 11 9068
31427 3 4695
13667 0 9839
26829 11 2487
14693 11 8868
32427 11 9433
29750 11 30876
9902 6 14009
17611 0 3169
298 5 6959
23773 11 5772
18325 0 9771
22538 8 5900
26720 11 15012
5289 11 2900
26568 8 6557
3251 5 26568
6889 5 25354
3026 11 22031
32222 8 28835
11162 5 28238
32254 0 23709
25070 0 1263
4536 0 26666
21309 0 8266
24363 0 9228
1924 10 897
24629 6 25454
24968 8 1280
19375 8 13357
30741 8 16393
32571 3 28810
2987 11 17611
26291 11 7011
6106 5 16343
26952 7 21413
2317 0 2330
29683 11 25244
22488 0 1565
31076 10 22560
3405 0 18592
8687 6 13331
19828 7 21761
10583 0 20559
20944 11 22793
8297 8 16552
19027 11 20019
10878 0 16137
19061 11 4536
5309 11 18970
25582 0 23773
12564 11 15966
10641 0 18088
11291 7 11429
4052 0 13865
24825 1 30220
4249 0 32311
14089 6 8586
31784 0 5048
27725 11 15633
7497 11 32863
30106 11 24839
11527 5 26624
3827 7 5636
17361 11 8850
29535 8 12195
12640 5 31865
21555 0 16858
31529 0 26175
4545 6 12295
22724 0 10861
26020 8 17986
30887 1 209
30628 0 18693
26744 8 25607
10796 0 28576
18269 10 3987
27295 0 14383
31523 7 1825
10893 7 14757
25338 5 20557
20226 2 5252
1157 0 2260
16110 7 20826
1601 8 13680
3336 0 18738
24975 6 31209
33046 0 9191
13603 0 32987
27109 11 7211
28409 11 20814
12955 0 26241
6343 11 26640
21049 0 26597
23882 7 10067
8750 7 15289
28540 10 9766
23277 0 27168
31462 0 24553
14476 11 12915
25354 8 2313
843 0 16365
23951 11 9697
22923 2 12994
31794 6 6534
6762 11 30639
30483 2 9431
14976 0 22972
18988 0 6431
26377 7 8514
22372 3 2759
23591 7 5440
15234 8 448
19479 5 27698
20226 2 18775
24547 0 2762
30845 6 5288
10760 11 9907
25414 2 28723
9457 0 16014
29099 11 8156
26061 8 7226
30608 10 17867
11785 11 14335
26021 5 21003
10498 11 22303
27188 11 19933
1790 11 2340
23780 0 33250
2284 7 7453
6697 0 29194
26925 0 3765
5063 11 10709
29144 0 3399
17474 0 544
14658 1 15455
16044 0 6382
8811 11 30762
8433 8 10450
11587 8 24361
25874 0 587
21672 0 1540
11906 0 33134
29154 0 7534
16539 3 27259
22685 11 15602
8628 11 30269
14521 11 33046
15012 11 21280
18770 5 14087
30278 0 32078
25390 0 1967
8104 6 9056
18815 11 16044
11412 6 29447
6008 2 7762
30945 11 7007
32058 0 18986
19986 0 24539
16387 6 9537
12716 5 33116
29878 3 4249
5995 11 31783
31067 5 12880
6403 11 9057
19989 7 19989
10248 11 13252
30456 11 9068
26098 0 28430
19217 11 6262
24218 7 8787
14475 8 4577
21622 11 9854
29284 8 24820
32953 11 20368
20702 11 10498
9587 1 5102
15794 0 24323
9453 11 24839
11631 11 8850
17324 11 20137
13507 11 9634
8101 0 29724
13187 11 8521
13290 5 26568
11807 0 12843
18471 2 17589
14367 7 22959
4249 0 7046
8011 0 5252
15130 7 6032
23781 7 20813
14817 0 30812
24250 5 801
21673 0 15361
16935 11 17474
15160 0 11327
18633 6 11260
4695 0 8820
3477 0 33173
3333 11 13477
21309 0 1209
6537 0 15224
4919 0 5973
16712 6 4374
30291 10 17673
16915 0 23337
14571 7 7635
17012 5 10384
15258 5 26568
32808 11 12675
32585 0 964
27210 11 20652
4405 0 10568
30480 11 1722
29481 11 31059
5050 0 4297
9518 0 14879
32235 4 32066
19763 11 16432
22017 11 30935
4496 8 5838
30745 7 5035
9811 8 6914
30269 0 31867
16326 11 14702
11767 11 12957
21773 6 6603
8867 11 12034
464 11 20844
17748 0 14901
5237 0 4804
7311 0 4274
32703 0 14592
30269 11 19690
22296 11 11016
31263 11 8850
29476 8 18757
2787 0 15429
125 2 20275
3172 8 12184
20546 5 11504
2078 11 423
6566 10 28462
11155 8 25091
16680 11 20802
25070 0 32955
27717 11 31503
11491 11 13883
26933 5 281
29951 8 28900
17294 11 32337
30639 0 7083
31105 0 16375
25107 0 20678
7745 10 28444
31609 5 24389
9285 0 28669
9419 11 20615
30551 7 8318
30115 10 98
24559 11 18135
23357 11 16044
6894 0 16061
15602 0 6068
12655 11 5796
11645 3 16646
13252 0 12807
5622 5 11101
15324 11 30490
3111 0 6058
15067 11 2503
29144 11 27512
25070 0 14464
25643 11 28764
5595 7 19302
17256 0 32538
17082 8 28114
15793 1 14934
24839 0 21676
29068 11 6003
13379 5 3918
29502 11 18284
28785 11 16208
26352 0 14965
23746 0 23832
23277 0 3171
15246 3 20914
2477 11 18188
29146 11 13396
8318 11 6098
8522 8 4511
13712 5 27004
7803 0 20027
12087 0 32365
27989 11 595
18910 0 15137
11417 11 15331
468 11 7903
11588 11 1780
25545 0 16788
7874 11 2972
1056 11 7246
13360 8 24436
4164 3 9276
26027 11 2000
9297 10 11480
19665 7 4318
12780 6 10910
30433 11 11227
26203 11 30511
23609 5 8437
11882 11 1691
3302 0 23962
12107 8 13264
30985 0 8415
897 2 12710
25 0 18909
16885 5 26568
3696 11 20072
18535 0 9952
136 3 1558
31827 11 2561
30398 7 28287
26688 0 17632
24685 0 2483
31252 0 32803
17524 0 23989
1927 11 4638
19394 5 18881
32229 11 32792
22606 0 8497
16180 11 21848
20041 0 12386
32074 11 27015
1368 11 10291
18074 6 18030
5101 10 14485
10235 1 10066
16382 10 18829
29869 1 20321
22931 11 9285
28487 7 9193
11312 10 28973
30999 7 29385
15122 11 8917
4249 0 33172
19938 0 31407
28651 0 6541
8394 5 13504
6321 1 15512
5703 0 5939
22966 5 29147
19383 7 19383
538 0 18889
30513 0 5101
17462 11 2054
29094 0 20562
27953 0 1877
24630 11 23752
13132 11 11852
18573 11 144
82 11 15961
14674 0 3908
20983 11 32016
12622 8 9585
21171 11 16044
15825 5 17865
11222 11 19524
601 11 20914
18377 7 25055
12602 11 23877
7291 7 7297
10855 5 4379
11480 2 18342
12770 11 26099
2208 11 17014
30278 0 11546
10060 11 32562
16041 11 22486
32423 0 11865
18290 8 493
27478 5 8993
29588 7 29588
22406 2 201
264 0 29615
13677 0 10987
19947 11 17349
7253 8 20644
15096 6 22858
20417 0 28406
15117 8 25124
30409 11 22782
25070 0 24259
33062 11 7947
14759 8 29693
4317 4 6715
12882 0 26625
31536 0 11697
32541 11 29700
9424 11 14882
18594 11 1177
15483 0 28030
18322 0 6258
11715 2 9056
19630 5 22144
27504 7 14516
25710 0 15903
32378 11 28965
16014 0 21347
5666 8 33021
4722 11 12796
15295 0 2841
16528 0 14303
32646 11 13252
32019 11 24547
31061 11 30384
22584 0 4100
19102 11 17224
21210 0 10100
3612 0 32898
28791 0 27283
27981 11 5127
16936 0 20991
4846 10 31444
23282 0 23002
31469 8 19207
29673 11 7501
19079 0 24501
25113 0 14185
1352 1 29970
10491 11 24279
23255 3 5645
29306 0 22240
25837 2 24640
20814 0 1178
15705 11 12915
4416 6 15954
7061 0 26359
29760 0 20958
6008 2 15427
24829 5 14429
5502 6 271
9300 8 20681
22753 5 8145
4192 1 8240
13254 0 29318
16620 0 5257
19938 0 5764
24316 0 3509
32168 0 31907
20087 11 32440
11838 8 16286
12922 5 7045
29056 8 14834
25119 11 6537
21779 11 22031
12044 5 9510
14345 11 21937
12089 11 27688
23453 0 24512
6502 11 3224
18838 11 6608
29164 11 5463
22137 0 26780
13714 0 18322
20161 11 19897
24888 8 27451
18343 0 25896
8007 5 2368
28518 3 16680
16472 0 22767
29394 11 9463
8306 8 9176
24085 10 25141
31195 11 24864
19862 3 32636
24684 11 7495
22170 11 15340
4249 0 12846
31960 11 25874
16194 11 27806
20231 5 21215
23741 7 25196
8850 0 13030
17064 0 9058
15646 11 30639
19563 11 27115
11954 3 32636
8953 10 20226
30414 0 23562
32382 0 18053
4398 0 12416
30852 0 5534
30930 8 20288
28778 7 19919
17254 4 15383
13604 11 1780
31191 2 21932
11220 7 21672
33132 3 13603
27795 11 24839
30125 0 13785
26963 5 19187
10114 11 24374
5166 2 17817
13632 0 4654
32561 11 31113
29331 0 28927
9017 0 26475
25703 10 16844
2426 11 9834
12387 11 29307
12675 0 10094
4588 8 31367
11524 11 12016
4532 10 15650
15284 0 15219
23027 11 24851
17017 0 7866
13833 8 26009
22739 0 14416
17797 2 25360
155 0 4721
25191 0 23080
25547 11 2694
10481 8 18947
4169 0 8906
9293 11 30573
17188 0 10172
1177 6 14832
3693 0 1830
31967 11 1353
29535 5 26926
21934 5 13276
28263 3 16101
27719 8 21457
2260 0 284
6119 11 29170
23502 5 4450
31741 3 4249
11548 11 4212
2602 0 6935
19534 5 25798
24647 8 21162
29075 11 7716
12799 3 2565
21280 0 27545
10952 5 27726
4269 0 23544
13661 11 7940
24251 0 2497
7711 7 7711
21880 6 9830
5401 6 20260
24108 6 8705
14531 11 32440
2973 11 20631
7607 11 15047
14125 8 15940
27663 5 3039
1000 0 12398
18269 0 25425
6344 0 17898
10171 0 31450
89 0 13817
22724 0 3073
1829 11 3683
7693 0 23365
1204 11 31864
1691 0 5108
6133 8 25888
15313 0 2864
8665 5 19166
27384 11 5995
3335 11 31262
11345 0 32307
6290 1 717
1220 0 10034
11034 0 25509
243 0 30706
11289 10 30937
21981 0 1362
30910 0 5390
8281 6 6287
2738 11 29477
4520 11 2422
19825 0 30674
12368 0 16882
21501 0 20055
5255 7 25197
1500 11 23760
32955 11 25070
13197 11 11697
7983 8 5254
4583 0 4411
26124 0 3255
6989 7 13466
13186 10 33022
19589 11 4452
15338 0 20928
5705 1 26422
18346 11 25475
26479 0 25639
12408 6 22493
22578 1 6321
7958 5 25823
16783 8 3730
8791 6 32777
32863 0 21182
13632 0 19204
29560 0 18775
4499 10 31951
25233 5 31705
28135 3 22547
25648 11 28353
4727 11 21201
32981 8 26575
11299 11 26743
31785 2 17624
17988 11 27658
9769 0 3336
17594 7 20233
6853 8 28689
28560 11 14662
24852 7 19386
7728 3 18151
4654 0 25030
704 11 29905
125 2 24511
11832 8 1699
22890 0 22610
16434 0 7539
27235 11 25015
16675 11 13883
32932 0 23081
20969 0 26941
13570 0 20210
2900 0 5289
22064 0 17027
595 0 3392
17322 3 4249
11162 8 14159
26203 11 31922
8850 0 17361
32235 4 18635
2242 11 25710
28273 8 30560
32235 4 24821
8465 0 7729
20418 7 910
5182 11 9634
21417 0 13126
14009 11 31946
13478 10 17049
15589 8 16561
3635 8 25078
15160 0 16123
4249 0 8375
29302 1 17297
11902 10 17673
15160 0 14754
12826 2 30941
1769 11 19328
20814 0 4887
2849 5 29640
496 8 32174
20501 8 32613
5987 11 18951
11665 11 19973
4320 8 2631
30363 0 27031
15411 0 6522
23242 0 11626
13940 7 18825
19596 6 8522
32843 11 14662
13533 0 25218
2971 7 29637
16380 0 7336
18580 0 23398
14956 10 8323
3858 10 98
28416 0 8052
9507 0 17345
125 2 30478
5917 11 9126
29086 10 20226
22031 0 22047
14662 0 18497
87 11 1815
26327 0 18660
22744 5 21220
1232 5 19674
31812 0 3458
22618 7 9397
1608 5 26568
1458 11 6234
19245 0 14160
14911 6 14814
22865 5 7612
7516 0 11270
2724 8 718
9862 11 14693
24092 10 13352
19357 0 32533
7067 5 14471
25070 0 26993
1990 0 4584
436 8 25610
13886 11 31714
13632 0 6113
7191 5 11252
28264 3 18376
19797 7 9608
16312 6 4477
8323 2 4400
28316 11 3919
20925 10 6008
25884 11 7190
31123 1 23370
9724 4 22050
20827 7 24430
32696 11 6410
14026 0 11375
20884 0 6846
7405 7 29385
27862 11 8850
31817 3 16646
1169 11 10227
7933 0 27546
9847 0 12949
33060 7 9754
19950 5 31542
8973 8 15920
15632 6 30558
22423 8 10522
30217 11 13773
16237 11 5772
31920 11 5281
13685 5 160
24547 0 19286
14419 0 17448
21027 5 10481
19465 6 5293
11017 0 5474
10818 5 25758
5807 0 9101
20985 8 28954
9271 11 26317
16640 0 27953
22971 6 13046
9113 11 30278
25553 11 16330
22449 0 8765
14603 11 25741
15295 0 21569
15663 11 10493
14928 7 21657
28462 2 6298
21364 5 24242
32636 0 6169
27300 5 5743
22029 11 9745
18391 10 25942
4801 11 11029
22918 0 5220
2049 11 23916
28159 10 897
5216 0 19272
3983 0 27938
24126 0 20212
16646 0 14881
7939 0 14957
7304 0 28619
24970 11 20844
9328 7 29051
15650 2 5127
4674 1 7780
21537 11 24547
11785 11 30935
10041 11 14026
13177 3 13493
13960 11 15284
23804 3 26124
24956 0 28005
19059 11 1972
25089 0 25909
1863 0 28611
7815 11 5637
17075 11 18135
13329 8 4177
19405 7 11771
24969 3 13493
26211 0 21139
25794 6 5692
26640 0 15501
17748 11 19149
13460 11 15633
26192 0 17371
32440 0 3008
11857 3 16646
3494 3 32636
31469 8 24490
4809 11 2487
11234 11 13739
11736 2 19920
18193 0 32948
1864 8 15979
30983 0 26525
32516 11 5785
4598 0 18541
28686 6 28686
22979 0 24652
12864 11 13471
1221 11 24547
18188 0 22021
13310 11 21824
14033 2 16039
21481 0 21901
20795 0 6123
4249 0 7095
5582 10 98
24839 0 31672
25979 8 741
7907 8 27310
20703 11 1780
15701 11 5114
15563 11 2102
5485 0 8796
9111 0 32688
16919 0 26581
16231 11 27229
10766 11 20776
22770 7 25719
27833 10 16156
6274 5 20152
8507 11 32357
2495 10 27821
439 0 29086
12506 0 27046
18629 8 23792
4838 0 28318
32499 3 13493
32918 8 1473
11061 0 32361
26338 7 15393
30663 11 25070
4014 8 4559
14923 11 24698
3344 0 5804
23043 11 3166
5685 5 2788
2635 0 23033
27974 5 5729
3871 1 29715
1921 11 6537
932 8 20518
4137 8 20282
13221 0 18145
11214 11 29100
21323 5 14955
19874 8 20196
25157 11 17224
27298 6 19189
12545 0 32864
13432 11 24258
1119 11 5470
30852 0 13426
8011 0 3105
31951 2 14332
23345 5 8063
12865 0 23066
13252 0 1868
13741 11 28392
1691 0 28410
2142 11 32863
24177 0 21775
13252 0 2188
25729 10 32029
22641 1 23306
4671 11 15504
873 6 13763
27557 11 1381
22286 10 30425
23635 10 6008
17241 10 23149
33161 1 22578
10632 6 23981
18660 8 16587
17471 8 29186
24134 11 5796
16632 11 25110
29753 5 22620
24506 0 12789
17238 11 2979
2579 5 26568
6601 0 17840
9593 11 2522
26708 11 1519
18033 5 478
22460 0 12994
22313 3 10150
12840 11 25710
21899 0 7543
10067 6 4061
20135 11 15581
22383 0 25787
18406 11 2374
25659 0 28754
27772 0 18483
17999 11 18057
9285 0 30701
30245 5 14074
26204 0 27909
19267 6 19731
16579 0 25653
8237 8 4137
1741 11 9878
13172 11 31098
17214 10 8660
9515 11 21501
27811 7 12687
22457 7 846
7979 8 14193
3455 5 32726
29684 11 17181
23027 8 25619
29055 0 22275
26939 5 32811
32976 7 30269
24839 0 13247
629 11 30876
32554 0 12517
24689 0 17541
3409 0 28428
2312 1 25003
31922 0 2549
4637 11 18228
16044 0 31596
24722 0 776
6007 8 15882
12203 8 332
21823 0 5472
23305 0 33095
23554 0 27186
18714 6 13165
4822 0 15236
27079 0 20212
25920 0 25507
22319 11 12505
30935 0 4047
898 8 24258
32036 5 17422
10230 0 14854
4342 11 21848
22311 11 22031
24912 7 18704
18651 0 7566
25356 3 10566
32863 0 7499
7951 10 6578
20381 5 17528
19425 11 15331
30521 7 30521
1505 5 3018
22752 11 22724
31672 11 24839
22918 0 29209
14969 11 12087
947 8 13877
13506 0 32337
31951 2 10775
26263 8 28907
24948 6 8383
15341 0 8386
18946 0 30421
23219 11 23282
32575 11 28392
21057 0 1705
32635 11 21570
28634 11 30672
24686 11 33283
31568 11 7178
8147 8 24476
19230 8 4297
15977 11 31462
25140 8 17134
6100 0 20001
12631 8 22172
2534 11 11854
22386 8 10195
7096 5 22620
6853 8 7589
21381 11 18929
12261 11 17307
20951 11 6908
3111 6 11484
22595 5 6058
19049 0 5036
15670 8 24046
846 6 22396
6428 7 21317
31080 8 23722
18053 11 32382
32991 5 19606
5608 8 5651
3309 8 31074
2362 11 13252
22001 8 771
20971 0 28365
22724 0 13668
2147 11 25472
11245 0 15126
15650 2 5766
18298 0 1980
27380 11 4188
30460 8 3263
24816 0 9692
29812 10 6578
8548 11 25472
6908 0 3287
13769 3 13493
6408 11 29022
18891 11 19312
15872 8 20879
13859 0 24277
30939 0 32708
17921 11 15471
24653 11 6537
22923 2 32119
