25829 0 12758
24839 0 19107
24035 5 18914
14581 11 21792
24866 11 25729
295 7 13594
2886 2 3317
7184 4 22421
12973 0 12994
27871 11 17920
7459 0 30528
29061 6 18756
16895 0 8503
28175 11 33259
5206 11 24281
7838 7 15151
31262 0 3335
2593 0 15830
21057 0 15049
25837 2 17329
10893 6 10893
24867 11 32323
23365 11 7693
15568 8 19649
1578 11 23909
14255 8 22343
8465 0 28997
24596 11 8313
15636 11 24673
19953 8 24166
22774 11 30044
18223 6 24981
30537 10 30937
7124 0 31342
13666 8 14985
2635 11 22383
12210 7 4173
5100 10 20226
21624 11 26202
31150 10 24152
21317 6 20123
21309 0 23591
3096 11 26427
14295 7 16458
9244 11 24617
20291 8 23495
2421 3 24506
4547 11 16044
14662 0 9641
31922 0 21347
22724 0 17229
15734 5 1918
10529 5 15661
1644 5 18290
20574 11 23877
21908 0 23094
15701 0 10884
2896 0 9820
6186 0 7203
19059 0 30049
23997 11 31394
3914 0 6005
15764 0 20274
10287 2 11983
30947 1 6090
25203 0 16001
18580 0 22234
21985 0 13799
8705 6 24199
28865 5 24978
10165 11 22568
27764 1 33247
2126 10 18304
8780 5 12300
5645 0 31499
4032 11 9994
19479 11 22724
17712 8 3433
33065 6 33065
19339 11 22546
28307 8 28416
18146 11 21931
7045 8 12922
2162 8 12220
16989 0 14399
24052 10 29106
23205 7 23864
4666 8 2808
32235 4 3216
12888 7 29480
17253 0 13175
32440 0 8930
33323 0 10060
13049 0 29656
22245 11 18898
9603 10 5166
25022 4 14929
32587 11 25729
20276 0 20213
23488 0 18606
26779 3 13603
27015 0 86
15349 0 14109
32523 8 2067
3828 8 1426
25431 11 2709
32384 0 29924
17588 7 18605
20898 11 29209
10950 5 6892
23865 0 1194
877 5 2788
26581 0 14043
20885 11 23934
30094 7 14059
18926 0 19106
6056 10 125
22031 0 10718
27141 2 27073
17053 8 28602
9463 0 1735
7553 5 17336
25070 0 31187
17017 0 26943
28922 0 9327
25644 8 25606
8652 11 24418
348 5 6121
12543 5 28362
10320 0 7388
4638 0 1927
31137 11 13714
25710 0 10892
28407 0 19501
8402 1 7183
7696 0 14481
4337 5 28101
7479 0 14129
19797 11 32388
22031 0 27207
24016 7 24407
13459 11 30981
28864 0 23784
89 11 9816
32846 8 7132
32119 11 26432
8752 7 7973
31661 3 1220
32938 0 16609
22047 0 5399
1937 11 24468
15876 11 30680
8820 3 4695
20911 11 22163
12720 0 14032
19927 0 14654
15168 8 15784
1172 11 6079
6740 8 29842
27832 0 17144
19007 11 24547
30647 1 23496
12240 11 17199
6162 5 16303
12157 5 14955
2259 11 12504
16580 6 33090
30681 10 98
11819 0 27155
15538 8 15693
2149 11 13602
6472 11 21725
16844 2 1649
29799 11 27469
14469 0 12228
4249 0 12130
9189 0 29567
2217 11 29164
25750 3 4249
26625 11 12882
27565 3 26498
25484 6 25520
9905 8 13281
15052 5 28270
4990 3 26124
2530 8 32455
15897 10 25417
26645 11 27600
12520 11 27294
12185 6 13624
1836 8 5177
26795 0 23500
10067 6 13889
16344 8 24070
2370 0 33088
19985 7 18983
2528 0 27350
31142 11 27772
19895 11 20977
13548 10 31785
24839 0 28724
20742 0 24925
16247 5 26568
2628 0 9433
11807 0 32749
13714 0 30876
20384 10 31785
23401 11 16044
20271 0 1414
7440 3 31955
9190 7 5356
13240 7 3510
27338 0 5134
25070 0 20883
9784 0 22517
14815 10 28462
321 11 32670
32281 0 14215
15160 0 25412
751 10 28634
6682 5 18645
10966 11 15362
13052 3 21956
16111 10 4712
31523 0 22738
13314 0 32736
4156 8 14080
21956 0 33163
18557 11 8517
13373 0 28825
4613 11 32013
26197 11 10237
11478 8 16107
33102 3 4249
15424 0 8206
13252 0 5924
24325 11 26198
14893 0 23949
26809 7 14308
8605 7 13165
27912 11 8193
4806 7 10067
24525 8 12486
18526 11 10057
31832 8 19931
17031 11 30639
4704 11 15225
22724 0 13616
28136 6 21061
19247 5 13485
31725 4 6806
18683 5 21765
14679 0 4531
13635 0 10891
15176 10 14902
8335 7 1339
11388 5 20767
18818 3 27656
22257 0 17610
23542 5 18016
24547 0 1253
29657 0 29620
16233 6 30576
32863 0 22659
20221 3 7933
5318 5 24894
27694 7 11955
8026 11 16238
27477 0 14036
8040 11 14334
27804 11 30762
32673 0 11360
197 11 24373
14 11 23313
25472 0 22958
7147 11 25729
11369 7 24412
3455 11 32772
31411 7 22764
24254 0 5393
12864 6 22567
30117 11 15012
18412 11 15520
23619 5 3666
23379 5 6170
28424 1 20093
9973 0 29292
26066 0 28147
7925 0 33059
27601 11 1223
9285 0 28468
15599 11 23488
30049 0 30743
29773 11 15334
24478 3 21443
752 0 2635
24698 0 8045
29844 5 18638
6165 11 4864
32386 11 1691
7763 0 14837
27073 11 21347
31710 11 59
16375 11 31105
20566 3 19909
32373 1 8914
29637 4 13993
19199 8 7504
25685 0 28257
5207 3 4182
29 0 24179
21773 4 21664
32750 0 756
18633 4 30686
31089 7 21303
25043 11 33024
29037 0 15487
12985 0 21352
1487 7 5546
7350 8 31714
11644 11 29367
14912 6 14876
8582 10 20226
11473 10 20226
10770 0 9017
5281 0 3254
17494 11 30278
14999 11 7088
1166 0 26872
21250 3 4249
18951 0 12526
25067 5 8826
14309 5 10481
25634 6 21570
12791 6 20327
13022 0 2711
8497 10 9766
17451 3 20903
13579 0 17289
16710 11 27028
3613 5 21142
20192 8 1986
10017 10 20226
8118 10 22406
12845 11 25945
14312 5 22708
18743 0 19707
1443 1 19923
5437 7 12666
4782 6 9288
22777 8 7299
13733 3 29311
25659 2 14163
23299 2 17371
665 5 15420
7453 4 30570
650 11 9008
19010 0 26608
23729 11 28468
4617 7 4165
27847 0 18471
1082 0 18115
32624 5 26926
7303 11 26795
32929 0 8755
24598 4 26379
32050 0 15030
7603 11 15003
10498 0 20702
10598 0 8206
9758 6 3472
12038 10 897
1691 0 30268
33181 0 12810
1927 5 16990
17934 6 13934
511 8 17597
30471 10 3808
15750 11 16528
9185 0 17372
21537 5 1221
4978 8 20063
7184 4 26922
23034 0 3336
26295 0 19665
23559 7 20870
2540 5 6648
33088 11 2370
11120 0 20056
12882 0 22045
25607 11 13719
18503 11 32440
30332 11 4082
21971 0 10599
15284 11 28651
18461 11 8850
30531 7 17511
1624 11 17017
16129 10 31332
9693 8 2453
18849 8 16368
25141 0 10033
4335 0 8253
6056 11 18867
27732 7 6517
13006 5 31128
22026 5 5924
5123 11 17611
11807 0 24630
18898 0 19457
5257 3 4249
10730 5 6354
12945 11 2185
21414 7 25794
29052 6 31989
10169 5 26568
23372 11 21917
28012 11 21673
32440 0 3067
1866 0 32963
12844 1 23370
17413 8 22358
16398 11 24374
8850 0 25605
27384 0 11196
33310 11 6198
17444 0 30271
25417 0 22495
3981 11 23781
2602 11 2557
30063 1 16182
29743 10 31444
16490 0 23760
1735 0 25294
30509 11 28189
15799 11 13022
26124 0 10447
30571 11 3916
10033 10 14279
28601 8 27598
8030 8 13729
11787 0 17446
2052 11 8937
32680 5 24894
27325 11 28000
13252 0 19921
11704 0 29944
30273 10 14104
10692 5 310
23830 11 24374
3799 11 22063
22474 0 9608
21270 7 13256
11539 1 25902
13973 8 25203
7816 7 12080
30168 0 766
23089 11 5025
28739 11 4076
13727 8 15274
30414 0 942
21041 0 31150
16397 0 5862
404 0 25346
15862 11 30739
19255 6 19084
17774 7 12723
17805 0 25556
18193 0 3336
22757 6 597
21772 6 9663
18271 0 21287
15082 8 31771
26259 7 6466
30049 0 33254
8317 11 5127
7796 11 28482
7982 6 2750
20947 2 26702
27788 11 15803
31764 11 13252
20447 0 22719
6008 2 12551
24070 5 16344
30290 3 24685
4616 10 25558
4439 11 16496
20116 5 32218
2542 7 26001
1691 0 6794
5820 10 19334
29842 5 6740
30552 11 31053
25983 11 11725
86 10 31191
31260 5 21003
8670 0 2502
9758 7 4589
11391 11 18737
6556 11 22724
11850 7 27298
13397 11 22809
2385 0 15618
12471 0 30643
31869 0 10728
21534 11 5884
14719 11 25070
20656 6 2670
20070 11 1790
14392 7 16792
11417 8 32602
6800 8 20476
23597 0 5740
17237 11 1004
22137 0 9428
25174 11 9714
29636 5 31355
21416 0 24638
7080 7 14059
8850 0 31566
31731 11 25070
6989 0 3721
8693 11 18163
14374 11 2635
24219 8 11691
32048 7 4955
25315 0 30797
18223 6 31094
348 11 13453
21330 8 21516
23148 0 27417
5234 7 397
1034 8 23816
16493 11 1735
18077 0 6023
10538 11 5966
22816 0 1421
11154 11 27309
2985 5 22708
4249 0 26767
7182 10 25837
4937 0 9925
5772 0 13772
25366 11 21333
5670 8 19755
19063 6 2538
3127 1 13640
11429 11 29456
19233 11 16769
3269 0 29788
18286 8 32453
15520 0 4017
31623 11 32415
23507 0 24864
14167 5 17649
3126 6 16341
1891 11 25082
6523 7 22923
32737 8 13417
17048 8 32934
2913 8 20364
10720 11 5391
29933 11 30044
24839 0 14565
26568 8 11444
5703 0 20157
13493 0 13001
8603 11 10183
29106 2 28490
27892 11 13765
17359 11 13752
8717 11 2209
98 2 26604
16053 6 14710
2150 10 8665
16470 11 16488
27023 8 1185
5429 6 8385
32636 0 12075
26856 3 4249
6578 2 22435
7421 6 30133
30391 1 26616
5839 11 19961
30301 2 31787
16044 0 16176
10929 0 24268
15295 0 26811
15769 11 1177
2123 11 27912
13864 0 24702
20788 7 3186
2248 8 21866
23421 0 7301
18668 11 19678
23461 11 24213
20411 3 4249
24567 11 29100
31442 8 13910
6841 0 14052
17950 11 27283
16926 0 18146
30857 4 12014
281 8 30172
1707 10 25837
12575 11 1184
20933 0 3817
30128 0 16698
19027 0 2607
26045 11 4847
30673 8 13866
8906 10 20226
11486 11 10754
9428 0 15954
6608 0 28384
32622 11 1815
14645 0 9683
24403 3 16442
27582 7 12897
12812 7 31389
29052 6 32296
13241 11 433
22516 0 30955
31941 5 14657
32911 0 6954
21726 11 9419
2556 3 22025
13096 0 7434
14244 6 7421
23282 0 19817
29906 11 5694
24547 0 208
21689 11 16803
4536 0 24081
11534 11 30001
12302 0 27308
20212 0 17802
22024 11 20160
21824 0 18126
20301 11 17539
13559 11 30269
24555 7 26915
31542 8 19950
26294 11 29
2671 6 21658
4032 0 20322
29385 4 10714
7545 5 11569
12132 0 29903
1860 11 28213
6168 0 20705
31505 7 16468
24527 0 11251
3990 11 31462
22671 8 9087
28933 0 16111
7227 10 31075
23235 7 14911
8357 11 6537
20939 8 30039
4246 5 29682
3358 5 31832
1337 11 1691
14502 0 6524
6902 0 22
24186 11 14848
3304 8 14076
29163 5 23471
32863 0 2768
13684 5 24269
3564 10 17867
28401 11 8235
28635 0 29097
8048 10 22406
6190 5 14869
1815 0 1834
23714 8 11210
20850 6 20850
26307 11 9886
32235 4 817
18329 11 11145
33311 0 10606
13153 11 29004
31370 7 31725
9667 11 17017
12704 3 13667
14837 7 13503
1277 7 2557
24663 0 13428
25660 0 3532
4185 7 11955
31055 11 13444
9668 11 14965
24448 0 16161
18912 5 16885
165 11 12794
24566 5 22359
7522 5 24215
15764 0 26537
31654 11 30237
30942 0 5056
15244 10 20947
20960 11 31462
2345 11 9244
24811 0 2468
18269 0 16844
6437 0 12913
16339 0 2279
12814 6 17199
22708 8 2985
13829 11 2113
6180 0 12365
18543 8 29897
25835 0 27189
16303 8 10114
27056 0 15193
24547 0 24741
33024 11 6190
27959 5 29051
18580 0 13612
568 0 27310
2124 11 9036
1691 0 31594
16997 3 15352
1162 0 31852
2257 0 9242
842 11 30695
32134 11 32554
3505 7 3505
9419 0 25608
13889 7 10067
10982 11 8868
24783 0 29041
27282 11 30384
6447 11 20844
8967 11 11156
31785 2 89
30643 11 12471
16356 0 18377
28420 11 29117
15773 0 31570
174 11 14913
2091 6 4376
16333 3 31525
29433 5 9927
31153 5 10663
1878 11 26192
3303 11 32463
18056 0 20518
19590 10 20226
6606 11 25472
31389 6 11064
25874 0 25176
31444 2 27382
2832 0 12906
22660 0 21518
15563 7 15563
27439 11 16067
27892 6 9541
22236 11 1862
4237 11 29418
22718 5 26047
31870 3 4249
739 5 3013
24247 7 27678
30278 0 31551
13089 0 1236
30269 6 30721
24679 11 14566
26206 10 20226
3832 0 9675
22248 11 3277
3016 11 13714
31714 11 26795
25115 2 16949
18436 7 13673
26779 6 19386
21899 11 20488
20624 0 10117
18016 8 21548
12338 0 21739
22093 0 19267
2019 3 33311
15160 0 32253
5880 11 5983
14230 6 11659
16735 11 3143
4464 11 369
23891 11 7131
9285 0 19063
19690 8 29898
1788 6 32345
25305 11 25181
11069 0 31448
30708 11 19542
29467 7 7326
21899 0 11462
9032 11 28651
25875 0 20772
5772 0 3336
31478 11 30513
24839 0 6752
3947 5 31128
4955 6 32048
31784 11 17555
5743 8 7802
2911 5 12348
4477 11 18929
20226 2 6088
21407 0 28475
19303 11 8859
5859 0 26351
32196 11 18758
25336 5 9673
32740 7 19465
24379 11 25070
15460 11 25710
8206 0 31262
1599 3 4249
20389 11 31599
13431 11 23242
22482 11 9973
4819 0 610
2567 0 32181
9788 11 15996
2102 11 18867
15966 0 6629
27586 8 10826
8339 11 32863
12825 11 1189
15927 7 22463
17015 5 3588
24839 0 32755
1623 11 22526
31224 11 29045
15996 11 10880
6653 7 7858
4128 5 2825
5298 11 18983
13435 0 12420
98 2 31432
3525 7 5025
11736 2 12448
20814 0 10695
85 0 27239
13314 0 16784
23697 7 3269
6984 10 31785
14959 7 21773
10023 11 22031
22124 10 125
19912 8 30005
20844 0 9026
24700 11 13448
13340 3 29527
32863 0 18932
31907 11 20655
6298 10 28462
9244 0 13577
16044 0 29590
20160 0 26502
12297 11 9817
1479 11 25172
10407 10 8323
24876 8 25693
30817 11 17181
31451 2 2695
32598 8 6613
30855 0 14939
12854 11 6993
1479 11 25172
5157 6 18226
9784 0 29311
6087 6 19331
26750 11 155
32261 3 7329
30805 11 23507
17022 11 904
2565 0 15386
10396 8 9782
31382 2 2380
8855 0 24110
18208 8 15615
7563 11 9634
12302 0 14008
6223 5 7140
2792 4 21245
26341 11 16700
15607 3 31075
24418 11 4536
28987 11 26796
21524 6 22470
4017 0 3944
17356 0 855
20699 0 32215
14309 8 28105
28096 7 28287
20160 0 12948
13998 7 22478
21740 11 3045
15354 11 12763
22971 6 22249
26568 8 3024
31951 2 6638
21051 7 397
13697 0 19779
26446 6 26446
5677 8 31745
9468 0 4523
16046 0 30048
21620 6 7103
21443 0 23257
25242 7 29385
10285 5 20419
22413 11 27180
12678 0 21339
3570 0 13824
24501 11 19079
23572 11 1296
26414 11 16626
11800 11 329
5846 6 11217
27222 11 22031
12121 1 7804
32863 0 7995
22113 11 30833
3614 6 15876
27584 11 32863
12591 11 11187
16912 0 7272
8078 7 14311
15355 11 15487
22940 11 20154
3010 11 19314
6880 0 29540
15775 0 1893
12944 11 10213
25485 0 9074
16782 10 25837
9884 11 1310
15660 11 9457
26323 7 26295
15955 7 31346
1169 0 13755
125 2 3466
28449 2 20350
22256 0 8814
20416 11 14013
8754 11 16887
2174 6 1679
22031 0 6874
88 0 32778
26871 0 23581
5617 7 31816
3338 11 20562
10566 0 20873
31934 5 28974
4774 11 30278
18142 11 10429
30681 0 23449
12903 11 29131
2567 0 30997
27297 10 11480
20455 3 32636
23124 0 20866
19377 0 26812
26203 3 23601
8417 0 6705
26124 0 2467
6862 11 9068
31427 3 4695
13667 0 9839
26829 11 2487
14693 11 8868
32427 11 9433
29750 11 30876
9902 6 14009
17611 0 3169
298 5 6959
23773 11 5772
18325 0 9771
22538 8 5900
26720 11 15012
5289 11 2900
26568 8 6557
3251 5 26568
6889 5 25354
3026 11 22031
32222 8 28835
11162 5 28238
32254 0 23709
25070 0 1263
4536 0 26666
21309 0 8266
24363 0 9228
1924 10 897
24629 6 25454
24968 8 1280
19375 8 13357
30741 8 16393
