33330 12
28011 9 7808
6138 9 27794
25191 0 23080
23219 11 23282
4405 0 10568
23277 0 3171
30945 11 7007
28011 9 1721
1112 9 29427
24035 5 18914
26204 0 27909
28011 9 12945
2150 10 8665
19898 9 8514
125 2 3466
7808 9 10062
14308 9 12689
11055 9 10694
18269 0 26610
3231 9 2137
23612 9 12689
12689 9 9513
20291 8 23495
2602 11 2557
8507 11 32357
29367 9 16888
12689 9 20052
20418 7 910
1434 9 7016
1593 3 13493
7681 9 20896
17921 11 15471
12289 9 28011
1523 9 12689
17012 5 10384
30647 1 23496
29725 9 7005
33294 11 22541
4249 0 17994
12390 9 28011
21537 5 1221
2391 10 31022
17015 5 3588
12962 9 9634
28011 9 28938
12689 9 3189
12940 9 24696
14481 11 7696
22901 11 28048
12038 10 897
5228 4 31817
25315 9 10710
31055 11 13444
16041 11 22486
4743 9 4743
28011 9 27892
2792 0 4014
23776 9 18471
20908 9 26036
13290 5 26568
22718 5 26047
28011 9 12689
31794 6 6534
25550 9 15984
16093 9 30223
25553 11 16330
12689 9 28011
19947 11 17349
26334 11 25070
19457 11 18898
4164 3 9276
5711 5 9698
19483 11 1310
3354 9 8968
20939 8 30039
24529 9 17867
9135 9 906
12689 9 21908
2375 9 28011
20054 9 28011
8456 9 12689
31909 9 14214
14214 9 15579
12689 9 1173
12689 9 12689
10423 5 20196
13886 11 31714
3309 8 31074
28011 9 7131
24124 9 23058
3060 9 13551
1056 11 7246
12689 9 32246
19895 11 20977
21672 0 8767
24839 0 32755
17748 9 4885
22708 8 2985
17294 11 32337
1652 9 12689
8414 9 17748
1319 0 7016
7223 9 28011
7696 0 14481
33044 9 6100
298 5 6959
6100 9 24529
9681 6 2623
12689 9 25821
12689 9 7458
28926 9 9634
12689 9 5742
6056 11 18867
4135 5 11847
18181 9 12689
15338 0 20928
4014 8 4559
20985 8 28954
17698 9 19211
25141 2 14485
21226 9 10846
31477 9 29086
4990 3 26124
22423 8 10522
1972 0 21352
12000 9 2336
12689 9 10098
28011 9 9823
18633 4 30686
33245 9 21192
28011 9 7354
9823 9 29953
10580 9 3336
25639 0 5558
24860 0 14407
12689 9 7952
10675 9 28011
29558 11 29985
16783 8 3730
13892 7 10227
4917 9 4801
12689 9 12689
8595 9 14957
27531 8 31446
24839 0 13247
2375 9 11670
18970 9 4743
22460 0 12994
20226 2 6088
24547 0 24741
20652 0 7281
28011 9 12689
3127 1 13640
15664 9 28011
28424 1 20093
16356 0 18377
29385 9 32554
1860 11 28213
12289 9 9823
266 9 6578
30003 9 329
3717 9 21121
18529 9 32592
5122 0 3101
8973 8 15920
7925 0 33059
4733 5 22024
28011 9 21021
10796 9 12149
20272 11 33328
17662 9 14214
4801 9 12689
9309 9 3858
13186 10 33022
27772 0 18483
4014 9 21908
28011 9 28011
5237 0 4804
25239 11 26694
6447 11 20844
27601 11 1223
13373 0 28825
12689 9 28011
30049 9 28777
11213 9 12689
14214 9 12362
23453 0 24512
25874 0 25176
13410 9 21984
4809 11 2487
28011 9 19384
27736 0 28224
23997 11 31394
25195 9 9634
25779 9 12765
2319 9 30797
29038 9 19415
4598 0 18541
13506 0 32337
25129 9 1112
20849 5 3826
2370 0 33088
9551 5 29971
32812 0 6863
28011 9 1815
32528 9 6100
16121 9 12689
1368 11 10291
17748 11 19149
843 0 16365
19968 0 32193
8417 0 6705
31229 0 6694
27715 9 30917
18970 11 18734
19059 9 25545
23667 9 18670
16121 9 32414
12689 9 12289
14295 7 16458
28011 9 12289
28011 9 6100
16888 0 24855
16888 9 12362
28011 9 20826
14581 11 21792
13312 11 24804
31389 9 30758
27024 9 9225
12689 9 28011
15632 6 9765
28011 9 12289
9401 11 5409
6578 9 3231
19279 10 25414
28664 9 11725
18162 9 18013
12289 9 28011
7003 9 7651
3635 8 25078
12362 9 28011
31064 9 30758
6578 9 29616
27535 5 14453
28011 9 16121
10509 9 10509
12289 9 558
24829 9 12505
11429 6 11291
11720 5 15258
29485 9 6908
24979 5 9451
7190 9 7489
12362 9 27794
4249 9 12689
32528 9 28011
28011 9 25315
4433 9 28860
436 8 25610
24888 8 27451
14824 9 9529
751 10 28634
19405 7 11771
22998 9 28540
287 9 28011
31075 9 4014
27537 11 16573
5731 9 32660
31053 0 2293
3333 9 282
12689 9 1812
6735 7 2792
15873 8 14975
8855 0 24110
23798 1 997
11588 11 1780
8935 9 30425
12034 0 29044
8317 11 5127
22296 11 16492
28462 2 6298
12069 9 31389
8759 9 7940
19033 9 13534
19513 10 6008
25197 9 15393
18331 9 12188
20898 11 29209
25837 2 17329
4801 9 11193
10183 9 19211
7983 8 5254
28011 9 27386
7314 9 9823
17867 9 9634
18193 0 3336
14106 9 6118
6606 11 25472
30233 2 12214
25973 9 26036
27384 0 11196
25669 6 7247
31252 0 32803
19722 9 28011
16333 3 31525
27384 11 5995
1112 9 28011
13677 0 10987
30539 9 4606
17624 11 15773
28517 9 16121
17128 8 31408
12289 9 4801
3885 9 25974
20381 5 17528
12689 9 906
32056 9 18317
20276 0 20213
1578 11 23909
9823 9 10252
4034 9 8386
30930 8 20288
10197 9 10904
24811 0 2468
30947 1 6090
26036 9 4633
21907 9 23159
15872 8 20879
1836 8 5177
24877 9 32528
12689 9 98
19596 6 8522
1635 9 25315
31946 9 30666
32948 9 7452
15927 9 12689
30194 9 28011
30425 9 12799
1331 9 2375
20513 9 12689
18016 8 21548
20942 9 858
14674 0 3908
4772 9 2110
3333 11 13477
1523 9 20325
25457 0 11298
7695 9 27187
10907 9 21321
20361 11 24951
28020 9 28011
3303 11 32463
31878 9 8514
227 9 13741
28011 9 4249
19590 10 20226
16438 11 4536
26708 11 1519
9518 9 25454
31981 5 22635
30628 0 18693
27190 9 9634
12289 9 25571
12689 9 22982
32863 0 18932
12945 11 2185
19061 11 4536
18475 9 7064
29311 9 28428
9756 9 3924
30985 0 8415
18815 11 16044
27833 10 16156
16465 9 14184
23554 0 27186
24108 6 8705
17022 11 904
29616 9 16492
7910 9 27697
27028 9 12362
11906 0 33134
15876 7 29263
31922 0 2549
22286 10 30425
31942 9 19211
12689 9 8466
29842 5 6740
26429 9 6455
24839 0 14565
15769 11 1177
4156 9 12689
24839 0 6752
5463 9 7223
31286 9 12689
5449 11 7848
8582 11 998
12689 9 11193
6366 11 23877
27024 9 29424
21057 9 23852
21908 9 12945
29868 9 28011
23282 0 23002
2909 9 28011
5677 8 31745
13755 9 28011
31287 7 14369
32863 0 7995
31286 9 10150
31523 7 1825
28651 9 21273
4794 11 31259
28011 9 24449
7224 11 29280
13110 11 13679
30521 7 30521
16046 0 30048
12362 9 28011
5463 9 12689
9668 5 31373
4137 8 20282
13252 0 12807
10247 9 3859
24891 9 26720
12689 9 15579
19383 7 19383
14571 7 7635
11429 11 29456
12289 9 28011
16710 11 27028
18988 0 29626
25315 9 12289
20226 2 29936
27791 9 9634
2530 8 32455
31191 2 21932
4249 0 32311
12689 9 8107
2886 2 3317
12689 9 10876
9730 11 10634
33258 7 18521
3762 11 22031
28960 9 28011
12689 9 12289
9285 9 28011
27028 9 4654
5670 8 19755
22322 9 17698
13184 9 6457
26933 5 281
29683 11 25244
27024 9 21556
9004 9 32644
16313 0 3092
16044 0 10343
10062 9 13063
23255 3 5645
30155 11 1714
18011 11 5237
9624 9 4089
19862 3 32636
8670 0 17209
23252 9 12362
5666 8 33021
10846 9 20913
24448 0 16161
20784 11 27646
19334 2 5820
24527 0 11251
1112 9 21984
22406 2 29266
32202 0 2748
20474 3 13493
13022 0 3551
10641 0 18088
14214 9 25238
33243 9 10509
5182 9 2649
12289 9 9634
6578 9 23575
5878 2 27337
9634 9 21908
19989 7 19989
28011 9 27466
20827 7 24430
6908 0 3287
12689 9 9149
24829 9 28011
5703 0 5939
14839 0 3546
24134 11 5796
4801 9 22982
5276 9 25396
23612 9 4066
32501 9 4801
30434 9 26564
21515 9 21908
19912 8 30005
32427 11 9433
20933 0 3817
10230 9 12689
32235 4 18635
13006 5 31128
11213 9 9067
1702 9 14214
31389 6 29380
19328 9 12289
2648 9 20921
4185 7 11955
9756 9 1067
2528 0 27350
4076 11 681
6414 9 31209
10566 0 20873
28011 9 32200
7693 0 23365
12240 11 17199
29411 9 28011
19825 0 30674
21984 9 15349
28011 9 3955
6927 9 5440
27420 9 26564
24911 11 9285
1623 11 22526
13794 9 9634
6993 0 24544
25197 3 29052
19534 5 25798
19884 9 28011
18580 0 23398
22920 11 11456
2362 11 13252
2102 11 18867
28011 9 12689
12689 9 28011
12689 9 6696
28011 9 12362
3828 8 1426
11132 9 13049
227 9 3914
31017 9 4801
27565 3 26498
22105 0 23048
12689 9 16121
25315 9 31946
32863 0 7499
33132 3 13603
240 0 25524
858 9 12689
2123 11 27912
11148 9 28011
13435 0 12420
25658 9 12289
11359 0 29723
28734 0 18907
23238 11 4375
11391 11 18737
16880 9 28011
30301 2 31787
17934 6 13934
31979 9 9669
10687 9 28011
19589 11 4452
32007 11 16044
12689 9 19317
32168 0 31907
18188 0 22021
8968 9 13359
4801 9 16684
12689 9 18081
31038 0 4626
12689 9 26138
13755 9 12180
29086 10 20226
13071 9 19143
12689 9 21280
31076 10 22560
22245 11 18898
4249 9 9531
31907 11 20655
21370 9 4801
4910 11 32863
2792 6 10483
17867 9 7306
21273 9 12289
26124 9 26124
31873 5 12701
20795 0 6123
28785 11 16208
27477 9 12689
6288 11 6503
12689 9 28011
31903 0 20715
3752 11 15880
30115 9 32892
21574 0 18808
12689 9 17992
17594 7 20233
19479 11 22724
12689 9 31037
21273 9 2375
9954 9 24629
17758 3 21057
21192 9 12289
19874 8 20196
14698 10 12470
3972 9 28011
18273 5 25941
5618 9 25195
12882 0 22045
6297 9 9309
12689 9 26982
1209 11 21309
28011 9 491
28011 9 5465
7707 11 15047
31242 9 12689
30797 9 29092
10252 9 28011
8872 9 2708
13493 9 12689
27141 2 27073
12689 9 12689
14719 11 25070
693 9 9285
16699 9 28011
14214 9 31946
11280 9 12689
13189 9 12689
12840 11 25710
14082 10 8323
4014 9 8936
16097 9 16888
348 11 13453
11462 9 23066
30602 5 2362
25454 9 13131
17142 0 16306
17324 11 20137
12938 9 13131
17063 9 32861
12689 9 12289
12390 9 20011
29450 11 31119
4249 9 12689
3603 9 2327
28011 9 10038
17774 7 12723
12188 9 21273
27498 9 12689
7183 9 28011
24907 9 12689
28540 9 353
16684 9 13423
12689 9 6032
7417 9 28011
12689 9 28777
21620 6 7103
2738 11 29477
8670 0 2502
12289 9 12362
3614 9 28011
15096 6 22858
20416 11 14013
15793 1 14934
30708 11 19542
28011 9 14420
5415 11 19210
14956 10 8323
24529 9 29209
27669 9 9149
4014 9 12689
15626 8 11980
2375 9 12689
10017 10 20226
12689 9 12689
27498 9 7808
1015 2 3245
15839 11 31806
48 9 4491
16121 9 12689
8752 7 7973
7003 9 31665
17842 0 4677
28011 9 28011
10414 9 3004
10380 9 10585
18391 10 25942
28011 9 18359
11645 3 16646
9888 9 9019
13089 0 1236
14893 0 23949
11388 5 20767
9529 9 264
19276 9 18717
25197 9 28011
175 9 28011
8048 10 22406
31389 6 11064
21454 9 30272
8841 9 28011
3231 9 12794
14677 11 25680
28416 0 8052
32499 3 13493
12689 9 12689
6601 9 12689
31946 9 12689
15764 0 26537
1599 3 4249
10959 9 4562
28777 9 16287
14033 9 28011
21381 9 3245
21672 9 25041
4249 0 19369
11120 0 20056
24573 11 20795
14691 9 4020
3336 9 263
32587 9 28011
13832 9 12289
227 9 24396
9669 9 6210
12338 0 21739
6842 0 31689
28100 9 28100
2345 11 9244
8402 9 8402
20019 9 12689
12689 9 4185
12689 9 18929
28307 8 28416
12689 9 1815
21280 9 906
3336 0 18738
12289 9 10227
1326 9 33319
15455 9 7184
7155 9 32278
10481 8 3037
19049 0 5036
18929 9 29038
7548 10 6008
30398 7 28287
23741 7 25196
16838 9 12689
15538 8 8454
31462 9 15834
13252 0 24713
30828 9 1714
23542 5 18016
6314 9 10596
3808 2 22251
9419 11 20615
21196 9 25772
12689 9 11762
16472 0 22767
16014 0 12973
19386 9 27512
32646 11 13252
24561 3 24506
13998 7 22478
32942 9 23725
17748 9 7190
11061 0 32361
6168 0 20705
1963 9 20894
17139 9 28011
13559 11 30269
27477 0 14036
33060 7 9754
28011 9 12289
28011 9 30985
11058 9 12689
872 11 18230
2896 0 9820
12289 9 6954
12689 9 28011
19950 5 31542
10528 7 32211
28011 9 26124
28011 9 8315
9457 9 23252
3344 0 5804
6995 11 30049
14251 0 25767
28998 0 27223
13037 9 12689
430 9 29038
25607 11 13719
19059 9 12362
23298 3 31075
7306 9 30726
12689 9 25715
24584 9 28777
21624 11 26202
11280 9 16963
12362 9 22159
14662 0 9641
21908 9 28172
13367 9 27794
24866 11 25729
11631 11 8850
4822 0 15236
15701 0 10884
9271 11 26317
10771 9 12689
6008 2 15427
4532 9 18258
6100 9 31979
18997 0 18734
26259 7 6466
25802 11 25710
25659 0 28754
28011 9 23986
24829 9 31017
7951 10 6578
30106 11 24839
16262 9 12689
27892 9 20884
29802 6 28591
1920 11 15769
5437 7 12666
27033 9 30434
310 8 17431
1264 9 28011
3409 0 28428
7815 11 5637
24566 5 22359
30168 0 766
7563 9 12289
12689 9 5742
15503 11 22815
21317 6 3404
15794 0 24323
25794 6 5692
27146 0 27583
17748 9 28011
12289 9 4694
23502 5 4450
28011 9 5440
4801 9 12362
22540 9 8009
2557 9 28540
12689 9 7627
12689 9 19722
14312 5 22708
28407 0 19501
32465 0 8209
21885 10 25514
21907 9 28011
28011 9 12689
1691 0 30268
6950 9 12689
28011 9 906
32882 9 1112
28136 6 21061
27694 7 11955
1112 9 1112
21908 0 23094
32859 9 8375
18723 4 6307
6186 0 7203
25514 9 9756
31061 9 28011
30291 10 17673
13313 9 10931
21273 9 9634
30822 0 21633
30094 7 14059
12689 9 554
7191 5 11252
7045 8 18119
28011 9 23094
20969 0 26941
1479 11 25172
4819 0 26835
4536 0 26666
30086 11 11994
5705 1 26422
12289 9 28011
9463 0 1735
21826 9 10121
3981 11 23781
5206 11 24281
12362 9 15887
284 5 3947
511 8 17597
26704 11 4536
21273 9 12689
9515 9 98
536 9 22159
10907 9 13359
32892 9 10097
16121 9 12689
26192 0 17371
33245 0 33245
33065 6 33065
12689 9 18013
8357 11 6537
4433 9 10237
12826 2 30941
2668 11 12915
4647 9 29608
9509 9 27892
12401 8 2635
22739 0 14416
24829 9 27133
27367 11 536
2375 9 14049
12689 9 21672
30726 9 28011
12689 9 12689
26036 9 28011
17308 9 25197
30409 11 22782
9823 9 23851
12720 0 14032
28011 9 7131
8904 9 27669
21672 9 28890
28061 9 21273
264 0 18376
8797 9 12689
24316 0 3509
29311 9 1522
21863 9 18670
28686 9 1310
32254 0 23709
31912 9 7650
2875 9 16019
9419 0 25608
1326 9 12689
13667 9 3124
23636 9 23202
9659 10 22320
29038 0 29198
12689 9 21177
24811 9 12689
914 0 14584
8906 10 20226
6396 11 9126
28365 9 19127
13329 8 4177
688 9 24829
11195 9 12689
10481 8 18947
23776 9 87
28011 9 4743
12689 9 22251
28011 9 5427
12689 9 3697
9884 11 1310
29906 11 5694
14878 9 28011
12362 9 8466
12289 9 1326
12089 11 27688
24686 11 33283
13033 9 28011
31941 5 14657
4917 9 18201
26640 9 27110
10242 9 16569
4014 9 10752
12689 9 14214
19247 5 13485
24547 0 19286
12689 9 12689
30608 10 17867
12689 9 15284
12689 9 32627
6180 0 12365
21907 9 12689
3026 11 22031
23027 8 25619
28011 9 28011
19019 11 25070
8466 9 24651
947 8 13877
17712 8 3433
30749 9 4405
5465 9 16888
1482 9 12689
19425 11 15331
32423 0 11865
28396 9 30508
29037 0 15487
15517 9 9468
12689 9 20895
26036 9 28011
27478 5 8993
7711 7 7711
4249 0 32584
19149 9 12121
28011 9 30935
9693 8 2453
19343 9 3245
2402 9 12689
398 9 4488
17988 9 14530
23507 0 24864
4317 4 6715
26201 9 12390
21171 11 16044
12289 9 9634
858 9 20942
30531 7 17511
26429 9 18201
12289 9 32099
12394 11 16634
14476 11 12915
19799 9 9509
3455 5 32726
31946 9 12289
3830 9 32099
13131 9 23041
2635 0 23033
12689 9 6547
5939 9 18929
29056 8 14834
28011 9 26564
24539 9 4801
28011 9 12689
31293 9 230
9507 0 17345
13714 0 18322
28011 9 12689
26925 0 3765
25772 9 29700
12689 9 16097
12689 9 27028
12689 9 9823
25174 11 9714
9636 9 21257
32575 9 32852
25514 9 4433
18929 6 15385
31089 7 21303
29796 9 17226
30625 0 29713
31148 9 8109
9634 9 26242
9435 0 31472
12689 9 24427
26645 11 27600
28011 9 22565
866 9 18526
13770 5 3523
6087 6 19331
1734 7 9681
12689 9 12689
30456 11 9068
25222 9 30258
17820 9 19690
20566 3 19909
10498 0 20702
12041 9 30464
15295 0 2841
32523 8 2067
30209 9 2375
15966 0 6629
20898 0 27886
19722 9 12689
8413 8 16246
22541 11 19715
4280 5 1601
11462 9 28011
13548 10 31785
16493 11 1735
30673 8 13866
6167 0 6678
24262 9 13228
13632 0 19204
23282 0 21573
13252 0 19921
27892 11 13765
1220 0 10034
14530 9 19063
3111 0 6058
16194 11 27806
23537 9 3124
12188 9 12689
2792 4 21245
31064 9 21257
32554 9 28011
7497 11 32863
16048 9 25779
30593 10 15225
12362 9 28650
16968 9 29038
24514 7 25635
10720 11 5391
29927 9 6943
23558 0 31158
6578 9 12689
31442 8 13910
23449 9 21826
23466 9 5686
25485 0 9074
14530 9 10340
1624 9 18013
16044 0 29590
10509 9 1788
6162 5 16303
10248 11 13252
1264 10 17818
1721 9 12689
3245 9 13048
19943 5 15795
7258 9 19211
9329 9 5618
12362 9 12689
25115 11 9902
24177 0 21775
13216 11 24142
27226 9 32252
16997 3 15352
23066 9 22488
28011 9 8595
2792 9 16378
1755 9 25120
21574 9 4014
12689 9 21057
27024 9 29076
12289 9 6678
7772 9 31393
32929 0 8755
30512 9 20734
7498 9 28011
18208 8 15615
12689 9 18714
20116 5 32218
21309 0 23591
12140 9 19343
21065 9 17950
22482 11 9973
15799 11 13022
20192 8 1986
6927 9 866
1352 1 29970
12362 9 16313
6165 11 4864
19293 9 21907
32203 7 6628
20912 11 30875
27912 11 8193
11162 8 14159
5281 0 3254
12689 9 18219
9668 11 14965
28011 9 30487
587 0 324
17944 9 30917
26760 9 28011
30434 9 13131
15130 7 6032
29523 11 20034
17634 11 22296
25508 8 10420
10033 10 14279
17588 7 18605
30258 9 12689
12188 9 14324
4801 9 12689
16998 5 4660
28011 9 10065
12689 9 24829
1000 0 12398
5880 11 5983
28011 9 4905
22890 0 22610
24829 5 14429
32611 11 27297
31061 9 28011
12044 5 9510
18929 9 2808
14912 7 2792
26338 7 15393
30797 9 18425
6902 0 22
13579 0 17289
29844 5 18638
2985 5 22708
13022 0 2711
13340 3 29527
22181 5 17347
15685 0 14402
27187 9 23019
24085 10 25141
17474 0 544
22460 9 29608
4520 11 2422
19102 11 17224
16915 0 23337
12689 9 24651
28011 9 28011
25113 0 14185
1169 0 13755
33191 9 20947
16712 6 4374
3696 11 20072
21335 9 12689
29284 8 24820
17036 9 28011
9667 11 17017
4637 9 3965
14999 11 7088
22969 0 6861
30537 10 30937
5329 9 27566
27634 9 12689
9634 9 3231
13727 8 15274
33264 4 21920
29385 9 12689
28061 9 4488
7122 9 12689
12689 9 19343
19609 11 22079
7258 9 1500
4801 9 12689
1691 0 31594
29637 4 25884
23490 9 16309
10959 9 4562
19690 9 10959
28011 9 7452
28011 9 9634
16684 9 12689
23967 11 1846
27892 6 9541
27906 10 25417
17698 9 19677
28607 9 9634
25920 0 25507
28011 9 28540
14662 0 26356
28011 9 12689
21280 0 27545
17322 3 4249
28011 9 25973
897 2 6857
10235 1 10066
13459 11 30981
21385 8 29565
12704 3 13667
12689 9 17830
24653 11 6537
7618 9 12115
28011 9 11677
28011 9 14839
28011 9 19328
33088 11 2370
27612 9 32859
23830 11 24374
32440 0 3008
26106 0 27511
11695 9 28011
33319 9 12689
32429 9 29700
26982 9 24449
19211 9 9634
8582 10 20226
28011 9 16070
13189 9 13189
7258 9 29411
27586 8 10826
28011 9 31576
25457 0 2561
13425 3 13493
25 0 18909
4193 11 26202
31832 8 19931
8372 9 540
24596 11 8313
22648 9 16968
3448 9 28011
8562 9 16968
17433 9 28011
6008 2 7762
8968 9 28011
9859 9 27927
20227 9 28011
19870 7 16365
15289 6 7412
26020 8 17986
15284 11 28651
30258 9 2375
8628 11 30269
13801 9 12689
5833 11 14079
6908 0 20461
12689 9 27844
3693 0 1830
4692 7 20856
9428 0 15954
9636 9 4014
4942 9 28011
3231 9 11762
17611 0 3169
12689 9 29821
17807 9 19211
32036 5 17422
12689 9 28011
17063 9 4801
17017 0 26943
27187 9 28011
6344 0 17898
9672 11 14662
420 9 8904
12689 9 14981
26845 11 25070
28011 9 10846
22319 11 12505
14693 11 8868
27811 7 12687
16646 0 14881
25884 11 7190
14214 11 13714
8402 1 7183
10287 2 11983
8759 9 28011
2792 9 12689
4039 9 4433
18743 0 19707
32976 7 30269
16612 0 20519
11291 7 11429
27110 9 26377
1691 0 5108
27109 11 7211
30935 0 4047
28154 9 28011
6617 9 28011
11970 9 16121
10252 9 28011
1272 8 24884
1189 0 9268
3709 9 28011
12689 9 23212
32951 9 12003
13131 9 906
14658 1 15455
15349 0 14109
28011 9 26036
12689 9 28011
15927 7 22463
29245 11 33191
7591 9 28011
1172 11 6079
19394 5 18881
15589 8 16561
23490 9 12689
5571 6 26794
28011 9 22183
28012 11 21673
9756 9 866
22413 11 27180
25729 10 32029
15650 2 5766
18056 0 20518
2126 10 18304
6578 9 28777
24325 11 26198
27187 9 13493
29725 9 16309
8603 11 10183
31293 9 31209
4647 9 28011
32636 0 26373
20555 9 28777
8026 11 16238
12689 9 4161
24403 3 16442
29753 5 22620
26444 10 19334
4014 9 12115
16478 9 12689
2792 9 4014
28650 9 18670
24837 5 28209
875 9 8402
25648 11 28353
16490 0 23760
12689 9 4801
11214 11 29100
19216 9 15520
28482 9 12689
12689 9 7808
12289 9 13049
22680 9 12689
12836 0 5828
15190 7 29797
3917 4 1123
2375 9 8277
71 9 16022
16121 9 21908
1084 9 12689
28011 9 19799
29163 5 23471
7808 0 18002
22026 5 5924
11980 9 29076
19797 7 9608
14957 9 8936
11934 9 12689
22724 0 13668
19296 9 11148
28386 9 9823
1107 9 5427
19211 9 22324
31922 0 21347
3556 0 21474
4588 8 31367
13132 11 11852
12689 9 13551
3358 5 31832
7563 11 9634
15424 0 8206
1451 9 4801
20212 0 17802
23489 5 14974
12689 9 25715
13493 9 28011
17798 9 28011
25703 10 16844
32673 0 11360
16458 9 11762
23102 9 13375
4433 9 12689
26036 9 29608
29194 9 25454
26939 5 32811
28011 9 28011
10596 11 30762
18013 9 15811
16838 9 18557
22748 10 25837
24011 9 26791
27871 11 17920
25631 9 12689
9634 9 16287
6635 9 28011
30841 11 4525
8850 0 13030
7843 9 28011
11163 9 8920
8750 7 15289
17359 11 13752
11812 11 7179
2259 11 12504
4063 6 2697
21915 9 12689
18714 9 2792
28011 9 33046
29717 0 21658
28011 9 29117
28518 3 16680
25070 0 14464
8281 6 6287
29700 9 353
23599 9 28650
22959 9 28011
21540 9 12689
12157 5 14955
16716 9 30685
12854 11 6993
28011 9 1465
22449 0 8765
27028 9 8093
28011 9 31934
5465 9 28946
23855 9 12689
12689 9 30168
22307 10 22320
21270 7 13256
28011 9 30758
7651 9 9397
25628 7 2792
19446 9 17944
19465 6 5293
1691 0 6794
25301 9 13493
29700 9 21863
4866 9 20917
9982 11 24839
11736 2 12448
23252 9 12289
16442 0 27566
28316 11 3919
1921 11 6537
15122 11 8917
28011 9 12689
30749 9 28011
25414 2 28723
32103 1 4205
5459 9 98
14848 2 3384
19199 8 7504
21847 9 3231
9285 0 28669
13697 9 6503
9973 0 29292
12689 9 2375
12689 9 4408
28011 9 10220
12289 9 3955
18798 6 32901
15533 8 3461
30269 9 29391
28264 3 18376
6591 11 32772
26625 11 12882
21907 9 28011
1927 5 16990
11618 9 7258
23746 0 23832
18714 9 12289
9788 11 15996
10135 9 15165
12689 9 5354
27187 9 27844
12689 9 31667
8595 9 29958
3494 3 32636
32378 11 28965
28011 9 16093
22982 9 29927
5806 0 21661
24860 9 28011
27754 0 10525
13379 5 3918
27892 9 21021
12188 9 28011
32863 0 21182
26197 11 10237
7311 0 4274
3354 9 2137
11534 11 30001
10121 9 12289
24052 10 29106
24414 9 2375
30981 11 24285
4450 8 9387
29535 8 12195
22518 9 28011
28487 7 9193
26391 8 28364
9634 9 21241
23488 0 32574
23401 11 16044
1119 11 5470
25354 8 2313
32863 0 2768
22565 9 12689
28011 9 12689
10192 8 12378
27844 9 20268
15579 9 16718
7479 0 14129
7114 9 28011
10067 6 13889
12689 9 22039
25336 5 9673
25979 8 741
28011 9 29009
22660 0 21518
12689 9 6414
9823 9 12689
25634 6 21570
31003 11 19930
32828 5 3677
16465 0 31564
11069 0 31448
12689 9 17698
22982 9 21321
21574 9 12689
13697 0 19779
31725 4 6806
28011 9 906
24685 0 2483
30789 9 17706
12689 9 19799
24651 9 12689
7939 0 14957
3619 9 12689
30460 8 3263
12689 9 12689
16615 3 4249
17729 9 3972
12689 9 27046
12689 9 12689
20652 9 16287
7780 9 20541
28011 9 27477
4905 9 24517
29052 6 32296
438 9 12289
14815 10 28462
6336 9 28011
9593 11 2522
5182 11 9634
24517 9 24517
2857 11 11141
32902 9 16888
24506 0 256
32991 5 19606
26327 0 18660
32440 0 23254
22565 9 9419
27466 9 12689
12689 9 25833
17214 10 8660
3302 0 23962
25107 0 20678
8108 0 14675
15067 11 2503
13236 9 32592
9634 9 19211
13131 9 9419
12689 9 16458
1587 11 32388
9634 9 3060
13499 9 420
2325 10 11828
33071 9 18760
13712 5 27004
28011 9 3697
28409 11 20814
12302 0 14008
20884 9 12689
4205 9 7184
23043 11 3166
28011 9 25337
13168 9 28011
8041 9 28011
32577 0 12304
18988 9 3697
31782 9 28011
33319 9 6902
8518 9 12689
12362 9 32629
9424 11 14882
10038 9 12689
5686 9 12689
18660 8 16587
5645 0 24212
16684 9 12689
10931 9 21273
12689 9 12289
7045 8 12922
25514 9 7808
21388 9 15880
12689 9 4437
28011 9 24891
6408 11 29022
13153 11 29004
18053 11 32382
14475 8 4577
26857 9 20815
22024 11 20160
27862 11 8850
26107 11 7518
30414 0 23562
20070 11 1790
28011 9 30493
13236 9 12689
5420 9 3914
28011 9 13049
31782 9 22251
10060 11 32562
30278 0 19894
5606 9 12689
2973 11 20631
32416 9 19986
9509 9 28011
5502 6 271
15045 11 16044
22529 8 25119
2600 9 18605
31819 9 21908
12188 9 32592
14392 7 16792
8327 11 15579
14390 11 24229
23609 5 8437
11370 11 24860
4801 9 11204
19303 11 8859
32592 9 4744
22383 0 25787
22679 9 18514
6927 9 2375
14367 7 22959
1487 7 5546
23855 9 23449
21273 9 12689
27028 9 12689
12689 9 32176
21667 9 28011
32948 9 12689
28011 9 8414
24679 11 14566
28100 9 28100
25937 9 6032
13714 0 30876
24250 5 801
14393 0 19270
23612 9 6927
28011 9 22998
18126 8 15418
5606 9 2102
22398 9 12289
21437 9 12689
11524 11 12016
24896 9 3972
29588 7 29588
20271 0 1414
12203 8 332
12689 9 17698
13755 0 17217
4615 9 31242
14 11 23313
31075 9 28011
29418 0 16988
5595 7 19302
28011 9 29677
12689 9 27481
16378 9 12289
30164 11 31536
9550 9 12689
155 0 4721
28401 11 8235
22093 0 19267
23619 5 3666
9756 9 2254
10520 10 28449
12383 9 29793
7258 9 22919
30571 11 3916
30281 9 7808
20815 9 27466
1232 5 19674
12016 9 12689
9273 9 1112
348 5 6121
20237 9 11280
4172 11 6270
16632 11 25110
9634 9 12289
24666 11 12358
23268 9 12689
12689 9 28011
12689 9 4249
10197 9 28664
25084 9 14815
23066 9 33071
21414 7 25794
13131 9 4917
9149 9 10235
1469 11 5827
31085 8 99
32541 11 29700
8936 9 12689
5501 7 31104
31478 11 30513
21726 9 17698
23488 0 18606
14815 9 19732
28011 9 9634
8158 9 23965
28254 11 26564
13210 9 22565
27073 11 21347
5925 3 32619
5829 9 17054
24878 0 26743
23780 0 33250
4801 9 25301
6003 0 25070
12689 9 16684
13781 9 12289
11154 11 27309
21534 11 5884
6821 9 5440
11606 11 28650
6578 2 22435
4917 9 21273
32204 9 5465
19568 9 243
11712 0 25152
28011 9 6617
86 10 31191
15460 11 25710
22931 11 9285
9244 0 7077
25315 9 30917
25514 9 12689
26323 7 26295
21498 11 29041
30281 9 5127
12689 9 27187
31946 9 1326
14671 11 10796
10038 9 12689
27697 9 33319
9634 9 9149
32222 8 28835
28011 9 12689
12689 9 12362
27226 9 9634
1204 9 7155
8595 9 2375
22017 11 30935
24829 9 21181
11220 7 21672
27015 9 28011
12289 9 21515
8101 0 12411
12289 9 4801
12997 2 17520
26203 11 31922
28460 11 17017
2877 11 22724
6894 0 21876
18638 8 9743
1864 8 15979
16699 9 12689
11213 9 1363
21057 9 8595
601 11 20914
16044 0 6382
29508 9 29820
30839 7 29637
32808 11 12675
31444 2 27382
21437 9 20884
23449 9 19211
2777 9 11193
13733 3 29311
25070 0 26993
28011 9 446
21773 6 6603
29257 9 16377
3613 5 21142
32250 9 31946
30643 11 12471
5427 9 29608
11412 6 29447
12689 9 18929
4838 9 13785
10190 5 1568
4545 6 12295
9634 9 13168
11473 10 20226
15773 0 31570
12689 9 6601
13252 0 5924
23772 11 3924
28011 9 20906
16097 9 25197
1067 9 28063
8123 9 28011
6119 11 29170
4616 10 25558
23575 9 23617
17361 11 8850
28011 9 13358
21227 7 17000
7957 6 2912
12289 9 24829
8657 9 6032
33255 7 32762
28061 9 25084
12689 9 13131
21294 9 20513
30547 9 23855
4103 6 30074
23208 8 28211
17226 9 9509
4671 11 15504
4939 4 11917
30669 9 31782
31869 0 10728
17185 8 18295
31622 9 28011
29117 9 29062
1863 0 28611
1623 0 2983
23612 9 13125
2750 9 22251
12502 10 15225
24521 5 6187
24842 9 6118
6853 8 28689
4489 9 353
26911 0 26556
12689 9 4801
3251 5 26568
19204 9 20884
30564 9 21672
14308 9 28011
15284 0 15219
26036 9 12689
1220 9 17867
30125 0 13785
19284 11 19772
23877 9 5491
8595 9 13236
30273 10 14104
15295 0 26811
16888 9 28011
71 9 12689
28011 9 4372
17418 9 6950
15643 0 19033
866 9 4743
15764 0 20274
14402 9 12689
16885 5 26568
6343 11 26640
22296 11 11016
31505 7 16468
33245 9 4801
12689 9 27669
16167 6 12002
16810 8 3417
30726 9 1264
264 9 11193
13833 8 26009
21364 5 24242
17241 10 23149
29394 11 9463
4536 0 24081
28011 9 13102
11548 11 4212
8968 9 28011
14976 0 22972
12689 9 3527
8904 9 17798
12689 9 12362
16919 0 29837
2538 9 23449
17811 0 11768
21309 0 15187
15520 9 4405
29869 1 20321
31731 11 25070
24547 9 20239
12591 11 11187
12689 9 16101
13569 8 8891
3245 9 31075
12689 9 12689
10982 11 8868
12689 9 13551
12289 9 25902
16156 9 4405
28011 9 4900
5050 0 4297
28011 9 23490
20878 9 858
23268 9 12689
28011 9 31946
28651 9 1623
13310 11 21824
14217 0 18901
20822 7 11209
29075 11 7716
2091 6 4376
6547 9 13125
12363 9 1112
12689 9 1830
7493 9 2185
6298 10 28462
9453 11 24839
19267 6 19731
15324 11 30490
14033 2 16039
7145 9 4212
31451 2 2695
7110 9 30209
9419 9 16838
18951 0 12526
5318 5 24894
29385 4 10714
22685 11 15602
32382 0 18053
18988 0 6431
28679 11 17632
24293 9 21099
7456 11 1691
13314 0 32736
9710 9 8514
7301 11 23421
30939 0 32708
14068 9 28011
17748 9 12689
6566 10 28462
6578 9 12689
30278 0 11546
12865 0 23066
8177 9 6930
18013 9 7952
629 11 30876
24829 9 11193
1866 0 32963
12689 9 10178
7982 6 2750
16699 9 16737
24835 9 14544
6503 9 13384
26779 3 13603
19217 11 6262
23411 9 21902
7131 9 12689
30817 11 17181
538 0 18889
21273 9 12689
19182 0 19855
31393 9 21462
25997 0 29841
30153 7 7752
9104 8 29879
1691 0 6512
10598 0 8206
12289 9 12689
28011 9 23148
8118 10 22406
12689 9 12289
19665 7 4318
12473 9 9324
30425 9 28011
13478 10 17049
24970 11 20844
9608 9 948
32457 0 10358
3955 9 29637
23571 11 21742
906 9 31970
227 9 287
22660 9 30049
10013 11 17256
5123 0 10777
30269 0 31867
14969 11 12087
31105 0 16375
6818 9 4562
15809 9 4647
23764 11 30639
31951 2 10775
28011 9 27844
1034 8 23816
25685 0 28257
98 2 31432
4269 0 23544
25953 9 10227
13048 9 1944
26124 9 28011
26780 3 5645
6523 7 22923
16935 11 17474
17940 9 18013
12689 9 3245
33278 0 18467
28485 9 13739
22724 0 15071
24968 8 1280
11163 9 1326
17805 0 25556
12689 9 12149
1815 0 1834
136 3 1558
30209 9 13236
24629 6 25454
11991 9 19059
13425 7 1147
33323 0 10060
14110 9 8670
28011 9 2875
3525 7 5025
26400 0 13697
20875 9 28011
21773 4 21664
28159 9 9149
13769 3 13493
31942 9 17000
32235 4 3216
18946 0 30421
19804 9 27892
12689 9 4801
13314 9 906
3245 9 27519
12689 9 25635
8240 9 31753
31311 9 28011
2102 9 12362
23818 11 16363
31994 9 12689
30434 9 21908
15650 2 5127
11697 11 31536
12689 9 6250
22435 9 12689
2708 9 7695
28011 9 17950
15825 5 17865
12689 9 12289
15176 10 14902
21574 9 30779
31137 11 13714
27607 7 32360
3827 7 5636
19804 9 3124
16014 0 21347
26084 9 28938
33191 9 4801
9634 9 12362
6597 7 9740
27576 0 28374
6902 9 10846
3231 9 27477
4801 9 23575
26124 0 20195
29793 9 26138
12689 9 866
18668 11 19678
27181 1 27226
19211 9 1663
20895 9 29627
13534 9 12689
9144 9 11462
21599 9 20947
22432 11 14756
7695 9 12689
9634 9 12689
30797 9 28011
23776 9 27794
20699 0 32215
28011 9 12689
15632 6 2032
24825 1 30220
23466 9 12689
14009 11 31946
21869 1 18567
3858 10 98
19407 8 32491
21672 9 1728
33013 11 24262
27669 9 31946
13493 9 16287
18929 9 12945
13493 9 12689
167 11 28132
7183 9 28011
27955 9 18013
4633 9 28011
9457 9 21847
13236 9 17662
14878 9 2798
6008 2 4826
21273 9 28011
2579 5 26568
2137 9 20565
24527 9 4014
24948 6 8383
24363 0 9228
18770 5 14087
27930 9 4039
21462 9 28011
32994 9 28011
4619 9 7493
26124 0 3255
28280 10 18471
6223 5 7140
26211 0 21139
1924 10 897
29819 11 9187
16895 0 5752
16357 9 14106
28011 9 3709
28011 9 14106
31654 11 30237
24839 0 31672
24956 0 28005
1277 7 2557
25833 9 4039
8780 5 12300
21847 9 353
9634 9 21273
4477 11 18929
31764 11 13252
17491 0 19913
28374 9 12689
11762 9 25772
4613 11 32013
18686 11 20447
12689 9 16951
24145 11 30281
1421 9 12289
20087 11 32440
4014 9 1482
8754 11 16887
24547 0 1253
21948 9 11106
21273 9 12689
29106 0 24645
20971 0 28365
29086 9 12689
538 9 24829
17962 0 22122
23878 9 29725
8466 9 906
31785 9 6100
4014 9 12689
3245 9 4185
15400 9 398
9823 9 27559
24427 0 17932
3126 6 16341
26568 8 13250
1990 0 4584
12335 3 6912
29272 7 23205
14900 0 30945
512 9 18737
22236 5 32539
18269 0 16844
12689 9 4917
9518 0 31529
30745 7 5035
858 9 11499
27311 11 19355
32571 3 28810
12814 6 17199
6578 9 29608
25660 0 3532
21740 11 3045
21181 9 9609
12362 9 12689
890 0 26532
14458 6 32258
2260 0 30215
7958 5 25823
14365 9 13037
6179 9 16121
31785 2 89
33031 9 12689
26124 9 12689
22159 9 3354
682 0 25668
21899 0 11462
29799 11 27469
385 9 18197
24839 0 21676
21791 11 21041
28011 9 16684
28011 9 24829
29092 9 3709
29099 11 8156
6537 0 15224
17846 9 22251
26027 11 2000
13765 0 21915
12689 9 31393
30269 9 28011
22025 9 13125
10830 9 30714
28933 0 16111
32680 5 24894
22251 9 22037
1204 11 31864
9823 9 6100
3354 9 28011
28011 9 12689
23406 0 20544
12362 9 12689
15977 11 31462
18307 9 15489
22641 1 23306
3269 0 29788
32737 8 13417
23449 9 12689
23466 9 16121
20960 11 31462
28011 9 28011
32955 11 25070
23379 5 6170
12575 11 1184
13549 6 21570
26847 5 25477
22183 9 23855
14603 11 25741
33311 9 12689
16344 8 24070
12289 9 12689
31067 5 12880
3405 0 18592
15701 11 5114
19063 9 12689
12127 5 30110
4249 0 12130
1644 5 18290
17082 8 28114
8147 8 24476
25504 9 28011
31088 0 8016
10198 9 6100
28540 9 8158
12689 9 22640
7090 11 7230
16888 9 23914
27110 9 21280
2839 11 1282
19375 8 13357
16231 11 27229
22406 2 201
12689 9 5825
16684 9 13125
6100 9 8049
8867 11 12034
27504 7 14516
31951 2 6638
21907 9 12362
22488 9 4665
22457 7 846
28011 9 24517
29154 0 7534
23093 8 18874
24547 0 2762
28011 9 21984
23341 11 19338
14289 9 12689
4694 9 25975
17593 6 8185
4801 9 9757
21428 9 32281
1137 9 30258
4743 9 7110
21323 8 9486
19027 0 2607
18629 8 23792
23781 6 1170
1735 0 25294
25902 9 14815
12845 11 25945
3468 10 897
29637 6 25846
7080 7 14059
8237 8 4137
10952 5 27726
31129 9 28011
27669 9 28155
10320 0 7388
12689 9 12362
30209 9 30726
348 0 16100
4806 7 10067
24912 7 18704
18929 9 11462
25156 9 12689
28011 9 11695
21501 0 20055
28011 9 13741
321 11 32670
30360 9 28011
1209 0 2487
27717 11 31503
29569 9 28011
9113 11 30278
9309 9 25953
27015 0 86
23781 0 16151
11425 0 13563
7183 9 28011
12689 9 13493
4017 0 3944
28011 9 7458
4139 9 28011
12689 9 2933
9509 9 13832
18976 9 1112
26132 9 19033
6288 9 25852
25043 11 33024
28571 9 13280
7153 9 12689
16249 8 28342
10846 9 31064
12289 9 14530
29062 9 31346
16044 0 31596
11704 0 29944
21524 6 22470
22923 2 12994
15568 8 19649
23305 0 33095
9862 11 14693
10846 9 20410
29608 9 4039
13177 3 13493
12689 9 14214
11807 9 4801
12689 9 16161
12689 9 20877
9000 0 15035
12780 6 10910
29052 6 31989
9548 11 31046
19357 0 32533
20984 11 28351
858 9 3354
32235 4 9312
10422 0 24104
3267 11 8850
27788 11 15803
13359 9 12689
28636 7 15464
24876 8 25693
27884 11 4748
27821 9 19677
25070 0 1263
1115 10 20226
10396 8 9782
6608 0 28384
6496 7 26779
20546 5 11504
14214 9 25635
7182 10 25837
15244 10 20947
10893 7 14757
3947 5 31128
4801 9 12689
10796 0 28576
10692 5 310
7553 5 17336
11222 11 19524
12689 9 28011
28011 9 30028
3311 11 23282
18929 11 12416
13254 0 29318
22538 8 5900
19025 9 27016
14309 5 10481
21280 9 28011
13317 9 4401
12689 9 28011
12689 9 15107
13667 9 12689
8318 11 6098
32250 9 30337
12365 11 6180
20513 9 24829
13504 8 8394
22170 11 15340
866 9 1545
31787 10 30301
24186 11 14848
27297 9 32592
27079 0 20212
4032 0 20322
15168 11 22031
8687 6 13331
22979 0 24652
12689 9 22982
13755 9 32892
31903 9 13131
15695 1 14103
13359 9 13832
23665 5 32161
28011 9 23066
21417 0 13126
31934 5 28974
28011 9 6066
24105 9 28011
11135 9 420
3697 9 14033
24559 11 18135
28011 9 3245
14699 0 30532
32981 8 26575
32885 9 24527
25242 7 29385
7634 9 12689
12689 9 420
23277 0 27168
16580 6 33090
6479 5 15698
29671 5 22708
4637 11 18228
23282 0 2899
11132 9 16121
29041 9 21021
21418 0 4551
11280 9 28011
19027 9 12069
3709 9 27028
21021 9 28011
2207 10 15650
28011 9 20575
12689 9 29020
6100 9 2750
7651 9 28011
28011 9 21388
27847 0 18471
19825 9 12689
23252 9 12289
20552 1 21370
28849 9 23855
9756 9 8374
12689 9 28011
27583 0 16113
28011 9 27834
13131 9 28011
30353 11 11223
20513 9 31129
4919 0 5973
14928 7 21657
4097 9 14273
7910 9 28011
27669 9 12362
20386 0 14037
14386 9 12689
439 0 29086
18887 11 1134
27697 9 26036
12185 6 13624
12962 9 18723
18269 9 6100
5489 8 15145
30758 9 31704
23269 9 17261
28011 9 1189
4014 9 2402
12689 9 17805
12882 0 26625
23986 9 4161
11417 11 15331
12716 5 33116
27750 5 18821
14645 0 9683
27334 9 15483
3564 10 17867
4039 9 10779
31979 9 31316
32561 11 31113
864 9 18013
28011 9 7822
17413 8 22358
22131 9 3219
12210 7 4173
25156 9 32660
9823 9 7651
11186 9 3231
12689 9 28011
24598 4 26379
18271 0 21287
10890 11 9320
5845 9 71
2049 11 23916
12087 9 11156
12289 9 12689
6578 9 27660
12289 9 18326
21875 9 2875
11902 10 17673
33181 0 12810
27439 11 16067
26871 0 23581
25794 6 29395
420 9 30953
30363 0 27031
11807 0 24630
29392 11 32254
31661 3 1220
16224 9 3697
8604 11 17086
21273 9 33311
15862 11 30739
28011 9 2792
5485 0 8796
18633 6 11260
23892 2 22479
16224 9 28011
25552 0 27317
14582 9 28011
9634 9 3965
31529 0 26175
30639 0 7083
31845 7 2389
27804 11 30762
18412 11 15520
28011 9 227
12689 9 12845
13859 0 24277
1624 11 17017
2557 9 28011
25070 0 20883
23490 9 16287
30742 10 25115
27821 9 2344
29094 0 20562
8767 9 27187
16398 11 24374
12689 9 13493
22372 3 2759
12188 9 26416
2312 1 25003
16183 11 30083
27028 9 19033
20656 6 2670
6745 9 2686
12362 9 6537
4549 9 30861
6601 0 17840
10549 0 28288
7808 9 1112
2971 7 29637
7901 11 22675
18722 11 9711
30471 10 3808
5424 11 14194
23855 9 10846
13714 9 28011
18683 5 21765
30434 9 32309
1735 0 3843
26963 5 19187
21907 9 19050
21425 8 23562
26124 0 2467
12689 9 3697
17748 9 28051
12689 9 12689
25417 0 22495
8177 9 14214
8030 8 13729
7440 3 31955
16363 9 12362
1498 9 12689
906 9 7284
6894 0 16061
12689 9 28938
4020 9 13602
11213 9 13493
4801 9 7808
26744 8 25607
32592 9 6118
3913 9 15393
14214 9 21672
17139 9 19211
21908 9 12919
26699 9 25715
18988 9 7808
5427 9 12689
23638 11 12035
27219 9 7329
22640 9 19480
28011 9 3955
23618 2 13434
23883 7 26843
20549 9 18013
3832 0 9675
5742 9 4801
28011 9 5440
11217 7 5846
10812 11 19303
1112 9 12188
9636 9 19690
22516 0 30955
16224 9 3354
12689 9 440
28011 9 13551
12289 9 31064
18142 11 10429
30564 9 28011
4633 9 12689
19384 9 8968
8464 9 20770
28791 0 27283
13035 9 28011
28011 9 21984
6100 9 12689
13641 9 29209
24254 0 5393
33225 9 8277
12689 9 28011
8094 9 28011
26124 0 10447
28011 9 18737
2376 11 21981
24501 11 19079
15483 0 28030
8040 11 14334
13197 11 11697
21937 0 7670
12016 9 24012
7816 7 12080
14959 9 6100
12689 9 23277
13397 11 22809
28777 9 21227
14923 11 24698
5890 0 33243
32103 9 14586
10171 0 31450
28011 9 28011
26306 11 24839
15504 0 2891
24647 8 21162
13236 9 4979
3299 0 6067
5538 9 5182
18912 5 16885
5587 11 60
28011 9 3694
15393 9 29616
4782 6 9288
23559 7 20870
29637 4 22608
14143 11 25685
3857 11 28382
26809 7 14308
10971 9 28011
12411 9 18013
32235 4 32956
28011 9 26197
18013 9 8904
6617 9 12689
10509 9 14059
12799 3 2565
12794 9 18976
32250 9 27187
1173 1 9531
11343 10 6227
955 11 12859
12387 11 29307
14657 8 31941
15670 8 24046
20266 5 28227
4249 0 32160
14255 8 22343
6902 9 17698
29953 9 4839
12689 9 4615
5401 6 20260
10062 9 28480
24874 9 18013
12188 9 21908
10747 7 15393
29861 0 8608
31462 9 21869
25119 11 6537
25315 9 28011
25710 0 10892
9634 9 19211
32554 9 30861
30852 0 5534
14279 2 10033
25229 9 31347
6578 9 12689
17048 8 32934
16093 9 28011
28011 9 4743
32624 5 26926
21843 9 12689
4337 5 28101
25770 0 8543
16121 9 6908
16121 9 1812
10730 5 6354
20455 3 32636
4342 11 21848
28635 0 29097
29821 11 30666
15534 6 24765
21892 9 16737
24911 9 27187
12689 9 19211
12289 9 420
20243 0 29279
32977 9 12689
25197 9 29411
13236 9 19204
12689 9 29062
20227 9 12689
98 9 6954
12689 9 26442
8791 6 32777
28135 3 22547
20475 11 8449
31940 9 3614
13172 11 31098
28011 9 26124
22354 9 13796
5298 11 18983
28011 9 28011
9518 0 14879
9634 9 30269
32585 0 2047
13314 0 5288
22019 8 4699
23612 9 12689
2377 9 22414
29144 0 3399
1458 11 6234
18033 5 478
18359 9 31934
20581 9 28011
20770 0 6818
22565 9 4801
13252 0 17700
21900 9 31942
24547 0 208
20987 3 434
21403 7 30294
29402 9 8402
29821 9 28011
32394 11 33326
4313 9 28011
12825 11 1189
10538 11 5966
22618 7 9397
11016 9 21273
31940 9 26640
32373 1 8914
24839 0 28724
18976 9 22918
10929 0 24268
28011 9 9468
6330 1 14638
8407 9 12689
30983 0 26525
21309 0 1209
13604 11 1780
12689 9 28011
5216 0 19272
10931 9 27133
24478 3 21443
21004 11 32440
28353 9 18670
7067 5 14471
7114 7 16918
12362 9 12289
12689 9 9634
8548 11 25472
88 0 32778
14878 9 23252
4704 11 15225
29301 9 3405
11157 9 12689
9267 9 8657
4599 0 21166
21726 11 9419
33311 9 12689
12689 9 19690
22597 9 12689
13221 0 18145
33319 9 28011
31710 11 59
13131 9 12689
17950 11 27283
28011 9 4573
12689 9 13236
28011 9 13794
10801 9 10171
26581 0 14043
21908 9 1115
6653 7 7858
30049 0 30743
29743 10 31444
20906 9 33191
30389 9 21863
23855 9 16121
28011 9 21984
2538 9 29086
7061 0 26359
33243 9 13131
6926 9 21280
20913 9 26524
24555 7 26915
15117 8 25124
125 2 20275
13662 9 25514
5420 9 28011
13989 9 12689
21846 0 14741
23591 7 5440
29816 11 15633
28011 9 20805
1177 6 14832
12689 9 23667
5428 11 596
14662 0 18497
13360 8 24436
4583 0 4411
12689 9 24517
8011 0 3105
12689 9 11269
31817 3 16646
18503 11 32440
28011 9 16377
23232 8 4019
14374 11 2635
23855 9 30985
8640 8 2553
22753 5 8145
12689 9 4249
22565 9 12689
28011 9 12689
14840 9 19297
10416 9 12689
29144 11 27512
8904 9 28011
32235 4 24821
13989 9 7808
10041 11 14026
6889 5 25354
15052 5 28270
10227 0 20877
20944 11 22793
6314 9 32252
9185 0 17372
16895 0 8503
4617 7 4165
8306 8 9176
19343 9 22982
19208 9 26713
4172 9 12689
12689 9 28011
25053 8 20199
14214 9 3354
26479 0 25639
15897 10 25417
31542 8 19950
125 2 24511
20160 0 26502
29608 9 16097
22444 9 12689
12689 9 9669
12689 9 31065
11850 7 27298
4249 9 8990
5321 10 21987
22971 6 13046
12689 9 16121
28011 9 2254
30833 0 21991
6697 0 29194
17988 11 27658
12689 9 12689
6504 0 10635
9419 9 9634
8811 11 30762
30942 0 5056
19063 9 18929
10197 9 12961
12289 9 6547
21864 9 24427
21622 11 9854
6008 2 27033
24731 11 20898
7565 7 18633
6902 9 3231
26377 7 8514
27974 5 5729
6578 9 10907
1691 0 28410
7760 0 5631
665 5 15420
19938 0 5764
26066 0 28147
29793 0 30351
31347 9 21672
20221 3 7933
25874 0 587
19313 0 28138
15887 9 13048
18970 9 4491
13739 9 15408
11253 0 5297
16435 9 1623
6578 2 7951
18343 0 25896
12689 9 31946
12689 9 12689
12100 11 26908
4249 0 8375
12689 9 227
28011 9 430
12689 9 4185
13788 6 23507
12689 9 4582
24657 9 12289
29241 5 25670
14335 11 32215
8523 9 12689
15563 11 2102
4801 9 4839
3477 0 33173
4249 9 32859
18935 9 14824
15168 8 15784
3231 9 4014
20814 0 1178
4723 0 31183
30674 0 14462
27805 9 10796
31153 5 10663
29086 9 26445
10796 0 31341
22577 11 1691
19010 0 26608
4208 9 3955
22663 9 7910
18162 9 4401
1659 9 595
32278 9 3913
4532 10 15650
19211 9 7910
18322 0 6258
12689 9 21331
22037 9 4470
19963 11 27167
858 9 5157
2542 7 26001
16664 6 24006
10067 6 4061
22031 0 10718
4192 1 8240
1601 8 13680
16121 9 2792
24860 0 24960
23972 7 24456
30509 11 28189
17945 9 18269
18317 9 17698
12362 9 3697
2375 9 1567
9285 0 30701
18124 11 15773
17064 0 9058
6702 1 32780
1788 6 32345
12841 0 26320
14504 9 9634
1298 9 28011
18398 11 13739
12128 11 2651
8473 9 25772
4249 9 13048
19722 9 14033
11644 11 29367
18909 0 6754
20894 9 12689
12689 9 12689
20565 9 28011
1169 11 10227
7147 11 25729
704 11 29905
7803 0 20027
26568 8 6557
32235 4 9970
20908 9 28011
29154 9 28011
28890 9 12689
5491 9 12945
26795 0 23500
12689 9 24547
17944 9 4801
22923 2 32119
22031 0 6874
31152 9 12689
4255 11 22031
28011 9 227
18985 11 3983
31150 10 24152
31741 3 4249
18386 11 22449
25222 9 21672
29302 1 17297
4439 11 16496
22584 10 25841
24413 11 13884
22031 0 29133
9419 9 12689
2832 0 31798
12602 11 23877
3983 0 27938
15313 0 2864
7030 6 1593
25832 9 12689
13131 9 2375
13125 9 12289
28263 3 16101
5917 11 9126
20161 11 19897
4839 9 20947
13359 9 323
29055 0 22275
16247 5 26568
1567 9 16968
11832 8 1699
2149 11 13602
24811 9 26001
5276 9 24829
26429 9 2061
8451 11 31882
2375 9 30512
10529 5 15661
14013 9 1497
28643 11 11489
3876 7 8429
21273 9 13466
12689 9 12689
18453 0 20990
7131 9 10596
536 0 24981
14308 9 12689
32386 11 1691
11417 8 32602
8041 9 12689
18269 9 13493
12689 9 11530
6786 9 7284
16044 0 16176
14229 7 25831
29773 11 15334
19335 10 18304
26252 0 3411
27852 9 32905
33311 0 10606
24105 9 5742
28011 9 398
15876 6 1161
29306 0 22240
28011 9 20908
17075 11 18135
31370 7 31725
1500 11 23760
17884 9 10618
7979 8 14193
24888 8 19921
28946 2 14767
30269 9 1812
7291 7 7297
22919 9 18935
29725 9 21462
12689 9 17698
4039 9 23575
30269 6 30721
11034 0 25509
21985 0 13799
8523 0 14235
6927 9 13714
28600 9 11807
24684 9 9634
18867 9 16101
12689 9 21269
16936 0 20991
16111 10 4712
12689 9 4249
31762 11 32863
28011 9 12689
28063 9 29968
31536 0 11697
897 2 12710
5995 11 31783
17356 0 855
17816 9 28011
26051 9 18356
12107 8 13264
23242 0 11626
19059 0 30049
14288 9 12689
4014 9 24527
1486 9 14420
31075 9 545
7253 8 20644
21332 9 2538
33319 9 30350
12689 9 22780
23159 9 16378
3717 9 10755
12689 9 24507
9262 9 28011
3588 8 7329
24092 10 13352
30051 9 25197
30391 1 26616
2147 11 25472
20447 0 22719
21123 9 30779
9293 11 30573
22606 0 8497
9634 0 7755
30168 9 12689
32959 9 18269
385 9 16699
25302 9 1173
202 9 21846
1326 9 9149
20884 9 858
28011 9 22022
29008 9 12689
12888 7 29480
18929 9 12689
32048 7 4955
15646 11 30639
10197 9 12289
22933 11 18867
30083 0 16504
4720 11 27844
32516 11 5785
31951 2 14332
28011 9 27187
25860 0 21578
22729 9 2137
18015 3 4249
24698 0 8045
17748 0 14901
20513 9 25156
32843 11 14662
12564 11 15966
27794 9 5440
12689 9 24105
10235 9 20884
3096 11 26427
496 8 32174
12689 9 16093
28354 8 24729
28011 9 5329
942 0 24469
10641 0 3020
28777 9 12362
9262 9 9669
14244 6 7421
14679 0 4531
31411 7 22764
9626 11 12036
12689 9 20019
1115 9 28011
8407 9 12689
4433 9 1459
1139 9 6954
13187 11 8521
9905 8 13281
29725 9 7110
17909 0 29277
26138 9 12689
15246 3 20914
12631 8 22172
6556 11 22724
8514 9 2018
14049 9 3231
5479 11 12030
3488 9 14214
20307 9 2557
12689 9 15988
8611 3 25318
12016 9 2385
28011 9 9419
471 9 14879
20772 9 25113
24378 9 12689
22257 9 19343
27669 9 4801
7124 0 31342
28600 9 23855
20770 9 12689
12689 9 12913
28011 9 25504
17698 9 17539
29086 9 29608
13108 11 17482
22565 9 28011
25315 0 30797
9636 9 14723
25070 0 24259
12689 9 12689
4638 0 1927
28011 9 20319
9509 9 28011
19322 3 4249
18526 11 10057
2391 9 30194
4433 9 2185
1162 0 31852
17698 9 12362
12689 9 10200
29968 9 28600
4052 0 13865
2955 9 23451
18758 0 14505
1125 9 10846
12689 9 23844
31075 9 4185
30616 8 28742
23034 0 3336
25472 0 17551
28011 9 7525
568 0 27310
18670 9 8466
12689 9 12689
16378 9 28011
7184 4 22421
21880 6 9830
11486 11 10754
15844 9 24829
9438 9 18326
28011 9 19072
30888 9 18670
8968 9 12689
16997 3 15352
30564 9 7910
12689 9 13102
22584 0 4100
9834 9 23855
31473 9 4532
14184 9 10801
3323 8 20042
13610 0 18526
20226 2 18775
12362 9 16684
14125 8 15940
20729 9 31311
4801 9 23159
11762 9 98
16044 0 22673
24975 6 29616
23635 10 6008
31753 9 9754
18324 9 29725
7184 4 26922
4647 9 19343
20019 9 5465
15996 9 29868
13493 0 7256
12689 9 12841
32019 11 24547
26357 9 27798
23708 9 9402
23781 0 5124
12689 9 28011
13832 9 71
18678 3 13314
1479 11 25172
536 0 19404
8356 3 32636
12689 9 28011
12689 9 12689
12794 9 12689
16620 0 5257
14530 9 18714
9468 11 6725
25875 0 20772
18580 0 17871
12689 9 440
12689 9 858
21255 9 9634
28969 8 14200
24827 9 19799
3587 5 32460
28011 9 29868
12689 9 3697
22257 0 17610
16619 5 11266
21779 11 22031
2792 9 8077
2078 11 423
6100 9 31994
25156 9 13210
8717 11 2209
19027 11 20019
1326 9 12689
13772 0 22513
1944 9 6617
3124 9 20513
8868 9 17846
21381 11 18929
32440 0 3067
7459 0 30528
12289 9 19887
20947 2 26702
15312 11 29673
24689 0 17541
12689 9 16121
3799 11 22063
27454 9 28011
9634 9 28011
15354 11 12763
12689 9 28011
27584 11 32863
1384 1 24804
19563 11 27115
32797 7 10631
31080 8 23722
29657 0 29620
26799 11 18898
28648 6 27063
31785 9 18326
24852 7 19386
28011 9 6835
2254 9 4801
12689 9 2375
12959 3 26124
10285 5 20419
4694 9 28011
27959 5 29051
16378 9 16224
1220 9 12689
12689 9 17226
8968 9 4014
9616 5 17752
28011 9 12689
12506 0 27046
31382 2 2380
33302 0 33322
12289 9 20908
24268 9 24829
20788 7 3186
13533 0 25218
6321 1 15512
32750 0 756
28011 9 19690
10023 11 22031
25233 5 31705
12289 9 8514
16121 9 20513
9208 9 18013
21416 0 24638
13874 9 30789
21323 5 14955
8774 8 30380
858 9 858
20814 0 10695
14026 0 11375
22354 9 30149
21515 9 12289
32847 6 31746
24567 11 29100
22248 11 3277
19986 0 24539
28651 0 25689
31719 11 3245
6502 11 3224
13241 11 433
16130 9 12289
16492 9 7651
2602 0 6935
898 8 24258
12289 9 28011
2825 8 31447
12689 9 31946
12121 1 7804
19296 9 2798
24866 6 26639
27444 9 12689
28011 9 7563
6993 0 26626
5695 9 11106
32846 8 7132
3308 9 29796
16378 9 1326
13431 11 23242
21826 9 31946
26946 9 24023
12689 9 13048
12689 9 9419
15014 9 25973
7205 9 8187
33065 0 5352
30245 5 14074
12689 9 4801
22777 8 7299
31825 9 4839
3404 7 21317
6814 10 10667
22019 8 29284
30903 0 4955
32696 11 6410
28011 9 4743
2913 8 20364
27630 5 7422
7651 9 4900
28865 5 24978
7516 0 11270
22595 5 6058
8969 9 28011
6190 5 14869
28011 9 4801
17471 8 29186
25084 9 12689
17031 11 30639
31263 11 8850
31821 9 1084
9015 9 21826
12289 9 29411
29608 9 6100
24839 0 12427
31946 9 27649
26124 9 29534
29821 9 24911
24696 0 21428
10950 5 6892
25197 9 30785
13832 9 24829
22918 0 29209
28034 9 21792
23490 9 7493
27933 3 13667
17256 0 32538
28011 9 98
29743 1 8058
8281 9 20549
1221 11 24547
18246 9 6958
27794 9 12689
18081 9 28011
20942 9 28011
4647 9 6617
4633 9 24829
30281 9 5995
20501 8 32613
16528 0 14303
21309 0 8266
3245 9 12689
20574 11 23877
32196 11 18758
26446 6 26446
2635 11 22383
2446 9 12689
12689 9 28011
11916 0 7549
24860 9 3614
16499 0 1673
15863 11 28819
18714 9 29700
23282 0 19817
12362 9 12689
12289 9 8466
7728 3 18151
14502 0 6524
12289 9 12689
28011 9 2538
27787 5 4796
2628 0 9433
2167 5 10389
7155 9 29485
6056 10 125
11559 9 7124
3206 9 31462
9701 0 715
4937 0 9925
13252 0 1868
32440 0 8930
28651 0 6541
29760 9 12689
26377 9 906
27612 9 9015
30269 11 19690
13110 0 8269
12689 9 26124
12689 9 31088
28011 9 17698
7183 1 30537
12689 9 4801
12362 9 12689
16312 6 4477
28011 9 2694
30941 0 5461
19059 11 1972
27079 11 24285
6008 2 19179
6008 2 12551
27362 9 7910
27775 9 6578
8206 0 31262
20226 2 5252
27732 11 30412
14815 9 31061
18670 9 27346
12689 9 33191
30845 6 5288
27794 9 23776
18580 0 13612
20430 9 19211
19230 8 4297
18988 9 32942
1927 11 4638
13048 9 17207
30128 0 16698
10596 0 32590
28664 9 12689
5101 10 14485
22671 8 9087
26414 11 16626
16378 9 3697
21959 0 21354
15876 11 30680
3990 11 31462
27981 11 5127
16237 11 5772
25203 0 16001
11193 9 28011
1878 11 26192
28011 9 13236
17238 11 2979
11736 2 19920
2375 9 17698
21689 11 16803
12362 9 2446
9636 9 12362
17463 9 21273
12689 9 27844
23891 11 7131
3245 9 28011
27612 9 12689
28011 9 26036
32119 11 26432
12362 9 8264
1335 9 15175
12985 0 21352
323 9 28011
4647 9 9329
595 0 3392
29331 0 28927
5541 1 20047
16287 9 31462
28011 9 2375
28011 9 20296
10959 9 12689
650 11 9008
28011 9 1833
19548 11 18970
9634 9 8595
28777 9 29307
25582 0 23773
13127 9 26982
29051 9 28011
29637 4 13993
23787 5 24007
14878 9 12289
3709 9 8151
9328 7 29051
19343 9 19343
23696 9 12689
26568 8 11444
24070 5 16344
11807 9 29721
15160 0 11327
6414 9 28011
24819 8 12173
16640 9 28011
14815 9 13054
21273 9 9634
11977 11 25442
30269 9 25222
8526 10 25141
23058 9 1072
25390 0 1967
9711 0 18108
26446 11 14844
26639 9 15489
2317 0 2330
17995 9 12689
2260 0 284
3914 9 25156
12689 9 28011
2379 0 32867
19690 9 28011
12689 9 27024
2296 9 20019
30275 9 24101
14391 5 21829
12289 9 12689
2891 11 15504
5157 6 18226
28011 9 17962
26779 6 19386
6290 1 717
23205 7 23864
28011 9 17539
31705 8 17824
3335 11 31262
18471 9 28011
353 9 17798
28011 9 12689
7088 0 5826
24660 9 28926
28011 9 5742
21706 5 1961
24112 5 19681
12689 9 22982
28011 9 3902
15663 11 10493
28420 11 29117
33062 11 7947
12689 9 1115
28011 9 385
9758 7 4589
7808 9 1326
31903 9 29411
466 9 12289
22203 9 8174
5276 9 15762
10230 0 14854
12689 9 1112
4801 9 5742
25466 9 10710
27493 11 9758
18988 9 21984
4615 9 12289
29882 7 9623
12689 9 12362
15543 0 27050
22123 9 28011
22873 11 602
11857 3 16646
25022 4 14929
6008 2 19476
12289 9 26793
28777 9 22073
14167 5 17649
26444 11 16598
31260 5 21003
9509 9 12689
5322 8 14269
11954 3 32636
1112 9 12689
19955 0 26000
7421 6 30133
25392 10 18829
9634 9 27703
12689 9 20826
12689 9 19387
6880 0 29540
16237 11 15633
12799 9 19799
20885 11 23934
25156 9 26658
28011 9 441
13314 0 16784
16919 0 26581
24839 0 19107
5166 2 17817
12689 9 8920
12944 11 10213
27725 11 15633
6900 9 28011
1443 1 19923
27297 10 11480
28063 9 2375
13493 0 13001
4743 9 30281
7947 9 21021
12689 9 2538
12903 11 29131
9623 9 9669
13107 7 15759
1199 0 25348
28011 9 17748
12289 9 28011
13156 9 12689
7245 9 3231
32594 9 28011
10166 5 15082
12689 9 31946
26001 9 12689
8693 11 18163
12984 10 10585
14566 0 14737
12689 9 175
8740 9 31152
30610 3 13493
12689 9 16097
4695 0 8820
29725 9 4161
19828 7 21761
28011 9 8372
12689 9 12689
22914 9 12689
12770 11 26099
16378 9 16097
28540 10 9766
28011 9 1952
13049 0 29656
7785 9 18740
842 11 30695
32050 0 15030
13131 9 15331
26564 9 25715
8595 9 21273
1523 9 25170
4743 9 26138
28011 9 29953
12689 9 18331
13551 9 12689
8509 9 25893
4433 9 28486
12689 9 1567
12689 9 9634
15955 7 31346
27023 8 1185
20010 11 33326
28428 9 25650
24427 9 18013
32995 11 1723
13685 5 160
15412 6 9723
12689 9 27844
906 9 2327
6592 9 7223
18290 8 493
2317 0 31451
6978 9 16309
4249 9 19293
7637 9 12826
21273 9 33319
23883 9 33319
27892 9 12689
4801 9 12289
33046 0 9191
29575 5 29169
7233 9 4743
30117 11 15012
22001 8 771
31782 9 7808
15082 8 31771
18146 11 21931
24648 5 3677
24506 0 12789
1188 9 13989
4185 9 12689
27070 11 9552
19927 0 14654
1691 0 8301
28011 9 15887
28480 9 3354
6800 8 20476
33191 9 15107
26124 9 27444
3338 11 20562
2987 11 17611
18377 7 25055
12289 9 17307
23855 9 28011
12016 9 28011
22098 7 20665
12689 9 28011
14817 0 30812
23102 9 16963
20877 9 6100
18543 8 29897
27821 9 28011
4390 5 24888
8108 0 25861
27953 9 1523
30414 0 942
12689 9 31113
29998 9 28938
31242 9 23449
27764 1 33247
6762 11 30639
32636 0 6169
26340 9 12689
20814 0 4887
32943 9 18970
28011 9 28011
21317 4 18887
98 9 12689
20231 5 21215
21981 0 1362
16492 9 9509
11596 9 12689
28777 9 6927
10178 9 28011
1755 9 9634
11838 8 16286
14776 9 13894
25837 2 24640
33243 9 9661
27832 0 17144
27300 5 5743
4801 9 23575
31599 9 28011
3858 9 9144
2375 9 12689
4249 0 7095
14049 9 906
6841 0 14052
16287 9 28782
12289 9 6578
12689 9 28011
24154 8 17179
23855 9 10509
16180 11 21848
4694 9 6721
6862 11 9068
26203 3 23601
1337 11 1691
28922 0 9327
16110 7 20826
20896 9 4801
28011 9 15579
21937 0 1448
12689 9 766
14634 9 4839
4722 11 12796
12940 9 21257
3302 9 28011
13961 7 31389
16675 11 13883
19245 0 14160
28011 9 12689
12806 9 12806
25444 9 6032
9823 9 21273
12794 9 2336
15660 11 9457
18178 9 7608
32635 11 21570
1944 9 28011
14610 10 30301
15240 11 1189
30999 7 29385
21388 9 2487
3455 11 32772
24630 11 23752
13763 11 27060
9811 8 6914
6927 11 8868
26317 9 23938
25305 11 25181
28096 7 28287
28601 8 27598
12289 9 31393
8323 2 4400
20155 11 21163
14230 6 11659
22064 0 17027
28063 9 30153
27582 7 12897
24684 11 7495
22816 0 1421
10491 9 9634
10596 9 32099
19630 5 22144
17291 9 21847
82 11 15961
11193 9 26524
11299 11 26743
12794 9 14214
8339 11 32863
29164 11 5463
16511 0 11662
12640 5 31865
22047 0 5399
1755 9 12689
29106 2 28490
30513 0 5101
7227 10 26124
385 9 19444
20492 5 18961
8605 7 13165
23953 10 29184
25772 9 5606
14531 11 32440
21673 0 15361
6100 9 8187
9711 9 12938
16912 0 7272
5451 9 25197
18714 9 28011
7808 9 1326
15375 9 4172
22744 5 21220
32840 9 1112
26396 9 13583
2593 0 15830
12289 9 12689
27338 0 5134
2832 0 12906
13282 6 6314
32157 0 454
7563 9 14177
28011 9 227
28011 9 16103
28175 11 33259
25545 0 16788
17500 5 4522
9634 9 19063
4405 9 2375
32943 9 32277
29476 8 18757
2982 0 30148
20417 0 28406
11245 0 15126
6984 10 31785
12689 9 4532
29135 9 24262
846 6 22396
28011 9 15349
11785 11 14335
13551 9 12689
17950 9 17418
4249 0 33172
20019 9 9609
6853 8 7589
28011 9 26124
25973 9 7059
28011 9 12689
18346 11 25475
21470 6 20443
12689 9 7022
9285 9 12678
12689 9 8466
9194 9 18471
27697 9 18013
12297 11 9817
33102 3 4249
28011 9 6288
30332 11 4082
25115 2 16949
23089 11 5025
21381 9 17950
13131 9 3231
15355 11 15487
6112 9 4801
24877 9 25772
28011 9 12289
23714 8 11210
15602 0 1000
19343 9 23058
25902 9 30258
19978 6 23853
10760 11 9907
20908 9 32215
27557 11 1381
23411 11 6908
17462 11 2054
33046 0 10128
14815 9 12689
12362 9 28011
4235 11 3344
25070 0 31187
19958 9 5845
17698 9 12689
13359 9 13314
16093 9 28011
9419 9 15107
4165 9 27892
28011 9 21602
8904 9 16202
21027 5 10481
28739 11 4076
11725 9 14214
1125 9 12289
18929 9 29038
4654 5 18233
10766 11 20776
26635 9 2556
17630 9 28011
28011 9 12383
2183 8 5523
23951 11 9697
12689 9 25902
12689 9 28011
6954 9 23746
32587 11 25729
12689 9 16121
18714 9 2792
5742 9 12689
23299 2 17371
22313 3 10150
17934 6 2156
17698 9 10646
21021 9 19149
23277 9 4801
28011 9 12689
3914 9 5025
3066 0 3572
32235 4 817
5429 6 8385
21908 9 28011
11044 9 24651
4054 11 4700
22406 2 8118
397 6 29018
9285 9 12689
29821 9 12689
29068 11 6003
23878 9 28011
27697 9 24517
30628 9 20734
27210 11 20652
5289 11 2900
4416 6 15954
25472 0 22958
28666 7 18322
25089 0 25909
28011 9 25714
28698 9 12289
13228 9 12689
28011 9 22238
16620 0 17830
1532 0 21608
7545 5 11569
24816 0 9692
32575 11 28392
7745 10 28444
29953 9 12188
31143 9 28777
19631 9 28011
18356 9 12289
4801 9 28011
28011 9 12844
10907 9 8920
20884 9 10893
21331 4 28575
13570 0 20210
32592 9 12689
23597 0 5740
16844 2 1649
31347 9 7421
28011 9 26124
28011 9 29041
4246 5 29682
13260 11 7803
20301 11 17539
28011 9 26640
28926 9 18326
26233 11 32863
11800 11 329
2375 9 23855
27663 5 3039
28011 9 9309
29535 5 26926
19896 0 22282
28686 6 28686
4249 0 12846
13240 7 3510
17867 9 1411
28634 11 30672
20455 7 32296
10227 9 12689
13043 11 18193
23753 11 14462
20787 0 25301
9190 7 5356
26124 9 28011
28011 9 13125
3697 9 4647
8085 11 906
13667 0 9839
3871 1 29715
31910 0 28670
28011 9 12689
22493 0 210
30290 3 24685
12132 0 29903
20624 0 10117
1305 9 11756
28011 9 1112
4335 0 8253
12689 9 12362
15238 11 12957
28011 9 13493
32932 0 23081
16375 11 31105
18269 0 25425
21824 0 29983
21049 0 26597
3172 8 12184
29700 9 5465
16470 11 16488
31595 11 25070
2816 0 5659
14068 9 1944
13252 0 15662
10959 9 28011
20942 9 31129
23773 11 5772
5102 9 28011
28011 9 12689
33310 11 6198
8335 7 1339
25600 0 6057
29059 2 11079
6484 0 14659
14759 8 29693
7763 0 14837
28011 9 13127
5427 9 4014
23687 9 21672
22137 0 26780
30049 0 33254
2911 5 12348
12960 9 29953
11736 0 24251
16782 10 25837
9285 0 28468
11148 9 28011
3231 9 13240
21772 6 9663
25643 11 28764
12543 5 28362
2375 9 13697
7618 9 28159
22990 9 8759
16777 9 5354
28011 9 17967
11527 5 26624
98 9 28650
24379 11 25070
9144 9 29088
1127 9 6398
12003 9 21280
21907 9 6314
16378 0 18837
15234 8 448
2393 7 12689
14238 0 1580
5618 9 25195
1799 9 28011
18929 9 28540
18269 10 3987
12689 9 2375
13210 9 12689
20612 0 16596
5440 9 28011
27566 9 14032
12689 9 22640
21273 9 28011
12362 9 11426
4654 0 25030
27953 9 25559
12362 9 28011
15963 3 16646
6786 0 15471
12689 9 3448
15750 11 16528
7304 0 28619
12140 9 16435
7472 0 23957
17748 9 17226
23421 0 7301
5207 3 4182
1656 6 21570
7131 0 21833
12689 9 23107
12689 9 6908
17226 9 71
27669 9 11280
932 8 20518
9784 0 29311
28011 9 25084
9817 10 20226
31224 11 29045
32134 9 8514
21667 1 29302
3911 0 6263
29096 9 28011
18714 9 25582
24643 9 4249
21673 9 12689
26754 0 3544
6133 8 25888
9515 11 21501
14609 11 11699
28011 9 20222
14308 9 11213
30394 8 2701
21956 0 10633
2638 0 10371
30663 11 25070
6989 7 13466
30513 0 6902
13960 11 15284
24016 7 24407
9297 10 11480
3570 0 13824
6194 9 4743
22796 9 12689
10498 11 22303
23411 9 13228
2528 9 27844
31046 11 10796
30755 9 28011
19343 9 17748
18553 0 19354
12471 0 30643
13127 9 28011
25715 9 12689
10038 9 28011
14454 7 8185
15075 5 7659
20884 0 6846
22124 10 125
28011 9 22131
18714 6 13165
5427 9 12115
12689 9 20947
3422 11 7035
28051 1 16898
10876 9 2375
24219 8 11691
5820 10 19334
20513 9 8151
87 11 1815
32911 0 6954
32423 0 17240
15917 9 21273
15996 11 10880
27844 9 12689
29793 9 15375
10509 9 30139
15221 0 7910
1381 9 10197
18936 9 7618
15916 9 28011
8912 9 28011
12689 9 23102
25484 6 25520
32528 9 4469
2391 9 3959
4320 8 2631
19763 11 16432
26524 9 6954
18567 9 12689
4801 11 11029
2540 5 6648
10893 6 10893
3697 9 27304
22031 0 22047
29086 9 19464
17444 0 30271
11594 0 13575
22966 5 29147
20384 10 31785
32229 11 32792
12289 9 23575
12689 9 23639
12844 1 23370
4405 9 25554
22324 9 28011
6978 0 16360
23068 0 19693
29636 5 31355
28011 9 12289
1253 8 3232
4249 0 7046
16387 6 9537
19255 6 19084
22137 0 9428
23185 9 33244
1623 9 17944
21746 11 19554
12689 9 98
2426 11 9834
29086 9 1326
4293 9 12689
9634 9 21273
12080 7 12080
27187 9 18723
1832 11 682
19451 11 26684
12689 9 10846
14479 9 12689
20884 9 9823
18695 8 30296
9457 9 5397
12689 9 28011
2385 0 15618
752 0 2635
1188 2 6707
27235 11 25015
12864 11 13471
18580 0 22234
28011 9 17261
30941 9 28011
21537 11 24547
14516 6 7096
15375 9 27466
22918 0 5220
12689 9 6980
12689 9 3231
31967 11 1353
8705 6 24199
21317 6 20123
89 0 13817
3060 9 9529
12520 11 27294
28664 9 12689
24507 9 22567
5257 3 4249
12689 9 13551
25070 0 32955
18013 9 14273
4905 9 19276
12689 9 22296
32178 0 8622
21273 9 32254
29953 9 12689
23882 7 10067
4999 0 6317
31592 5 7191
15775 0 1893
12973 0 12994
23729 9 2648
16465 9 22973
12689 9 71
21273 9 30670
21669 9 14398
30639 0 12066
20814 9 14106
18594 11 1177
8665 5 19166
29385 9 8522
30674 9 15701
2124 11 9036
9823 9 12689
24529 9 24093
32058 0 18986
15950 5 11837
2375 9 2148
7947 9 28926
18557 9 536
197 11 24373
19050 9 15579
29750 11 30876
20411 3 4249
2375 9 12689
28011 9 7808
16131 9 5440
3101 11 5122
23235 7 14911
3304 8 14076
8653 0 2550
12689 9 13236
20041 0 12386
906 9 33245
20019 9 17937
8098 11 23920
28650 9 30749
21057 9 26877
9225 9 22310
19007 11 24547
8497 10 9766
7618 9 2375
26829 11 2487
11017 0 5474
17878 6 5269
17808 11 20655
5309 11 18970
28011 9 9557
13973 8 25203
3662 9 18935
21908 9 8936
2248 8 21866
18818 3 27656
31674 11 6537
5772 0 13772
12289 9 26377
398 9 26458
11819 0 27155
20163 9 9634
1082 0 18115
20332 10 22811
17053 8 28602
22770 7 25719
27976 0 11133
6927 9 28011
29 0 24179
13641 9 16378
11665 11 19973
22757 6 597
18081 9 29385
12289 9 7284
1900 9 5606
3614 6 15876
9285 0 19063
31384 9 1558
5703 0 20157
13313 9 13236
2808 9 12689
20844 0 9026
28011 9 24449
10982 0 27479
2402 9 12689
26340 9 12689
21971 0 10599
2375 9 3902
3697 9 12362
5465 9 3354
18557 9 24527
13609 11 1635
12675 0 10094
23986 9 12689
23962 9 28011
32204 9 28011
23449 9 28011
2792 4 17172
16640 0 27953
27477 9 12689
12796 0 4722
32134 11 32554
515 7 30760
13632 0 6113
27298 6 19189
20911 11 22163
31159 0 22442
12712 9 21280
1189 9 16309
12689 9 691
5463 9 32040
30552 11 31053
30229 11 9427
24783 0 29041
24110 8 560
21908 9 1721
29951 8 28900
2375 9 28011
19961 0 5839
9419 9 12689
10514 0 21746
32037 6 32037
21273 9 2375
17798 9 8177
16989 0 14399
27861 9 19690
4850 9 19276
20135 11 15581
4694 9 14308
13189 9 13048
30063 1 16182
14634 9 4543
14308 9 12689
13635 0 10891
31427 3 4695
906 9 12689
22435 9 23252
19211 9 23200
26686 5 1221
4489 9 12689
9823 9 4014
31423 11 27295
18988 9 31285
12780 0 14334
32277 9 27512
9669 9 28011
6403 11 9057
18535 0 9952
21907 9 25559
174 11 14913
8466 9 9669
19527 9 10121
11155 8 25091
1769 11 19328
22159 6 15584
26045 11 4847
13821 6 26810
5645 9 4801
2440 9 25315
25644 8 25606
16496 0 17953
29105 11 32863
20052 9 28011
33024 11 6190
29086 9 11762
20389 11 31599
15969 9 12689
12689 9 31061
24878 9 12689
15160 0 32253
12922 5 7045
13493 9 28011
9017 0 26475
20850 6 20850
3697 9 20947
10796 9 13131
21481 0 21901
20170 9 10917
4801 9 16684
13684 5 24269
12289 9 30797
4838 0 28318
4896 9 211
27373 9 14884
28862 0 16341
12689 9 31946
4551 9 11606
28011 9 21761
32920 5 21951
21834 10 13210
25356 3 10566
11909 3 33311
13889 7 10067
12689 9 21672
19938 0 31407
28668 11 14097
26982 9 11379
31727 9 28600
21462 9 28540
25315 9 28011
12689 9 32592
28011 9 6908
32235 4 32329
31946 9 12689
3712 3 6943
12689 9 3354
10114 11 24374
28063 9 28011
28011 9 13048
29868 9 12689
16684 9 29041
18977 5 2183
990 10 6008
21041 0 31150
16496 0 28360
24124 9 3914
17934 9 23855
24255 9 28011
12289 9 17418
5255 7 25197
20513 9 19211
4032 11 9994
25715 9 13796
2477 11 18188
12149 9 12689
23865 0 1194
13209 8 21471
4589 0 30598
31142 11 27772
9128 0 27834
33021 8 12412
13127 9 13048
16735 11 3143
28159 10 897
32288 11 26930
8595 9 3060
18838 11 6608
8953 10 20226
14837 7 13503
11785 11 30935
1937 11 24468
23804 3 26124
20942 9 20877
24829 9 27064
7651 9 4806
14419 0 17448
14857 11 10207
25337 9 16121
3914 9 33191
29076 9 4874
12378 11 31714
858 9 15093
28011 9 28011
29445 11 9817
16718 9 25156
3582 9 12689
3505 7 3505
8375 9 32859
12812 7 31389
9806 8 28013
9859 9 18502
15258 5 26568
2787 0 15429
23390 9 28011
32384 0 29924
16539 3 27259
28011 9 3697
22918 8 29008
12289 9 19677
6931 9 26524
33319 9 32040
27559 9 32943
31209 9 9823
31075 9 30625
2375 9 28011
2538 9 2319
8874 9 12000
5402 9 3697
23372 11 21917
31031 11 4184
2724 8 718
32669 9 12689
31123 1 23370
9289 10 25837
8372 9 16699
25194 10 28462
24842 9 16880
759 9 1264
2446 9 12689
12000 9 2875
20052 9 18013
27297 0 18488
11587 8 24361
3111 6 11484
17226 9 71
22113 11 30833
12689 9 12362
13940 7 18825
28011 9 25358
18867 9 21907
27056 0 15193
5839 11 19961
28011 9 29411
8968 9 14214
4249 9 12362
12480 9 16634
8262 9 26110
23697 7 3269
7316 9 18201
31920 11 5281
15734 5 1918
31469 8 19207
20702 11 10498
5127 9 227
1115 9 4905
23299 11 28444
30551 7 8318
31129 9 4748
21273 9 16121
12391 9 18356
10491 11 24279
16172 0 32754
11345 0 32307
9032 11 28651
28273 8 30560
12302 0 27308
21330 8 21516
22401 11 8137
12689 9 3245
20983 11 32016
12082 11 25178
30779 9 3914
16339 0 2279
8240 9 8759
48 9 13636
9468 0 4523
739 5 3013
2631 11 18990
14110 9 21574
13714 0 31137
28011 9 8424
12689 9 1220
18325 0 9771
7808 9 13049
28011 9 14837
18223 6 31094
11403 11 30691
4205 9 4039
9126 0 2618
28011 9 27566
19233 9 7794
27295 0 14383
28154 9 23236
12689 9 12289
2200 11 1993
26080 0 13921
19033 9 12289
8465 0 7729
20648 0 9136
8433 8 10450
17797 2 25360
13741 11 28392
28238 5 12171
1812 9 12689
27222 11 22031
11480 2 18342
24839 0 5644
30797 9 4185
30174 11 7944
1707 10 25837
28011 9 9419
3354 9 6578
20703 11 1780
20906 9 2641
24969 3 13493
27309 0 553
19732 9 28011
30758 9 12689
25140 8 17134
27530 11 26586
28011 9 12689
13131 9 8595
4655 9 17254
28540 9 13131
4499 10 31951
28011 9 19732
12362 9 12362
21533 5 4026
3914 0 6005
21321 9 26201
9108 9 31347
16397 0 5862
18074 6 18030
13131 9 27669
1364 9 15887
877 5 2788
18926 0 19106
26001 9 12689
19276 9 12689
8011 0 5252
26758 9 4039
27892 9 28011
25835 0 27189
31812 0 3458
13666 8 14985
22982 9 22749
3954 9 9634
25141 0 10033
28428 9 17611
12655 11 5796
33161 1 22578
9603 10 5166
25067 5 8826
28011 9 14214
18079 9 22251
22865 5 7612
20430 9 12689
18193 0 32948
17551 5 15359
10511 8 310
28011 9 29953
22256 0 8814
28926 9 10846
27109 9 19690
243 0 30706
29061 6 18756
24508 9 22982
12289 9 193
31784 0 5048
18718 11 23179
24860 9 9509
22029 11 9745
21381 9 28011
27282 11 30384
14878 9 17805
85 0 27239
996 8 15443
24251 0 2497
17529 9 2287
22724 0 17229
1084 9 21370
7874 11 2972
27697 9 31235
31469 8 24490
22350 7 23733
30278 0 32078
10554 9 28011
21823 9 6254
27064 9 14214
13829 11 2113
19276 9 22640
19205 9 22037
11289 11 19296
4974 5 6853
15607 3 31075
6940 9 23385
27519 9 29041
8522 8 4511
30433 11 11227
19797 11 32388
4599 9 27683
3972 9 12689
11882 11 1691
16326 11 14702
19063 6 2538
4801 9 10589
10971 9 3308
12689 9 2938
28011 9 9419
31785 2 17624
25222 9 6100
5843 0 18511
29076 9 26162
6297 9 9309
1815 0 26517
13210 9 31994
22819 5 28971
9285 0 10325
7933 0 27546
20814 0 1784
15349 9 22475
23411 9 28011
12289 9 28011
30681 0 23449
2287 9 6954
29307 9 27386
28011 9 12289
28737 0 6780
3402 9 24293
28011 9 9593
28011 9 18737
873 6 13763
26982 9 13779
10197 9 24829
5685 5 2788
32585 0 964
4633 9 12689
22774 11 30044
28011 9 4694
11234 11 13739
26720 11 15012
7794 9 4801
18573 11 144
26041 11 14662
27380 11 4188
13435 9 2670
18269 9 5276
18557 11 8517
13314 0 7771
29659 9 1112
13864 0 24702
8394 5 13504
12362 9 32501
28011 9 10596
6578 9 17944
4727 11 21201
4014 9 3231
28589 9 28589
22929 8 8442
31200 11 17256
10169 5 26568
7147 9 28011
125 2 30478
28859 0 12597
28011 9 27660
15632 6 30558
5743 8 7802
4647 9 353
12689 9 13359
11478 8 16107
20019 9 9509
7522 5 24215
10755 9 28011
8104 6 9056
14089 6 8586
11491 11 13883
12689 9 28011
15762 9 28011
3004 9 16377
4185 9 3914
20742 0 24925
22475 9 28011
8101 0 29724
20513 9 906
20951 11 6908
21667 9 12689
14691 9 7808
19973 0 13494
8967 11 11156
20925 10 6008
25105 9 28011
7303 11 26795
23124 0 20866
22068 9 28011
12689 9 906
30681 10 98
23004 9 17183
12074 2 32894
17017 0 7866
10801 9 26442
26206 10 20226
25157 11 17224
14911 6 14814
5100 10 20226
12689 9 11954
30278 0 31551
2337 0 157
18471 2 17589
12955 0 26241
29707 0 27206
4128 5 2825
24860 9 28011
14037 9 18425
3972 9 18322
13661 11 7940
5846 6 11217
27989 11 595
8850 0 17361
30910 0 5390
25194 9 7910
4819 0 610
31209 9 6858
7681 9 15178
4496 8 5838
32592 9 15165
7453 4 30570
4014 9 7329
16680 11 20802
23725 9 12689
30512 9 18567
31061 9 9126
12689 9 16287
11162 5 28238
28011 9 28744
8523 9 906
6100 9 9823
18436 7 13673
28905 7 22445
33046 9 4249
22796 9 27892
17253 0 13175
12689 9 17698
1790 11 2340
28011 9 6314
11715 2 9056
30269 9 6100
29086 9 9921
12689 9 23667
8297 8 16552
18461 11 8850
28011 9 20770
12689 9 20947
12689 9 4850
17867 9 28011
28486 9 25770
15521 9 1623
17884 9 19211
19965 9 13735
22488 0 1565
11269 9 28011
26801 5 13697
14214 9 8364
21908 9 4489
6596 9 20610
20884 9 28011
21210 0 10100
12956 9 12689
2284 7 7453
28011 9 14456
23575 9 12689
16476 9 12689
28987 11 26796
15160 0 16123
14469 0 12228
9634 9 28011
15160 0 25412
12289 9 4801
17237 11 1004
31523 7 9417
9036 0 2124
7690 5 1514
14663 9 227
31951 2 6232
19985 7 18983
24700 11 13448
3603 9 1721
12689 9 12362
26640 0 15501
22311 11 22031
32214 11 9973
21899 11 20488
202 11 25225
31289 9 31946
8078 7 14311
28011 9 19211
21051 7 397
4649 8 7897
22031 0 7969
5582 10 98
23875 6 23875
15794 9 866
27067 9 31970
6954 9 12289
24839 0 25409
24888 8 4390
21510 0 29591
446 9 28011
14649 11 17181
22474 0 9608
32554 0 12517
33089 10 14628
4846 10 31444
6711 9 9189
20549 9 8409
9816 0 32281
26291 11 7011
12689 9 12002
202 9 30645
26352 0 14965
27420 9 14063
5859 0 26351
13894 9 1115
15683 9 1115
18988 9 28011
15349 10 28650
13603 0 3884
25701 11 14662
24367 8 4932
18737 9 839
5906 9 12689
14882 0 9424
9587 1 5102
9902 6 14009
9847 0 12949
28011 9 5871
17226 9 3245
29793 9 12362
21057 0 15049
25070 9 5639
18891 11 19312
28011 9 9329
16579 0 25653
1166 0 26872
10523 9 13741
14912 6 14876
12689 9 19276
32261 3 7329
28011 9 12689
31960 11 25874
6008 2 16145
1741 11 9878
28011 9 12689
20570 11 17470
6748 0 16884
12016 9 19216
29411 9 28011
28011 9 22310
29311 9 12069
23409 9 28011
32627 9 28063
5807 0 9101
28011 9 12689
12689 9 14214
29933 11 30044
464 11 20844
12689 9 12362
31286 6 21728
264 9 12689
6740 8 29842
2671 6 21658
13493 9 10907
25799 11 14933
858 9 20942
11429 6 22933
23965 9 12689
26429 9 22640
13375 9 27477
32636 0 12075
21514 0 15792
4182 0 24403
18910 0 15137
7775 8 32157
17999 11 18057
18077 0 6023
25366 11 21333
25315 9 20732
33311 9 12689
28365 9 28011
24722 0 776
12289 9 28011
15136 9 28011
22152 11 30833
4801 9 12689
28011 9 8405
7907 8 27310
7543 11 21899
2708 9 12289
26856 3 4249
4205 9 14474
12261 11 17307
12689 9 31979
6989 0 3721
31934 9 30564
24698 0 10008
29684 11 17181
21556 9 12289
28011 9 14867
21540 9 12689
19444 10 20226
281 8 30172
12289 9 6100
32918 8 1473
5127 0 25230
30438 9 23299
18849 8 16368
16303 8 10114
3729 5 30589
28011 9 13048
12408 6 22493
7603 11 15003
2567 0 30997
4249 9 3972
2938 9 12689
28011 9 3021
21907 9 21907
2848 0 18719
2375 9 31172
24418 11 4536
25156 9 18670
28011 9 4715
27024 9 12689
193 9 33225
29467 7 7326
16435 9 8002
28011 9 1162
28011 9 8466
25750 3 4249
25302 9 20770
28011 9 7329
12689 9 16287
16053 6 14710
5608 8 5651
28011 9 25659
31462 0 24553
27697 9 28277
1112 9 25222
12689 9 22103
31523 0 22738
22940 11 20154
906 9 24527
21672 0 1540
1112 9 13359
10855 5 4379
14345 11 21937
23609 9 26316
30269 9 12689
6007 8 15882
19079 0 24501
29194 7 1721
23743 11 28538
12689 9 32951
29481 11 31059
31332 2 21783
1139 9 18670
6032 9 4801
23188 8 621
12188 9 25631
15411 0 6522
29502 11 18284
11878 9 13131
8016 9 22982
7057 9 4874
12276 7 2814
30115 10 98
26263 8 28907
1326 9 12689
25964 9 22982
24126 0 20212
12362 9 29725
15012 11 21280
15341 0 8386
2641 9 31710
976 0 20165
20947 2 30360
18013 9 9284
28011 9 4905
33313 9 25197
12363 9 7651
31347 9 3231
19804 9 8595
21984 9 12689
21752 0 16535
30797 9 20894
16129 10 31332
2535 9 28011
7016 11 24427
31078 5 12893
4249 0 26767
30855 0 14939
12149 9 12689
9634 9 1112
16378 9 28011
22724 0 13616
18223 6 24981
6437 0 12913
8896 5 28197
2942 7 17254
12960 9 13844
2567 0 32181
6100 0 20001
16382 10 18829
20958 9 28011
30852 0 13426
12390 11 9145
12911 9 28011
6980 9 12689
25983 11 11725
7350 8 31714
23466 9 31075
12412 11 8530
29812 10 6578
11989 0 6899
30269 9 28011
32842 0 5466
30639 0 22646
26294 11 29
12791 6 20327
7405 7 29385
98 9 8514
15160 0 14754
18081 9 18605
28778 7 19919
32598 8 6613
6106 5 16343
2142 11 32863
14544 9 14059
22251 9 3402
21680 5 12208
19808 9 30446
32938 0 16609
10121 9 28011
2162 8 12220
26124 9 4066
29146 11 13396
24218 7 8787
13252 0 2188
26750 11 155
16634 9 28243
28011 9 1162
13460 11 15633
2421 3 24506
15636 11 24673
16380 0 7336
28011 9 19568
20513 9 17210
17139 9 12689
17188 0 10172
14794 11 24163
28011 9 8246
19233 11 16769
12689 9 30512
19920 11 7088
5987 11 18951
1294 5 25091
12689 9 16737
1112 9 1944
16579 9 18737
5637 0 29873
21610 11 6413
28011 9 28011
2137 9 21335
2556 3 22025
2375 9 29826
12689 9 4942
13603 0 32987
29878 3 4249
10646 9 13314
19059 9 6848
4464 11 369
7607 11 15047
28982 0 19178
21407 0 28475
28777 9 23466
28226 7 16083
4801 9 12689
14462 9 29725
32532 5 21398
11156 9 906
21515 9 6100
10227 9 33211
21555 0 16858
17345 11 9507
28011 9 19059
32951 9 7306
12575 7 1605
71 4 8967
27632 7 5157
18553 9 12689
25227 5 17008
3010 11 19314
15474 8 24248
21823 0 5472
28651 9 18867
23877 9 23148
7190 9 14214
24247 7 27678
3972 9 8938
12689 9 6954
2440 9 6361
10380 9 16718
12689 9 23965
22724 0 10861
16684 9 28011
2254 9 27844
4647 9 10931
22578 1 6321
8392 11 16895
25594 9 12289
16287 9 8355
21443 0 23257
11213 9 15014
18714 9 858
22617 9 18013
12289 9 28777
535 9 13741
12689 9 18714
28011 9 7131
30758 9 25514
21899 0 7543
21667 9 25660
12689 9 4694
13632 0 4654
12689 9 12712
26098 0 28430
14705 9 25772
13832 9 12689
20207 9 12689
4039 9 12689
15602 0 6068
17987 0 7650
4905 9 12689
13507 11 9634
2499 9 28011
11807 0 12843
26982 9 21892
23452 9 27794
31672 11 24839
6472 11 21725
4666 8 2808
23855 9 2254
28011 9 12689
7637 9 31235
9634 9 263
13096 0 7434
19123 9 12689
23466 9 23490
16309 9 33221
12368 0 16882
24427 9 8253
9020 9 2391
9724 4 22050
31861 3 5068
23357 11 16044
13228 9 31348
15295 0 21569
28011 9 13471
22748 9 4801
9300 8 20681
28180 0 2632
20906 9 14184
16309 9 23855
8028 8 16622
26442 9 5440
1633 0 9454
6112 9 12689
18406 11 2374
5063 11 10709
21672 9 10601
2733 9 12289
847 11 33202
15599 11 23488
165 11 12794
4955 6 32048
15520 9 6908
9429 9 12689
27892 9 10227
25973 9 16459
32034 11 18552
26568 8 3024
23986 9 14858
12689 9 28011
21863 9 19690
27719 8 21457
13578 9 28011
2052 11 8937
6428 7 21317
12689 9 31293
22971 6 22249
25299 0 17299
9481 9 10706
24860 0 6552
595 9 28011
12115 9 9419
7306 9 27892
24557 7 16083
6003 9 26985
18687 10 1177
27028 11 15754
12689 9 4905
12864 6 22567
7838 7 15151
24867 11 32323
15705 11 12915
4821 11 23380
4795 9 28011
21257 9 10381
12689 9 28011
5234 7 397
19865 7 21
866 9 18737
10197 9 28011
28011 9 19387
12362 9 14878
21273 9 9634
27188 11 19933
98 2 26604
15012 9 3231
4033 0 1714
9669 9 12689
26694 11 8656
26203 11 30511
14214 9 1112
22236 11 1862
28011 9 2375
30217 11 13773
2208 11 17014
430 9 18013
4249 0 15810
8514 9 906
29560 0 18775
12362 9 18737
5331 0 16315
16435 9 12689
14952 9 2102
9769 0 3336
6274 5 20152
21250 3 4249
15563 7 15563
27024 9 17698
12689 9 13667
28011 9 7563
18737 9 9509
3354 9 12689
28011 9 12689
9419 9 7910
17566 0 363
21121 9 17820
24525 8 12486
4743 9 9468
10818 5 25758
7110 9 31038
29571 11 28220
26429 9 6398
12188 9 5742
21956 0 33163
12689 9 12689
24860 9 10931
26307 11 9886
9432 9 28926
13679 0 11789
12689 9 6503
19377 0 26812
28011 9 14592
18329 11 11145
25710 0 15903
12289 9 27669
16233 6 30576
3697 9 29725
30483 2 9431
7803 0 4759
25681 9 2972
30741 8 16393
10165 11 22568
11800 9 11193
13048 9 13714
28011 9 28011
8595 9 23490
12689 9 6994
2327 9 31209
98 2 27725
28560 11 14662
26640 9 28011
31609 5 24389
12689 9 15764
16496 0 11936
26374 0 3408
4774 11 30278
4077 9 12689
15379 9 28777
24874 9 23087
25417 2 31710
16309 9 28011
2900 0 5289
27953 0 1877
3801 9 14214
12689 9 11213
12689 9 27844
29673 11 7501
8007 5 2368
18614 9 9954
27795 11 24839
10878 0 16137
17451 3 20903
26688 0 17632
32414 9 12689
5992 8 29058
15538 8 15693
31568 11 7178
14106 9 16377
9823 9 23148
18201 9 23575
26295 0 19665
1608 5 26568
23572 11 1296
7096 5 22620
23575 9 12289
21847 9 28011
12689 9 27400
30258 9 17333
16309 9 20207
24829 9 10904
23729 11 28468
4470 9 9973
18651 0 7566
30953 9 32277
18660 5 13485
11312 10 28973
2019 3 33311
12308 7 20535
29608 9 31348
8820 3 4695
6578 9 6980
4185 9 23449
7825 0 26594
9652 9 7651
2257 0 9242
28011 9 13410
1944 9 21984
27844 9 28011
25084 11 1306
8740 9 13131
2185 9 3709
21984 9 3409
27325 11 28000
25547 11 2694
17254 4 27921
25937 9 28011
5742 9 5742
28011 9 12689
28011 9 6186
4169 0 8906
6737 9 12689
22031 0 27207
32235 4 32066
19339 11 22546
175 9 21057
30805 11 23507
19205 9 10230
12545 0 32864
25315 9 32398
2174 6 1679
19953 8 24166
24662 9 12689
17524 0 23989
11767 11 12957
32281 0 14215
26640 0 31809
2327 9 3972
264 0 29615
8920 9 7618
20019 9 26510
32740 7 19465
5420 9 31293
21847 9 9237
32309 9 15518
11840 0 24277
16699 9 31109
12689 9 12689
10583 0 20559
21824 0 18126
16434 0 7539
12289 9 12000
21321 9 28011
21335 9 17835
4665 11 30654
9144 9 28764
26377 9 27794
31784 11 17555
1207 9 12689
24299 8 10260
18298 0 1980
32703 0 14592
2565 0 15386
8850 0 25605
7796 11 28482
12791 10 29257
29062 9 9267
12689 9 30194
1812 9 4801
15489 9 4039
4567 11 29700
32629 0 14376
27794 9 19143
6314 9 16093
17567 9 30793
12087 0 32365
10407 10 8323
12689 9 21629
29086 9 19063
1891 11 25082
11999 9 12689
31797 9 12362
4156 8 14080
4161 9 7808
5375 0 19103
28011 9 13048
28011 9 3060
18898 0 19457
19720 8 22466
1157 0 2260
11725 9 9273
446 9 12689
32622 11 1815
6954 9 27306
14521 11 33046
10770 0 9017
2375 9 30726
89 11 9816
23575 9 17139
23781 7 20813
6058 9 28011
3016 11 13714
25222 9 28011
4161 9 28011
32519 11 14401
16968 9 11088
12274 9 906
32680 11 30639
10002 9 5179
22178 0 30199
25772 9 18714
7227 10 31075
18286 11 8235
8465 0 28997
13432 11 24258
3845 11 16044
29760 0 20958
30857 4 12014
12689 9 6100
19276 9 12689
14184 9 14032
11323 9 12689
29062 9 31209
23345 5 8063
28011 9 2641
13127 9 14110
175 9 32736
16926 0 18146
12289 9 12689
33191 9 3354
27477 9 28011
2375 9 4801
15483 9 28011
30842 9 14106
25431 11 2709
1411 9 28011
27783 9 12689
25222 9 31382
4398 0 12416
16458 9 8785
16268 9 15375
28011 9 24517
15520 0 4017
4193 9 19211
4249 0 33172
3354 9 6578
9189 0 29567
19130 9 23372
30318 0 27521
14369 6 9991
29311 9 13493
27110 9 16377
20160 0 12948
4039 9 11213
4925 5 3677
31037 9 28011
28011 9 12689
4978 8 20063
25197 9 12689
21217 0 17477
6100 9 21892
29318 9 28011
25659 2 14163
12622 8 9585
30639 0 32597
28011 9 9634
26021 5 21003
24975 6 31209
31262 0 3335
25043 0 1917
21388 9 12961
14309 8 28105
29009 9 18013
12289 9 28011
7452 9 10931
9273 9 12689
31714 11 26795
4250 0 21081
15836 11 3114
12678 0 21339
25543 9 1084
1505 5 3018
11289 10 30937
23592 9 16378
32953 11 20368
29433 5 9927
13052 3 21956
12188 9 5742
11787 0 17446
27844 9 28011
12505 0 22319
3612 0 32898
19899 11 25472
7808 9 7939
25997 0 26473
20901 9 12689
230 9 1127
22752 11 22724
26341 11 16700
3697 9 26738
22386 8 10195
28011 9 25833
18515 9 28930
25338 5 20557
9432 9 490
17494 11 30278
28011 9 9634
23575 9 29725
4237 11 29418
21057 0 1705
12689 9 175
20915 9 9550
26422 9 20860
28011 9 24529
25059 0 21586
6336 9 31856
29868 9 28011
21908 9 12689
1112 9 7808
27892 9 15489
18286 8 32453
10632 6 23981
906 9 1112
11708 3 10150
25000 3 6635
23365 11 7693
25543 9 30523
8850 0 31566
13131 9 12689
2217 11 29164
17254 4 15383
25156 9 15579
31827 11 2561
4674 1 7780
25070 0 19528
17226 9 12689
5645 0 31499
14776 9 21908
31393 9 1112
11539 1 25902
8868 11 25775
31785 2 22892
23148 0 27417
441 9 22551
3448 9 1944
26817 0 16308
295 7 13594
27794 9 12689
12689 9 12289
7329 9 28287
31151 9 27844
12121 9 13131
1007 9 31652
18552 9 10220
12997 9 29076
27519 9 13314
6008 2 24857
2528 9 19753
8129 11 22074
28011 9 5188
9754 9 12689
16684 9 5463
23027 11 24851
10094 0 8289
30639 0 26961
28011 9 12689
23908 10 15650
28782 9 12689
12689 9 9634
21892 9 28286
12689 9 30010
26952 7 21413
28005 9 6146
12362 9 10755
3231 9 33251
21981 0 2330
10966 11 15362
31623 11 32415
25964 9 4185
17896 6 23659
18546 9 30194
18013 9 9284
2534 11 11854
5427 9 15090
2440 9 2507
6100 9 13894
1300 6 6265
28011 9 12289
12689 9 28011
13578 9 12289
14959 7 21773
32108 9 28011
19479 5 27698
31195 11 24864
5622 5 11101
11044 9 24942
4547 11 16044
1829 11 3683
404 0 25346
8652 11 24418
13750 0 11147
9244 0 13577
23609 0 914
22473 9 23159
29038 9 30425
4249 9 12362
28864 0 23784
20033 9 1524
32863 0 22659
26061 8 7226
6100 9 21599
14878 9 12289
906 9 11228
12689 9 4185
14059 6 13769
2375 9 9756
24663 0 13428
29968 9 9126
9457 0 16014
3245 9 12689
4900 9 28011
28011 9 5157
28449 2 20350
28011 9 5995
12689 9 12383
32902 9 29968
9111 0 32688
13362 6 13508
2849 5 29640
22724 0 3073
19415 9 29086
21934 5 13276
32592 9 21772
9980 9 14878
30480 11 1722
2495 10 27821
13180 8 1967
31193 6 18609
31061 11 30384
9427 9 15200
12689 9 19958
23914 9 26738
17698 9 5402
10509 9 6613
12689 9 21574
27732 7 6517
23461 11 24213
9244 11 24617
29311 9 12289
5772 0 3336
6414 9 12689
12689 9 22729
16518 0 19865
31870 3 4249
19690 8 29898
10227 9 9225
11807 0 32749
31361 11 7114
11369 7 24412
15349 9 12689
9634 9 5440
16121 9 1173
9784 0 22517
9758 6 3472
2375 9 19211
18714 9 14214
12689 9 28540
13931 0 13324
30887 1 209
3336 9 9823
14002 7 14170
30215 9 28011
468 11 7903
5123 11 17611
2242 11 25710
32074 11 27015
32099 9 12689
8811 9 5825
4205 9 28011
25829 0 12758
22834 11 23428
5617 7 31816
16121 9 12362
6682 5 18645
20488 0 22964
31070 0 15069
230 9 23855
12689 9 12689
10971 9 12289
