33330 12
28651 9 1623
20513 9 906
10971 9 28011
4647 9 29608
32892 9 10097
20942 9 20877
26856 3 4249
14308 9 11213
20237 9 11280
898 8 24258
17524 0 23989
31817 3 16646
9636 9 21257
32994 9 28011
20033 9 1524
25222 9 21672
28011 9 21602
26809 7 14308
9834 9 23855
3972 9 8938
30168 0 766
23449 9 28011
7947 9 28926
13172 11 31098
24698 0 8045
10235 9 20884
21407 0 28475
13240 7 3510
739 5 3013
27373 9 14884
6344 0 17898
7440 3 31955
4536 0 24081
13189 9 13048
10247 9 3859
11213 9 15014
6100 9 8187
16458 9 8785
25 0 18909
25794 6 5692
858 9 15093
2208 11 17014
9756 9 866
29385 4 10714
9518 9 25454
27953 0 1877
11345 0 32307
20933 0 3817
20161 11 19897
25197 9 29411
1479 11 25172
13156 9 12689
28159 9 9149
26479 0 25639
6100 9 8049
10178 9 28011
12289 9 29411
4249 0 32311
16997 3 15352
31263 11 8850
6314 9 32252
26982 9 11379
27772 0 18483
18013 9 8904
30797 9 4185
24948 6 8383
12289 9 28011
3245 9 31075
9267 9 8657
12689 9 5354
12689 9 25833
12689 9 5825
17748 9 7190
6119 11 29170
30217 11 13773
2052 11 8937
21171 11 16044
5485 0 8796
11154 11 27309
11486 11 10754
23542 5 18016
1944 9 6617
86 10 31191
22449 0 8765
20656 6 2670
23305 0 33095
10033 10 14279
11148 9 28011
28011 9 24891
11878 9 13131
12121 1 7804
10583 0 20559
14815 10 28462
13359 9 13832
16382 10 18829
23714 8 11210
11767 11 12957
17698 9 19677
12689 9 11954
21273 9 12689
21370 9 4801
19862 3 32636
13801 9 12689
31782 9 22251
12689 9 5742
21257 9 10381
12689 9 22640
28739 11 4076
13177 3 13493
3126 6 16341
32942 9 23725
31293 9 230
30945 11 7007
3832 0 9675
14374 11 2635
25685 0 28257
12689 9 22640
17748 9 12689
1298 9 28011
4704 11 15225
2375 9 29826
28011 9 1952
12362 9 18737
32863 0 7995
12302 0 14008
30628 0 18693
26760 9 28011
24839 0 28724
21908 9 12919
15646 11 30639
26708 11 1519
17444 0 30271
11222 11 19524
23951 11 9697
22914 9 12689
12689 9 16097
14479 9 12689
8407 9 12689
6437 0 12913
19027 0 2607
27297 10 11480
18629 8 23792
4520 11 2422
1220 0 10034
9603 10 5166
21027 5 10481
7785 9 18740
17494 11 30278
25983 11 11725
17729 9 3972
30539 9 4606
5276 9 15762
25643 11 28764
15393 9 29616
20549 9 18013
15052 5 28270
10596 9 32099
27821 9 2344
4801 9 22982
30245 5 14074
22245 11 18898
18359 9 31934
31242 9 23449
29433 5 9927
8904 9 28011
19763 11 16432
12289 9 6547
22068 9 28011
13829 11 2113
12689 9 12913
21317 6 20123
32624 5 26926
4674 1 7780
27981 11 5127
17017 0 7866
28865 5 24978
4655 9 17254
31469 8 24490
6008 2 15427
30433 11 11227
12689 9 30010
12922 5 7045
26021 5 21003
4433 9 2185
6003 9 26985
28011 9 15579
6503 9 13384
20884 0 6846
8904 9 27669
14705 9 25772
21270 7 13256
19479 11 22724
9419 0 25608
32528 9 4469
3333 11 13477
19965 9 13735
21620 6 7103
4801 9 4839
439 0 29086
12689 9 17830
32598 8 6613
32554 9 28011
25070 0 31187
27380 11 4188
3010 11 19314
18651 0 7566
28011 9 12689
31242 9 12689
17471 8 29186
23066 9 22488
6428 7 21317
30391 1 26616
31389 6 11064
7114 9 28011
16539 3 27259
14662 0 18497
30842 9 14106
7183 9 28011
19276 9 18717
18188 0 22021
12689 9 16093
20417 0 28406
16121 9 1812
8855 0 24110
32561 11 31113
5281 0 3254
15927 7 22463
14013 9 1497
4846 10 31444
18714 9 2792
5939 9 18929
6908 0 3287
12689 9 12362
12087 0 32365
17474 0 544
12689 9 12002
31922 0 21347
13131 9 2375
24888 8 27451
27187 9 13493
24427 9 18013
30460 8 3263
17022 11 904
8147 8 24476
14959 9 6100
8759 9 28011
13533 0 25218
6112 9 4801
12689 9 17698
9634 9 12362
11162 8 14159
28011 9 16684
32885 9 24527
8417 0 6705
28011 9 14214
29062 9 31346
27586 8 10826
32636 0 6169
16434 0 7539
18329 11 11145
21273 9 9634
7306 9 27892
14308 9 12689
31252 0 32803
16680 11 20802
24852 7 19386
18269 9 5276
9634 9 12689
29725 9 4161
24414 9 2375
31542 8 19950
12689 9 9823
12689 9 31088
843 0 16365
6133 8 25888
20850 6 20850
12289 9 558
3613 5 21142
6138 9 27794
20983 11 32016
2875 9 16019
26259 7 6466
13049 0 29656
12655 11 5796
30935 0 4047
22024 11 20160
25472 0 22958
7045 8 12922
6106 5 16343
23466 9 23490
4097 9 14273
22565 9 4801
24629 6 25454
6601 0 17840
2987 11 17611
15775 0 1893
17463 9 21273
21847 9 353
31075 9 545
28011 9 5157
14663 9 227
7479 0 14129
2375 9 8277
2147 11 25472
31382 2 2380
12689 9 12845
264 0 29615
29636 5 31355
24134 11 5796
25710 0 10892
21672 9 10601
1864 8 15979
16470 11 16488
22383 0 25787
13435 0 12420
12289 9 25571
7958 5 25823
12362 9 8466
13127 9 13048
26982 9 21892
27498 9 7808
2641 9 31710
7291 7 7297
22744 5 21220
28011 9 5329
12689 9 16737
30278 0 32078
12689 9 691
22444 9 12689
25197 9 28011
15701 0 10884
12362 9 10755
9244 11 24617
28011 9 10038
12689 9 31979
12689 9 21331
15130 7 6032
21273 9 13466
32943 9 32277
13252 0 19921
18988 9 3697
25302 9 20770
13033 9 28011
13131 9 4917
24525 8 12486
2375 9 19211
17934 6 13934
18546 9 30194
15683 9 1115
29933 11 30044
32918 8 1473
23027 11 24851
23219 11 23282
6186 0 7203
31960 11 25874
18683 5 21765
7874 11 2972
21847 9 28011
20087 11 32440
12289 9 4801
9463 0 1735
8759 9 7940
24839 0 31672
28011 9 3245
19211 9 1663
12363 9 1112
29055 0 22275
1624 9 18013
28890 9 12689
1691 0 5108
23878 9 29725
12289 9 28011
4801 9 12689
18081 9 28011
21537 5 1221
28365 9 28011
27024 9 29076
15244 10 20947
5645 9 4801
20221 3 7933
31536 0 11697
22457 7 846
33319 9 28011
9453 11 24839
11034 0 25509
16712 6 4374
18307 9 15489
25884 11 7190
2787 0 15429
12689 9 9669
227 9 24396
28011 9 227
29842 5 6740
25772 9 18714
24085 10 25141
7651 9 4900
18343 0 25896
28011 9 18737
15246 3 20914
12689 9 19276
14402 9 12689
12602 11 23877
14840 9 19297
32541 11 29700
2913 8 20364
21041 0 31150
12689 9 22780
3619 9 12689
26327 0 18660
28011 9 26124
8670 0 2502
7147 11 25729
906 9 7284
17712 8 3433
30726 9 1264
32737 8 13417
4801 9 12689
13252 0 1868
906 9 11228
26066 0 28147
6853 8 7589
13886 11 31714
16044 0 31596
12689 9 28011
13221 0 18145
13379 5 3918
5309 11 18970
18475 9 7064
25222 9 31382
31142 11 27772
28011 9 12689
24566 5 22359
12289 9 12689
5429 6 8385
30910 0 5390
20411 3 4249
15750 11 16528
5427 9 15090
31289 9 31946
1188 9 13989
18976 9 1112
22770 7 25719
13499 9 420
29331 0 28927
4801 9 5742
31946 9 1326
32943 9 18970
2565 0 15386
10481 8 18947
31725 4 6806
21892 9 28286
25336 5 9673
31384 9 1558
13677 0 10987
18660 8 16587
3354 9 2137
30939 0 32708
9724 4 22050
12689 9 28011
16579 0 25653
12903 11 29131
19415 9 29086
31075 9 4185
2900 0 5289
16326 11 14702
27187 9 18723
21899 0 11462
4850 9 19276
6606 11 25472
8665 5 19166
25659 2 14163
26051 9 18356
28175 11 33259
21388 9 2487
13739 9 15408
693 9 9285
18269 0 16844
17214 10 8660
10171 0 31450
19985 7 18983
6711 9 9189
28011 9 20770
8237 8 4137
17291 9 21847
4185 9 12689
28159 10 897
22724 0 3073
27788 11 15803
22183 9 23855
25417 0 22495
9634 9 3965
12689 9 4249
29284 8 24820
16194 11 27806
20301 11 17539
14106 9 6118
18714 9 858
31782 9 7808
12689 9 22729
4905 9 24517
10971 9 12289
1900 9 5606
21273 9 12689
8780 5 12300
24867 11 32323
8375 9 32859
11596 9 12689
28386 9 9823
4320 8 2631
14244 6 7421
12591 11 11187
3302 0 23962
10523 9 13741
12689 9 16121
858 9 20942
25194 9 7910
22752 11 22724
1578 11 23909
27566 9 14032
14309 5 10481
20788 7 3186
5538 9 5182
5859 0 26351
28011 9 23066
3111 0 6058
28560 11 14662
16378 9 16097
22516 0 30955
13998 7 22478
25203 0 16001
12689 9 12689
33088 11 2370
28011 9 14837
6578 9 12689
8936 9 12689
12689 9 12383
27420 9 26564
12689 9 25821
23252 9 12289
7563 11 9634
19050 9 15579
10529 5 15661
15794 0 24323
14089 6 8586
3060 9 13551
18223 6 31094
13375 9 27477
4161 9 28011
5182 9 2649
12689 9 17698
5987 11 18951
2375 9 12689
12689 9 4249
15284 11 28651
25902 9 14815
30269 9 25222
6100 9 31979
10771 9 12689
6100 9 31994
32019 11 24547
4806 7 10067
6008 2 12551
29163 5 23471
16247 5 26568
11618 9 7258
8872 9 2708
15969 9 12689
20908 9 26036
12689 9 12689
8318 11 6098
12689 9 440
18988 0 6431
3914 9 25156
18181 9 12689
15375 9 27466
12689 9 12689
20877 9 6100
12689 9 7627
7983 8 5254
6274 5 20152
9285 0 28669
31907 11 20655
5420 9 28011
21273 9 33311
26688 0 17632
9634 9 28011
8968 9 28011
10285 5 20419
32636 0 12075
22966 5 29147
16699 9 31109
9509 9 13832
13832 9 12689
26568 8 3024
1479 11 25172
6954 9 27306
14582 9 28011
4249 0 7095
12689 9 3697
26061 8 7226
4405 0 10568
4237 11 29418
12289 9 30797
21667 9 12689
842 11 30695
15897 10 25417
10023 11 22031
12882 0 22045
25338 5 20557
26138 9 12689
30398 7 28287
12689 9 16121
29760 9 12689
28011 9 17748
7057 9 4874
4039 9 11213
4896 9 211
30571 11 3916
14345 11 21937
2708 9 12289
12689 9 24651
9624 9 4089
13579 0 17289
13359 9 323
3477 0 33173
15067 11 2503
20885 11 23934
28011 9 29009
4866 9 20917
27504 7 14516
7096 5 22620
17139 9 19211
3696 11 20072
7651 9 9397
21388 9 15880
28011 9 28011
29385 9 12689
31819 9 21908
4801 9 12289
18898 0 19457
27669 9 31946
29086 9 1326
9634 9 16287
15607 3 31075
15117 8 25124
15424 0 8206
6950 9 12689
25710 0 15903
17798 9 28011
12689 9 866
22423 8 10522
15794 9 866
12289 9 28011
1326 9 12689
24647 8 21162
12689 9 4801
29476 8 18757
11954 3 32636
7405 7 29385
4433 9 12689
28011 9 6835
28777 9 6927
21381 11 18929
28011 9 9557
12689 9 12289
28011 9 28011
28011 9 17261
1169 11 10227
16130 9 12289
20814 0 1178
28540 9 353
22286 10 30425
2938 9 12689
20906 9 33191
15521 9 1623
26203 3 23601
2078 11 423
28011 9 8466
5606 9 12689
4439 11 16496
30608 10 17867
10509 9 6613
28634 11 30672
5703 0 20157
12689 9 906
30741 8 16393
28011 9 30028
15411 0 6522
22757 6 597
33191 9 4801
202 9 30645
17254 4 15383
30414 0 23562
13604 11 1780
7258 9 1500
10287 2 11983
25084 9 14815
23729 9 2648
2345 11 9244
2528 9 19753
28011 9 6186
3697 9 12362
2362 11 13252
31903 9 29411
26124 9 28011
31152 9 12689
14110 9 8670
28011 9 12689
26779 6 19386
4164 3 9276
12689 9 14214
4819 0 610
17816 9 28011
28011 9 16093
5465 9 3354
20549 9 8409
18910 0 15137
15349 0 14109
8693 11 18163
28011 9 29041
20911 11 22163
30758 9 12689
29743 10 31444
7808 9 10062
29608 9 4039
9285 0 19063
22641 1 23306
4647 9 6617
6697 0 29194
12689 9 26982
21673 0 15361
16492 9 7651
25920 0 25507
12689 9 9149
32951 9 7306
32981 8 26575
8850 0 31566
10760 11 9907
25634 6 21570
4838 9 13785
3004 9 16377
10017 10 20226
32427 11 9433
28407 0 19501
2137 9 21335
18377 7 25055
21847 9 9237
21899 0 7543
13236 9 19204
9634 9 5440
21622 11 9854
6112 9 12689
12383 9 29793
20276 0 20213
25354 8 2313
30409 11 22782
4185 9 3914
31909 9 14214
1119 11 5470
6314 9 16093
193 9 33225
28011 9 5440
22435 9 12689
2091 6 4376
2671 6 21658
9756 9 1067
28011 9 28011
12689 9 16458
25084 9 12689
22257 0 17610
9634 9 30269
25631 9 12689
3612 0 32898
29953 9 4839
9285 0 28468
24912 7 18704
17748 9 4885
18298 0 1980
23490 9 12689
3336 9 263
650 11 9008
19130 9 23372
31920 11 5281
27282 11 30384
12689 9 20947
31672 11 24839
8465 0 7729
7695 9 12689
23390 9 28011
23411 9 28011
17698 9 12362
464 11 20844
17630 9 28011
27325 11 28000
3981 11 23781
12689 9 12149
5670 8 19755
25514 9 4433
14026 0 11375
4547 11 16044
32440 0 3008
6762 11 30639
18988 9 32942
24507 9 22567
18976 9 22918
8177 9 14214
6343 11 26640
25070 0 14464
12689 9 7952
22679 9 18514
32976 7 30269
31129 9 28011
29394 11 9463
28011 9 13048
348 11 13453
6403 11 9057
18162 9 4401
1368 11 10291
9244 0 13577
7591 9 28011
19665 7 4318
12368 0 16882
27959 5 29051
31714 11 26795
17361 11 8850
11588 11 1780
19343 9 17748
7618 9 12115
12289 9 17307
8407 9 12689
21667 9 25660
32808 11 12675
1434 9 7016
15955 7 31346
28316 11 3919
25107 0 20678
27024 9 9225
7763 0 14837
27861 9 19690
4633 9 28011
4647 9 9329
29164 11 5463
12791 6 20327
21672 0 1540
12689 9 2375
13666 8 14985
8967 11 11156
19211 9 23200
25973 9 26036
5880 11 5983
9190 7 5356
6902 9 3231
26639 9 15489
17082 8 28114
8820 3 4695
18580 0 23398
31153 5 10663
22406 2 201
25070 0 20883
15872 8 20879
28011 9 27892
30483 2 9431
13314 0 32736
6578 9 6980
28011 9 9634
8582 10 20226
31477 9 29086
31393 9 1112
266 9 6578
2955 9 23451
24829 9 11193
28011 9 25358
4156 8 14080
6100 9 2750
24684 9 9634
9634 9 19211
29760 0 20958
24555 7 26915
1944 9 21984
6578 9 10907
27669 9 9149
3954 9 9634
9954 9 24629
22236 11 1862
28011 9 13102
12689 9 15579
1352 1 29970
28011 9 7525
27188 11 19933
125 2 20275
6940 9 23385
12689 9 13048
23780 0 33250
11058 9 12689
28011 9 25714
31940 9 3614
3127 1 13640
20192 8 1986
24911 9 27187
20455 3 32636
24783 0 29041
5502 6 271
12865 0 23066
568 0 27310
28664 9 11725
20116 5 32218
23891 11 7131
12689 9 16161
3871 1 29715
12289 9 12689
30281 9 7808
19217 11 6262
4638 0 1927
32440 0 8930
31370 7 31725
32250 9 31946
30281 9 5127
4477 11 18929
10197 9 28011
27844 9 20268
18053 11 32382
25964 9 22982
2499 9 28011
32863 0 21182
28011 9 12689
8240 9 31753
535 9 13741
6447 11 20844
12689 9 28011
11044 9 24942
21273 9 28011
21772 6 9663
10720 11 5391
15927 9 12689
12689 9 24517
7696 0 14481
23619 5 3666
9634 9 13168
24829 9 28011
32050 0 15030
25140 8 17134
12289 9 14530
28480 9 3354
12689 9 227
13236 9 32592
23372 11 21917
32416 9 19986
1486 9 14420
18193 0 32948
12038 10 897
21726 9 17698
24700 11 13448
13769 3 13493
8402 9 8402
2440 9 6361
26952 7 21413
6414 9 28011
6927 9 28011
6578 9 12689
12016 9 24012
28011 9 12689
12689 9 28777
28011 9 12289
4205 9 7184
28011 9 385
8912 9 28011
26045 11 4847
30128 0 16698
30509 11 28189
10796 0 28576
4955 6 32048
1172 11 6079
9758 6 3472
18557 9 536
1264 9 28011
28011 9 1465
12689 9 4408
14634 9 4839
13131 9 27669
13794 9 9634
32843 11 14662
10230 0 14854
28011 9 26036
3488 9 14214
21309 0 23591
26201 9 12390
13431 11 23242
27732 7 6517
23502 5 4450
3245 9 4185
15632 6 30558
8717 11 2209
32168 0 31907
8007 5 2368
26524 9 6954
13667 0 9839
1189 9 16309
12689 9 20895
16121 9 6908
24685 0 2483
12689 9 12689
29812 10 6578
15809 9 4647
10598 0 8206
23597 0 5740
26206 10 20226
20581 9 28011
629 11 30876
18929 9 28540
24250 5 801
10197 9 10904
19079 0 24501
3455 11 32772
12955 0 26241
12689 9 6100
21123 9 30779
9973 0 29292
28011 9 16103
13210 9 12689
23883 9 33319
9788 11 15996
4801 9 12689
9017 0 26475
14295 7 16458
21416 0 24638
3828 8 1426
2635 11 22383
8011 0 3105
7080 7 14059
7808 9 13049
21908 9 8936
4249 9 12362
10169 5 26568
21454 9 30272
6162 5 16303
12689 9 8466
32414 9 12689
12289 9 28011
11291 7 11429
323 9 28011
15176 10 14902
12689 9 28011
12289 9 12689
27384 0 11196
4137 8 20282
2542 7 26001
4801 11 11029
2150 10 8665
28011 9 13410
98 2 26604
10952 5 27726
25835 0 27189
6853 8 28689
4185 7 11955
18580 0 22234
48 9 4491
32622 11 1815
12545 0 32864
28011 9 16070
8953 10 20226
28011 9 227
7794 9 4801
18208 8 15615
13889 7 10067
21273 9 12689
155 0 4721
12689 9 28011
12387 11 29307
28011 9 12689
5289 11 2900
10846 9 20410
3525 7 5025
28487 7 9193
23282 0 23002
6578 9 17944
9668 11 14965
12689 9 23965
20384 10 31785
6008 2 7762
16989 0 14399
32948 9 7452
21273 9 32254
10491 9 9634
24839 0 19107
11645 3 16646
28011 9 3955
4801 9 11204
17807 9 19211
8030 8 13729
21934 5 13276
11807 0 32749
28011 9 29411
385 9 16699
10950 5 6892
8466 9 906
25070 9 5639
20501 8 32613
11762 9 98
12289 9 28011
28011 9 12689
12689 9 31946
7553 5 17336
13548 10 31785
26357 9 27798
16387 6 9537
10252 9 28011
25315 9 12289
1963 9 20894
16465 9 14184
12720 0 14032
18891 11 19312
21981 0 1362
2421 3 24506
17798 9 8177
16782 10 25837
28011 9 11695
21779 11 22031
22137 0 9428
12689 9 19958
23461 11 24213
12689 9 28938
12678 0 21339
2142 11 32863
32384 0 29924
4917 9 18201
21907 9 25559
22640 9 19480
16339 0 2279
16699 9 28011
12689 9 3354
4032 0 20322
2792 4 21245
3251 5 26568
19059 9 25545
21985 0 13799
15355 11 15487
20772 9 25113
10320 0 7388
21907 9 6314
20844 0 9026
28777 9 22073
11491 11 13883
30663 11 25070
33311 0 10606
19027 11 20019
28264 3 18376
12689 9 11269
12689 9 12689
6927 9 866
947 8 13877
12289 9 4694
33031 9 12689
17036 9 28011
17322 3 4249
28011 9 28011
23575 9 12689
20513 9 19211
22796 9 27892
16044 0 29590
13006 5 31128
12689 9 8466
4536 0 26666
33191 9 15107
27844 9 28011
20908 9 28011
16880 9 28011
19276 9 12689
11736 2 19920
1523 9 25170
8973 8 15920
12689 9 4801
24547 0 2762
3448 9 1944
1458 11 6234
12289 9 4801
21381 9 28011
8414 9 17748
12689 9 12689
1337 11 1691
25582 0 23773
16895 0 8503
2849 5 29640
28589 9 28589
12689 9 17698
9769 0 3336
29906 11 5694
14049 9 906
8011 0 5252
11412 6 29447
9667 11 17017
27832 0 17144
19010 0 26608
2327 9 3972
5731 9 32660
27362 9 7910
7979 8 14193
21948 9 11106
27844 9 28011
3335 11 31262
12289 9 12000
15764 0 20274
31609 5 24389
18737 9 839
29052 6 32296
30755 9 28011
25222 9 28011
26211 0 21139
12689 9 31061
12188 9 32592
7982 6 2750
22971 6 22249
28011 9 23094
31017 9 4801
26779 3 13603
18815 11 16044
4666 8 2808
27210 11 20652
13459 11 30981
28011 9 7563
14386 9 12689
471 9 14879
1836 8 5177
4052 0 13865
5846 6 11217
21309 0 8266
10165 11 22568
12689 9 9634
22037 9 4470
24559 11 18135
1487 7 5546
18436 7 13673
17226 9 71
19912 8 30005
12689 9 12689
877 5 2788
3405 0 18592
19568 9 243
2174 6 1679
28600 9 23855
14530 9 10340
858 9 3354
7603 11 15003
16121 9 12362
25043 11 33024
18033 5 478
20814 0 4887
7183 9 28011
28011 9 906
4695 0 8820
30063 1 16182
12689 9 18219
32119 11 26432
2375 9 30726
27601 11 1223
13131 9 23041
26939 5 32811
10580 9 3336
3614 6 15876
12689 9 21672
27697 9 33319
28011 9 12689
8041 9 12689
25937 9 6032
15862 11 30739
23365 11 7693
25837 2 17329
7796 11 28482
12689 9 12689
20291 8 23495
4499 10 31951
20971 0 28365
30930 8 20288
27669 9 4801
30552 11 31053
26027 11 2000
27477 9 12689
10227 9 33211
18951 0 12526
6900 9 28011
32382 0 18053
24839 0 6752
2528 0 27350
13989 9 7808
31784 11 17555
26946 9 24023
25750 3 4249
8041 9 28011
7497 11 32863
9285 9 12678
7808 9 1326
24478 3 21443
12016 9 12689
29311 9 13493
8357 11 6537
15122 11 8917
1112 9 12188
1207 9 12689
9847 0 12949
26338 7 15393
873 6 13763
12631 8 22172
4249 0 7046
13052 3 21956
2162 8 12220
1127 9 6398
30797 9 29092
18056 0 20518
28011 9 29868
23612 9 12689
20546 5 11504
5906 9 12689
29951 8 28900
13290 5 26568
9507 0 17345
14658 1 15455
13989 9 12689
30480 11 1722
28635 0 29097
3269 0 29788
21057 9 23852
227 9 13741
7182 10 25837
7607 11 15047
8518 9 12689
29588 7 29588
13632 0 19204
30275 9 24101
3983 0 27938
19211 9 22324
26414 11 16626
89 0 13817
7745 10 28444
31311 9 28011
5705 1 26422
19233 11 16769
15136 9 28011
31731 11 25070
15160 0 14754
30258 9 2375
15313 0 2864
28011 9 906
22648 9 16968
24811 0 2468
21892 9 16737
2375 9 3902
12689 9 4532
4917 9 4801
20795 0 6123
28011 9 3694
10060 11 32562
26625 11 12882
16129 10 31332
28424 1 20093
9634 9 21241
12689 9 3231
22724 0 17229
25504 9 28011
16048 9 25779
20884 9 858
2567 0 32181
27719 8 21457
8206 0 31262
1599 3 4249
2792 9 4014
15579 9 16718
4433 9 28486
2284 7 7453
30852 0 13426
26203 11 30511
13832 9 12289
12689 9 12289
31195 11 24864
30537 10 30937
16718 9 25156
25197 9 30785
12940 9 24696
11388 5 20767
1056 11 7246
12289 9 6100
28011 9 19059
14603 11 25741
26352 0 14965
2375 9 12689
28011 9 19568
12289 9 6954
7816 7 12080
16935 11 17474
13493 9 10907
30273 10 14104
12391 9 18356
28011 9 12689
6100 9 21599
6578 9 12689
11631 11 8850
21273 9 9634
19357 0 32533
22256 0 8814
438 9 12289
11069 0 31448
25070 0 1263
30628 9 20734
25953 9 10227
20958 9 28011
21210 0 10100
15650 2 5127
14837 7 13503
6314 9 10596
26640 9 28011
3354 9 12689
31191 2 21932
20729 9 31311
23559 7 20870
19479 5 27698
31260 5 21003
24325 11 26198
31794 6 6534
20226 2 6088
32281 0 14215
12289 9 12689
8867 11 12034
4919 0 5973
31064 9 21257
2973 11 20631
3231 9 4014
1364 9 15887
28011 9 1162
125 2 3466
3016 11 13714
17048 8 32934
22918 0 5220
25660 0 3532
14214 9 15579
15354 11 12763
16777 9 5354
5606 9 2102
13189 9 12689
12689 9 12689
23205 7 23864
27109 11 7211
11665 11 19973
5237 0 4804
17053 8 28602
13685 5 160
14956 10 8323
7253 8 20644
21280 0 27545
20135 11 15581
28011 9 10596
230 9 1127
13493 0 13001
7303 11 26795
8522 8 4511
4249 9 12689
14679 0 4531
21057 0 15049
4249 9 19293
28011 9 30985
71 9 12689
25902 9 30258
26124 9 4066
28011 9 12689
5820 10 19334
17748 9 28051
13559 11 30269
9328 7 29051
12689 9 12689
26295 0 19665
26001 9 12689
20555 9 28777
32058 0 18986
33319 9 12689
7947 9 21021
2049 11 23916
31129 9 4748
5207 3 4182
4193 9 19211
12016 9 28011
23997 11 31394
13714 0 30876
28011 9 28011
9634 9 21273
3885 9 25974
11186 9 3231
31523 7 1825
20513 9 8151
8968 9 4014
18142 11 10429
33046 9 4249
27892 9 12689
31137 11 13714
298 5 6959
16919 0 26581
17241 10 23149
26933 5 281
11800 9 11193
13478 10 17049
22816 0 1421
28011 9 3021
28462 2 6298
28011 9 32200
2534 11 11854
24956 0 28005
15295 0 26811
27454 9 28011
18573 11 144
6290 1 717
13755 9 28011
10038 9 12689
21414 7 25794
23572 11 1296
27804 11 30762
17226 9 12689
28011 9 16377
12689 9 12362
9457 9 23252
12794 9 12689
6190 5 14869
31055 11 13444
29086 9 12689
8240 9 8759
2248 8 21866
6592 9 7223
7563 9 12289
18714 9 14214
16224 9 3697
21057 9 8595
22001 8 771
33311 9 12689
9429 9 12689
19425 11 15331
31411 7 22764
17921 11 15471
22029 11 9745
27612 9 9015
14693 11 8868
29953 9 12689
19808 9 30446
19386 9 27512
26323 7 26295
3972 9 18322
8372 9 540
22724 0 13668
15096 6 22858
30726 9 28011
5742 9 12689
4809 11 2487
21273 9 9634
23089 11 5025
25964 9 4185
10498 0 20702
11819 0 27155
23102 9 16963
32977 9 12689
21908 9 28011
5463 9 32040
30049 0 33254
14759 8 29693
7233 9 4743
3455 5 32726
21321 9 28011
23612 9 6927
31462 9 15834
12845 11 25945
28011 9 12362
28428 9 17611
12689 9 23102
17413 8 22358
8177 9 6930
4398 0 12416
22584 0 4100
27141 2 27073
23635 10 6008
26124 9 29534
32499 3 13493
12689 9 18331
17698 9 12689
20513 9 25156
28011 9 10846
12689 9 7022
31143 9 28777
5608 8 5651
8335 7 1339
4014 9 12689
11807 0 12843
11280 9 16963
14662 0 9641
18929 9 12689
18770 5 14087
9144 9 11462
24363 0 9228
22311 11 22031
31075 9 28011
11559 9 7124
9593 11 2522
1707 10 25837
26036 9 4633
33181 0 12810
16646 0 14881
30647 1 23496
16121 9 12689
12689 9 6908
12289 9 25902
21323 5 14955
12575 11 1184
12689 9 30168
25829 0 12758
12564 11 15966
28011 9 29117
24877 9 32528
12689 9 23639
10966 11 15362
9550 9 12689
12689 9 27844
25222 9 30258
2628 0 9433
29038 9 19415
23667 9 18670
23729 11 28468
12689 9 4437
31951 2 10775
12689 9 25635
19059 0 30049
26263 8 28907
18988 9 31285
2635 0 23033
22890 0 22610
6100 0 20001
22159 9 3354
21524 6 22470
4249 0 8375
13360 8 24436
2495 10 27821
9634 9 19211
12261 11 17307
12362 9 2446
25305 11 25181
29092 9 3709
28540 10 9766
28011 9 5188
9634 9 19063
8016 9 22982
9457 0 16014
25119 11 6537
16492 9 9509
21689 11 16803
14 11 23313
30845 6 5288
5451 9 25197
29684 11 17181
28011 9 12289
14645 0 9683
6194 9 4743
26124 9 27444
2557 9 28540
17698 9 17539
7939 0 14957
31869 0 10728
26036 9 29608
15663 11 10493
29411 9 28011
30363 0 27031
281 8 30172
2317 0 2330
28011 9 9634
16640 0 27953
3697 9 29725
19339 11 22546
26203 11 31922
27694 7 11955
15589 8 16561
9149 9 10235
30471 10 3808
13189 9 13189
16262 9 12689
11785 11 14335
14475 8 4577
29560 0 18775
26564 9 25715
27444 9 12689
9823 9 10252
8705 6 24199
18633 4 30686
30942 0 5056
28011 9 7131
30332 11 4082
10067 6 4061
28011 9 8315
12689 9 6954
16287 9 31462
15014 9 25973
12689 9 25902
16344 8 24070
3564 10 17867
33323 0 10060
32863 0 22659
30749 9 4405
29683 11 25244
27892 6 9541
13973 8 25203
1326 9 12689
22739 0 14416
28011 9 5742
11762 9 25772
1860 11 28213
16968 9 11088
28011 9 1189
8456 9 12689
10646 9 13314
13635 0 10891
24829 5 14429
24517 9 24517
13894 9 1115
11213 9 13493
13313 9 10931
21599 9 20947
11234 11 13739
2257 0 9242
3693 0 1830
12689 9 12689
27420 9 14063
19296 9 11148
32250 9 30337
25729 10 32029
88 0 32778
8752 7 7973
27028 9 19033
28011 9 24529
17529 9 2287
4139 9 28011
31946 9 12289
1125 9 12289
20163 9 9634
4801 9 25301
33319 9 6902
9859 9 18502
32991 5 19606
29051 9 28011
17031 11 30639
14957 9 8936
7453 4 30570
30551 7 8318
1608 5 26568
15660 11 9457
20896 9 4801
28011 9 2694
16309 9 23855
31462 0 24553
19383 7 19383
4172 9 12689
24835 9 14544
21823 0 5472
12689 9 28011
31903 9 13131
27028 9 8093
12689 9 31113
17012 5 10384
32516 11 5785
12689 9 7808
29750 11 30876
26568 8 6557
10982 11 8868
30291 10 17673
10959 9 28011
32750 0 756
12689 9 27400
5465 9 28946
19927 0 14654
175 9 21057
6841 0 14052
32932 0 23081
24686 11 33283
28063 9 29968
25174 11 9714
22777 8 7299
26640 9 27110
23490 9 16309
595 0 3392
1451 9 4801
20381 5 17528
5459 9 98
29616 9 16492
1741 11 9878
14214 9 12362
6578 2 22435
32440 0 3067
10197 9 12961
12689 9 31946
28449 2 20350
28353 9 18670
29608 9 6100
28698 9 12289
11838 8 16286
6472 11 21725
16926 0 18146
13096 0 7434
2375 9 17698
5157 6 18226
2377 9 22414
4727 11 21201
24866 11 25729
13022 0 2711
32235 4 24821
21555 0 16858
6931 9 26524
9108 9 31347
12812 7 31389
5685 5 2788
28011 9 7329
18936 9 7618
19061 11 4536
10230 9 12689
19797 7 9608
3245 9 28011
33243 9 9661
10766 11 20776
10846 9 20913
26124 0 10447
20566 3 19909
24218 7 8787
9262 9 28011
21864 9 24427
2896 0 9820
16579 9 18737
2446 9 12689
9285 0 30701
22718 5 26047
25545 0 16788
8394 5 13504
21574 9 4014
20944 11 22793
6601 9 12689
3111 6 11484
22971 6 13046
16783 8 3730
12689 9 25715
26197 11 10237
12289 9 8466
9754 9 12689
8687 6 13331
12689 9 6414
5127 9 227
12188 9 12689
1927 11 4638
1177 6 14832
12794 9 14214
28011 9 21984
27871 11 17920
22488 0 1565
4647 9 19343
353 9 17798
12689 9 27844
18391 10 25942
3697 9 4647
28011 9 14867
3635 8 25078
19211 9 7910
9636 9 4014
23865 0 1194
4249 0 26767
1990 0 4584
4496 8 5838
21250 3 4249
420 9 8904
1944 9 28011
32099 9 12689
23242 0 11626
2593 0 15830
31080 8 23722
31741 3 4249
18535 0 9952
27557 11 1381
33102 3 4249
17017 0 26943
12689 9 16951
12689 9 27187
7145 9 4212
27439 11 16067
1691 0 28410
18322 0 6258
33132 3 13603
25454 9 13131
12689 9 21280
28011 9 12689
7421 6 30133
28011 9 21984
8026 11 16238
15876 11 30680
32554 9 30861
26429 9 22640
8048 10 22406
430 9 29038
30639 0 7083
4246 5 29682
24811 9 12689
9428 0 15954
28011 9 5427
32571 3 28810
29094 0 20562
29659 9 1112
30531 7 17511
29086 10 20226
6653 7 7858
13254 0 29318
11213 9 9067
22595 5 6058
19596 6 8522
10770 0 9017
21540 9 12689
27794 9 19143
20019 9 9509
18838 11 6608
12689 9 3245
27023 8 1185
20947 2 26702
496 8 32174
13578 9 28011
13859 0 24277
12000 9 2336
31347 9 21672
14312 5 22708
9823 9 7651
12689 9 28011
4185 9 23449
22319 11 12505
13697 0 19779
10242 9 16569
22753 5 8145
21515 9 21908
15160 0 16123
9902 6 14009
19123 9 12689
1112 9 7808
32594 9 28011
4249 0 33172
23159 9 16378
14125 8 15940
14912 6 14876
29467 7 7326
28785 11 16208
22923 2 32119
28791 0 27283
4317 4 6715
22386 8 10195
5182 11 9634
11417 8 32602
12689 9 27669
12704 3 13667
25356 3 10566
12689 9 4615
3304 8 14076
10252 9 28011
18146 11 21931
4598 0 18541
12274 9 906
14911 6 14814
12689 9 8107
22123 9 28011
22460 0 12994
12362 9 12689
23986 9 12689
12044 5 9510
12689 9 1815
1505 5 3018
13570 0 20210
16493 11 1735
21332 9 2538
28011 9 24449
2124 11 9036
12689 9 19722
12799 3 2565
17256 0 32538
10067 6 13889
22923 2 12994
24186 11 14848
13641 9 16378
21330 8 21516
21443 0 23257
32261 3 7329
9608 9 948
23697 7 3269
12962 9 18723
8595 9 2375
16915 0 23337
12107 8 13264
6880 0 29540
27717 11 31503
12689 9 24105
26744 8 25607
13578 9 12289
26645 11 27600
23776 9 87
20389 11 31599
12689 9 4185
28011 9 20805
22671 8 9087
28011 9 27844
27056 0 15193
20513 9 12689
32938 0 16609
10380 9 16718
28011 9 6908
19884 9 28011
4722 11 12796
3990 11 31462
26750 11 155
29796 9 17226
9419 9 7910
12689 9 22982
22918 0 29209
906 9 24527
29700 9 5465
30953 9 32277
28011 9 24517
1443 1 19923
3336 0 18738
11850 7 27298
5742 9 4801
2375 9 14049
4532 9 18258
33245 9 21192
27109 9 19690
28011 9 22022
12689 9 14981
10396 8 9782
9293 11 30573
8850 0 13030
26871 0 23581
6578 9 3231
6989 7 13466
17064 0 9058
5742 9 5742
18081 9 29385
29844 5 18638
1815 0 1834
12689 9 4801
538 9 24829
27775 9 6578
31797 9 12362
20742 0 24925
20416 11 14013
18077 0 6023
28011 9 12689
15664 9 28011
18543 8 29897
15168 8 15784
23299 2 17371
12689 9 32627
11970 9 16121
8297 8 16552
17805 0 25556
2370 0 33088
14462 9 29725
12689 9 11213
6786 9 7284
28011 9 28011
31821 9 1084
15489 9 4039
12689 9 12362
11991 9 19059
20307 9 2557
1652 9 12689
9693 8 2453
7843 9 28011
21255 9 9634
1927 5 16990
27079 0 20212
866 9 4743
1335 9 15175
23466 9 5686
26963 5 19187
11807 9 4801
21907 9 19050
8767 9 27187
25115 2 16949
32911 0 6954
2911 5 12348
20969 0 26941
23034 0 3336
4464 11 369
15966 0 6629
6087 6 19331
8281 9 20549
15799 11 13022
31784 0 5048
13874 9 30789
21462 9 28011
20925 10 6008
27989 11 595
19804 9 8595
13131 9 8595
13197 11 11697
28011 9 7452
28011 9 19732
17253 0 13175
20231 5 21215
2385 0 15618
27338 0 5134
4743 9 9468
15400 9 398
12132 0 29903
32235 4 3216
12689 9 21629
13712 5 27004
3309 8 31074
18526 11 10057
28011 9 9634
8465 0 28997
19527 9 10121
28011 9 14592
28011 9 12689
31623 11 32415
3448 9 28011
28011 9 398
19589 11 4452
30855 0 14939
19102 11 17224
27190 9 9634
3354 9 6578
19375 8 13357
10248 11 13252
24448 0 16161
28011 9 1162
27067 9 31970
6902 9 17698
26098 0 28430
17238 11 2979
8402 1 7183
31870 3 4249
12689 9 31293
4249 0 12846
19797 11 32388
31951 2 14332
2375 9 13697
22124 10 125
24247 7 27678
321 11 32670
28011 9 12689
14893 0 23949
29062 9 31209
21121 9 17820
31764 11 13252
12689 9 10098
16684 9 13423
4269 0 23544
19033 9 12289
32959 9 18269
24035 5 18914
23855 9 28011
4017 0 3944
17356 0 855
11417 11 15331
17944 9 30917
21915 9 12689
10197 9 12289
28011 9 4743
12689 9 13236
5686 9 12689
11857 3 16646
1755 9 25120
16309 9 20207
6223 5 7140
13228 9 31348
16121 9 20513
28011 9 441
20513 9 31129
20271 0 1414
28011 9 25973
9823 9 12689
21364 5 24242
12408 6 22493
18346 11 25475
5807 0 9101
4205 9 14474
9185 0 17372
30278 0 11546
18324 9 29725
846 6 22396
7061 0 26359
18013 9 14273
3914 9 5025
9862 11 14693
27024 9 21556
19465 6 5293
31529 0 26175
21984 9 3409
6894 0 16061
12689 9 98
12689 9 28011
28063 9 28011
8906 10 20226
11524 11 12016
6927 9 2375
28011 9 12689
32036 5 17422
22031 0 27207
23453 0 24512
16490 0 23760
25414 2 28723
17451 3 20903
4405 9 25554
11832 8 1699
11644 11 29367
32592 9 12689
30643 11 12471
28651 9 21273
27028 9 4654
23066 9 33071
28011 9 23490
26857 9 20815
12689 9 33191
12289 9 28011
17995 9 12689
19825 0 30674
32846 8 7132
18849 8 16368
24860 9 28011
4192 1 8240
20212 0 17802
21773 6 6603
11715 2 9056
6608 0 28384
19063 9 18929
16046 0 30048
31347 9 7421
7681 9 20896
29009 9 18013
28011 9 24449
18714 9 12289
16465 9 22973
32103 9 14586
31622 9 28011
8652 11 24418
26699 9 25715
12689 9 24829
28864 0 23784
12689 9 28011
28011 9 21021
33313 9 25197
25301 9 13493
13507 11 9634
19690 8 29898
17867 9 9634
8969 9 28011
9225 9 22310
13667 9 3124
5595 7 19302
6596 9 20610
29146 11 13396
28011 9 9593
29117 9 29062
28011 9 4743
12362 9 28650
12689 9 28011
24839 0 21676
22919 9 18935
32386 11 1691
6984 10 31785
31442 8 13910
28011 9 14839
13127 9 28011
32074 11 27015
28011 9 17967
11934 9 12689
7493 9 2185
31150 10 24152
7933 0 27546
21843 9 12689
27298 6 19189
511 8 17597
14634 9 4543
16375 11 31105
30564 9 7910
22093 0 19267
3582 9 12689
28011 9 491
8603 11 10183
31827 11 2561
16699 9 16737
1157 0 2260
26925 0 3765
21537 11 24547
12689 9 10200
19230 8 4297
19276 9 22640
28011 9 4694
3303 11 32463
11787 0 17446
28011 9 12383
858 9 858
9884 11 1310
21908 9 1115
13551 9 12689
32592 9 15165
5617 7 31816
9587 1 5102
3231 9 33251
5166 2 17817
24529 9 24093
27821 9 19677
7803 0 20027
22708 8 2985
11157 9 12689
12689 9 3189
24653 11 6537
13314 9 906
19049 0 5036
6566 10 28462
25229 9 31347
1799 9 28011
12689 9 12689
32929 0 8755
30117 11 15012
22474 0 9608
28263 3 16101
466 9 12289
29038 9 30425
4249 9 12689
23252 9 12289
4433 9 1459
19208 9 26713
24527 0 11251
12289 9 193
16968 9 29038
3245 9 13048
10971 9 3308
21481 0 21901
19027 9 12069
21672 9 25041
7618 9 28159
2724 8 718
16111 10 4712
16131 9 5440
7110 9 31038
23379 5 6170
19394 5 18881
31478 11 30513
6547 9 13125
6740 8 29842
22473 9 23159
12689 9 906
5465 9 16888
27295 0 14383
14530 9 18714
9135 9 906
28011 9 11677
16885 5 26568
12689 9 1112
1891 11 25082
5917 11 9126
25337 9 16121
10893 6 10893
28011 9 4905
4545 6 12295
14033 9 28011
18929 9 29038
1112 9 1944
27033 9 30434
4169 0 8906
10414 9 3004
3026 11 22031
4032 11 9994
1624 11 17017
31123 1 23370
33060 7 9754
14214 9 3354
32235 4 32066
1166 0 26872
26568 8 11444
30389 9 21863
25157 11 17224
32528 9 6100
19947 11 17349
25779 9 12765
27974 5 5729
23255 3 5645
19343 9 22982
21672 9 1728
6056 11 18867
1878 11 26192
19245 0 14160
29311 9 12289
932 8 20518
3947 5 31128
9509 9 27892
12689 9 21177
10062 9 28480
4014 8 4559
12985 0 21352
30168 9 12689
8317 11 5127
28011 9 26197
3124 9 20513
6745 9 2686
12689 9 14214
385 9 18197
12689 9 23667
14969 11 12087
30434 9 21908
25973 9 7059
29869 1 20321
12140 9 19343
11214 11 29100
202 9 21846
21280 9 28011
19059 11 1972
4342 11 21848
25390 0 1967
1139 9 6954
24379 11 25070
7808 9 1326
28011 9 4743
16303 8 10114
26001 9 12689
12289 9 18326
21437 9 12689
29041 9 21021
18178 9 7608
29318 9 28011
30290 3 24685
12962 9 9634
12362 9 6537
4647 9 10931
15602 0 6068
14815 9 19732
20895 9 29627
446 9 28011
30999 7 29385
9509 9 28011
2102 11 18867
31785 9 6100
8874 9 12000
16888 9 23914
20942 9 28011
16435 9 12689
15996 9 29868
20565 9 28011
29056 8 14834
4470 9 9973
31812 0 3458
22660 0 21518
2708 9 7695
18594 11 1177
20160 0 12948
6502 11 3224
6288 9 25852
26429 9 6398
1221 11 24547
12689 9 27844
4014 9 3231
12210 7 4173
866 9 18526
20226 2 5252
28011 9 3697
24547 0 208
18614 9 9954
15517 9 9468
25302 9 1173
6927 9 5440
13071 9 19143
28601 8 27598
13373 0 28825
21624 11 26202
17774 7 12723
12089 11 27688
1500 11 23760
1623 11 22526
30051 9 25197
32635 11 21570
9823 9 23851
8339 11 32863
4014 9 12115
8657 9 6032
11980 9 29076
2971 7 29637
12689 9 12289
12689 9 22251
18743 0 19707
28409 11 20814
6902 9 10846
1139 9 18670
15295 0 2841
4551 9 11606
2733 9 12289
24679 11 14566
32048 7 4955
20898 11 29209
2985 5 22708
9636 9 14723
468 11 7903
98 2 31432
15284 0 15219
15483 0 28030
1482 9 12689
28100 9 28100
6537 0 15224
2909 9 28011
16528 0 14303
33161 1 22578
2530 8 32455
4249 9 12362
4937 0 9925
9111 0 32688
29753 5 22620
11055 9 10694
22413 11 27180
18867 9 21907
28011 9 13049
9468 0 4523
15764 0 26537
10675 9 28011
24968 8 1280
12149 9 12689
9905 8 13281
12240 11 17199
28011 9 31946
10830 9 30714
28011 9 12945
12289 9 24829
4637 9 3965
4801 9 23575
17867 9 7306
4416 6 15954
4532 10 15650
7459 0 30528
26982 9 13779
12520 11 27294
12689 9 12289
27064 9 14214
12689 9 28011
12689 9 71
11539 1 25902
22940 11 20154
28777 9 12362
2832 0 12906
4165 9 27892
2440 9 25315
28096 7 28287
27110 9 16377
15324 11 30490
10801 9 10171
14214 9 1112
28926 9 10846
27912 11 8193
4613 11 32013
29868 9 28011
22313 3 10150
30094 7 14059
28011 9 19799
7452 9 10931
9144 9 28764
21956 0 33163
4034 9 8386
20418 7 910
29311 9 1522
4405 9 2375
12689 9 15988
3344 0 5804
11473 10 20226
13733 3 29311
12689 9 22982
18935 9 14824
2738 11 29477
21501 0 20055
18269 0 25425
12689 9 23212
28374 9 12689
28307 8 28416
23252 9 12362
19938 0 31407
12069 9 31389
28011 9 13127
24177 0 21775
10416 9 12689
858 9 12689
28987 11 26796
1644 5 18290
18818 3 27656
27697 9 18013
13493 9 28011
13493 9 16287
30779 9 3914
7184 4 26922
17950 9 17418
12864 6 22567
4249 0 12130
28401 11 8235
31785 2 89
5257 3 4249
28011 9 12289
28011 9 13471
28011 9 20906
8323 2 4400
5206 11 24281
7728 3 18151
17867 9 28011
25156 9 12689
13727 8 15274
12016 9 2385
24418 11 4536
22257 9 19343
8433 8 10450
22460 9 29608
31224 11 29045
13410 9 21984
30797 9 20894
28011 9 22998
17324 11 20137
10566 0 20873
31832 8 19931
30887 1 209
3354 9 28011
19534 5 25798
21908 9 12689
24506 0 12789
30985 0 8415
14365 9 13037
22047 0 5399
14184 9 10801
27892 9 20884
18557 11 8517
12473 9 9324
7258 9 29411
30049 0 30743
3914 0 6005
4077 9 12689
7907 8 27310
12689 9 3697
26635 9 2556
22031 0 6874
6682 5 18645
82 11 15961
9515 11 21501
704 11 29905
17075 11 18135
23507 0 24864
12087 9 11156
29799 11 27469
23830 11 24374
8281 6 6287
24092 10 13352
10796 9 12149
3358 5 31832
24827 9 19799
30269 9 28011
29725 9 16309
28777 9 21227
8262 9 26110
28011 9 27466
25466 9 10710
12689 9 1812
27892 9 10227
6180 0 12365
5401 6 20260
32554 0 12517
28034 9 21792
33062 11 7947
13551 9 12689
12689 9 17805
22031 0 22047
9309 9 25953
27024 9 29424
16675 11 13883
12289 9 31064
21309 0 1209
12689 9 12289
20160 0 26502
28011 9 22131
29878 3 4249
28011 9 28011
4313 9 28011
28011 9 2641
20652 9 16287
10197 9 24829
11478 8 16107
28664 9 12689
19063 6 2538
21899 11 20488
2375 9 9756
12945 11 2185
4014 9 1482
14037 9 18425
21574 9 30779
20019 9 12689
14674 0 3908
8595 9 13236
23488 0 18606
14976 0 22972
23741 7 25196
26294 11 29
4205 9 4039
9297 10 11480
9634 9 263
23401 11 16044
20815 9 27466
13960 11 15284
13131 9 9419
28011 9 31934
17294 11 32337
22724 0 10861
25315 9 30917
10114 11 24374
31505 7 16468
28011 9 26124
9758 7 4589
6821 9 5440
227 9 287
22017 11 30935
27235 11 25015
12689 9 28011
25141 0 10033
32278 9 3913
17934 9 23855
27697 9 28277
23773 11 5772
33311 9 12689
6414 9 12689
31462 9 21869
13187 11 8521
20985 8 28954
29099 11 8156
12689 9 16287
28136 6 21061
20041 0 12386
30269 9 28011
12689 9 28011
7205 9 8187
26422 9 20860
21726 11 9419
32134 11 32554
17950 11 27283
8372 9 16699
13048 9 13714
23452 9 27794
12882 0 26625
22026 5 5924
30434 9 26564
21273 9 30670
16632 11 25110
16268 9 15375
24630 11 23752
12289 9 19887
28011 9 19690
12689 9 3448
1326 9 33319
18946 0 30421
12689 9 28011
12689 9 12362
24829 9 27064
24860 9 28011
23882 7 10067
21057 0 1705
29076 9 4874
21540 9 12689
4549 9 30861
21826 9 10121
3972 9 12689
29821 9 12689
6737 9 12689
27498 9 12689
28011 9 22238
6298 10 28462
9634 9 3231
32204 9 5465
19828 7 21761
19377 0 26812
15636 11 24673
13833 8 26009
11162 5 28238
12689 9 31946
8548 11 25472
2886 2 3317
12689 9 2375
26192 0 17371
30797 9 28011
27663 5 3039
13168 9 28011
23609 5 8437
26340 9 12689
21294 9 20513
6889 5 25354
24816 0 9692
32902 9 29968
29086 9 9921
26307 11 9886
10878 0 16137
18714 6 13165
16684 9 13125
21051 7 397
6862 11 9068
28011 9 7808
31067 5 12880
8466 9 24651
23277 0 27168
28011 9 12289
17139 9 28011
12640 5 31865
22724 0 13616
24547 0 19286
16472 0 22767
10959 9 12689
6978 9 16309
9634 9 9149
18286 8 32453
13940 7 18825
15338 0 20928
385 9 19444
12471 0 30643
23781 7 20813
30941 9 28011
20227 9 12689
25832 9 12689
25553 11 16330
12689 9 9634
15793 1 14934
420 9 30953
11527 5 26624
28063 9 30153
20878 9 858
18714 9 25582
33071 9 18760
24874 9 23087
6980 9 12689
5666 8 33021
27015 0 86
30106 11 24839
24293 9 21099
29037 0 15487
8797 9 12689
22931 11 9285
12960 9 29953
13310 11 21824
6408 11 29022
30269 6 30721
12016 9 19216
3096 11 26427
31946 9 12689
12041 9 30464
25197 9 12689
9419 9 12689
4205 9 28011
28011 9 27386
3172 8 12184
19590 10 20226
12622 8 9585
9756 9 8374
24839 0 13247
29535 5 26926
29385 9 8522
1829 11 3683
24052 10 29106
14502 0 6524
28416 0 8052
12689 9 28011
10041 11 14026
30115 10 98
28651 0 6541
21773 4 21664
26377 7 8514
29086 9 29608
32587 11 25729
32863 0 7499
26795 0 23500
11323 9 12689
29302 1 17297
30125 0 13785
7693 0 23365
29485 9 6908
30209 9 13236
24316 0 3509
9113 11 30278
5123 11 17611
8523 9 906
28011 9 27566
7951 10 6578
30278 0 31551
12689 9 17226
18016 8 21548
11548 11 4212
8920 9 7618
24126 0 20212
7191 5 11252
25543 9 30523
436 8 25610
8101 0 29724
24969 3 13493
14815 9 13054
13684 5 24269
24598 4 26379
31061 11 30384
19631 9 28011
26124 0 2467
30947 1 6090
22990 9 8759
18912 5 16885
30115 9 32892
4801 9 9757
32740 7 19465
31946 9 30666
29773 11 15334
15650 2 5766
21907 9 28011
33191 9 3354
15538 8 15693
29306 0 22240
22248 11 3277
10498 11 22303
4978 8 20063
25431 11 2709
33046 0 9191
23855 9 10846
1790 11 2340
27794 9 5440
30857 4 12014
14288 9 12689
12844 1 23370
31444 2 27382
30669 9 31782
6556 11 22724
16097 9 16888
29968 9 9126
18714 9 29700
19895 11 20977
5427 9 4014
24124 9 23058
33065 6 33065
24825 1 30220
10407 10 8323
7131 9 12689
28011 9 5465
4433 9 28860
12689 9 4161
12689 9 1220
2808 9 12689
22064 0 17027
28011 9 23148
22488 9 4665
4671 11 15504
22774 11 30044
11312 10 28973
4743 9 26138
2391 9 30194
13603 0 32987
12689 9 10876
31075 9 30625
13252 0 2188
2602 0 6935
5234 7 397
12157 5 14955
20939 8 30039
22979 0 24652
30852 0 5534
28011 9 7563
29052 6 31989
28571 9 13280
28011 9 5995
6578 9 23575
12973 0 12994
6100 9 12689
2477 11 18188
25242 7 29385
28778 7 19919
3662 9 18935
19799 9 9509
28011 9 227
11534 11 30001
1866 0 32963
27582 7 12897
19804 9 27892
2375 9 2148
26291 11 7011
4617 7 4165
12689 9 19690
23269 9 17261
12689 9 7458
12289 9 32099
29144 0 3399
14367 7 22959
2557 9 28011
13089 0 1236
12689 9 29020
3709 9 27028
9273 9 12689
15341 0 8386
2375 9 31172
13367 9 27794
19989 7 19989
30817 11 17181
31469 8 19207
5420 9 31293
12689 9 18013
14009 11 31946
28011 9 29953
5255 7 25197
25484 6 25520
4616 10 25558
29385 9 32554
20906 9 14184
1000 0 12398
9285 9 12689
22482 11 9973
16044 0 6382
16287 9 28782
13397 11 22809
18271 0 21287
15563 11 2102
4619 9 7493
32585 0 964
23612 9 4066
28011 9 5871
26982 9 24449
28011 9 4905
17015 5 3588
4039 9 4433
23554 0 27186
31940 9 26640
26124 0 3255
15568 8 19649
10959 9 4562
13832 9 24829
4014 9 8936
30269 9 1812
2602 11 2557
2792 9 8077
1082 0 18115
15705 11 12915
28011 9 20908
28011 9 12689
20770 9 12689
28011 9 430
15082 8 31771
18553 9 12689
27725 11 15633
14419 0 17448
8595 9 14957
17418 9 6950
12689 9 4850
16044 0 16176
23043 11 3166
29194 9 25454
29821 9 28011
12689 9 1830
29700 9 21863
31785 9 18326
17662 9 14214
12302 0 27308
6927 9 13714
10538 11 5966
19690 9 28011
2579 5 26568
28273 8 30560
27477 0 14036
28011 9 5440
2375 9 28011
12997 9 29076
12689 9 20052
3409 0 28428
7516 0 11270
12289 9 17418
20513 9 17210
31785 2 17624
27073 11 21347
23421 0 7301
32673 0 11360
13241 11 433
23490 9 16287
1601 8 13680
29481 11 31059
11391 11 18737
30805 11 23507
24547 0 1253
12689 9 8920
18079 9 22251
28063 9 2375
12689 9 2538
13632 0 4654
7227 10 31075
32592 9 21772
1277 7 2557
23591 7 5440
14531 11 32440
23235 7 14911
1162 0 31852
23277 0 3171
864 9 18013
25659 0 28754
7223 9 28011
14959 7 21773
25233 5 31705
2777 9 11193
26446 6 26446
12689 9 16121
13435 9 2670
20951 11 6908
24839 0 32755
9300 8 20681
19059 9 12362
12203 8 332
24262 9 13228
8078 7 14311
7329 9 28287
12689 9 4801
7545 5 11569
32627 9 28063
28011 9 28011
10197 9 28664
3570 0 13824
14719 11 25070
18633 6 11260
23185 9 33244
17237 11 1004
12814 6 17199
2375 9 12689
24403 3 16442
12689 9 17698
28011 9 30935
28011 9 9419
33311 9 12689
12770 11 26099
13781 9 12289
4337 5 28101
31061 9 9126
30888 9 18670
7184 4 22421
29154 0 7534
21280 9 906
28396 9 30508
32222 8 28835
17748 0 14901
30434 9 32309
14214 9 31946
3245 9 12689
23357 11 16044
12689 9 19317
19255 6 19084
23776 9 27794
12689 9 10846
7153 9 12689
12689 9 24427
2296 9 20019
30708 11 19542
25547 11 2694
5582 10 98
23878 9 28011
1788 6 32345
8868 9 17846
7925 0 33059
28777 9 23466
20884 9 12689
17462 11 2054
12188 9 5742
10801 9 26442
32235 4 18635
27715 9 30917
12689 9 18714
8497 10 9766
16844 2 1649
8118 10 22406
12689 9 6994
13864 0 24702
28011 9 19211
31967 11 1353
22538 8 5900
13741 11 28392
4782 6 9288
12185 6 13624
3354 9 8968
12689 9 16684
13632 0 6113
18737 9 9509
14999 11 7088
13127 9 26982
8811 9 5825
33024 11 6190
12689 9 17992
23575 9 23617
9823 9 23148
29062 9 9267
21908 9 1721
15762 9 28011
28420 11 29117
8850 0 17361
16224 9 3354
12689 9 20019
9669 9 28011
28011 9 9823
31451 2 2695
11807 9 29721
29075 11 7716
32669 9 12689
31654 11 30237
751 10 28634
9424 11 14882
9438 9 18326
5622 5 11101
2446 9 12689
3914 9 33191
28011 9 28011
18013 9 9284
31941 5 14657
18074 6 18030
28686 6 28686
25070 0 26993
1115 9 4905
5772 0 3336
28011 9 12689
175 9 32736
32680 5 24894
12780 6 10910
5491 9 12945
897 2 12710
13667 9 12689
14776 9 21908
10235 1 10066
30513 0 5101
33310 11 6198
1169 0 13755
26377 9 906
27795 11 24839
12689 9 12689
32951 9 12003
18412 11 15520
16110 7 20826
20624 0 10117
32423 0 11865
14824 9 9529
11807 0 24630
32882 9 1112
1204 11 31864
19405 7 11771
12689 9 4249
25772 9 29700
7522 5 24215
11289 10 30937
5995 11 31783
28686 9 1310
9427 9 15200
4694 9 6721
30434 9 13131
27833 10 16156
28011 9 3709
30414 0 942
665 5 15420
17988 11 27658
16684 9 12689
21181 9 9609
32863 0 2768
12362 9 12689
1523 9 20325
12956 9 12689
24108 6 8705
7124 0 31342
7304 0 28619
5318 5 24894
9189 0 29567
19563 11 27115
12689 9 12289
23027 8 25619
32696 11 6410
14110 9 21574
12289 9 28011
7350 8 31714
32523 8 2067
23282 0 19817
8123 9 28011
17820 9 19690
25715 9 12689
23746 0 23832
9634 9 3060
27953 9 25559
11906 0 33134
25837 2 24640
9669 9 6210
9888 9 9019
12689 9 19799
25543 9 1084
25089 0 25909
4633 9 12689
2126 10 18304
22475 9 28011
8507 11 32357
15599 11 23488
13314 0 16784
23466 9 31075
27584 11 32863
24689 0 17541
8605 7 13165
2556 3 22025
12840 11 25710
12689 9 30194
16041 11 22486
3333 9 282
24970 11 20844
2567 0 30997
18929 9 11462
28011 9 26640
32378 11 28965
2535 9 28011
33243 9 10509
27892 11 13765
28011 9 22183
12689 9 20826
398 9 4488
4694 9 14308
28011 9 30758
14106 9 16377
17226 9 9509
15349 9 12689
23102 9 13375
17359 11 13752
11882 11 1691
9509 9 28011
1702 9 14214
7711 7 7711
32863 0 18932
29144 11 27512
30983 0 26525
15977 11 31462
8754 11 16887
24839 0 14565
404 0 25346
27783 9 12689
21880 6 9830
12689 9 13493
752 0 2635
2375 9 30512
16309 9 33221
32575 11 28392
24016 7 24407
24255 9 28011
2019 3 33311
23148 0 27417
20827 7 24430
446 9 12689
15734 5 1918
12689 9 28011
30681 10 98
13131 9 12689
906 9 12689
12689 9 6032
98 9 28650
13252 0 5924
18567 9 12689
4801 9 12362
16231 11 27229
16121 9 32414
12390 9 28011
4942 9 28011
14691 9 4020
4822 0 15236
16053 6 14710
19950 5 31542
25444 9 6032
4654 0 25030
24684 11 7495
26124 9 26124
3231 9 12794
3827 7 5636
13340 3 29527
21740 11 3045
5839 11 19961
31105 0 16375
27477 9 28011
6578 9 29616
12689 9 31065
4208 9 3955
12689 9 12362
32196 11 18758
28011 9 13794
32955 11 25070
11163 9 8920
4615 9 12289
19007 11 24547
29311 9 12069
24070 5 16344
31922 0 2549
19986 0 24539
16014 0 21347
12794 9 18976
8750 7 15289
15160 0 25412
26720 11 15012
9262 9 9669
11704 0 29944
31148 9 8109
14309 8 28105
16237 11 5772
19630 5 22144
7651 9 28011
19938 0 5764
11369 7 24412
30301 2 31787
21900 9 31942
1115 9 28011
1863 0 28611
28011 9 21388
4801 9 23575
29535 8 12195
14392 7 16792
4433 9 10237
23124 0 20866
6168 0 20705
30269 11 19690
32429 9 29700
21907 9 28011
2123 11 27912
29 0 24179
1635 9 25315
20884 9 10893
13493 9 12689
32646 11 13252
2149 11 13602
15769 11 1177
12689 9 12689
26581 0 14043
12689 9 11530
13131 9 3231
9509 9 12689
11061 0 32361
11132 9 16121
18929 9 12945
12689 9 24507
11902 10 17673
4838 0 28318
10135 9 15165
8040 11 14334
22663 9 7910
17226 9 3245
27612 9 12689
12864 11 13471
15455 9 7184
26442 9 5440
32056 9 18317
25315 9 20732
12362 9 32501
30673 8 13866
31286 9 10150
12297 11 9817
31427 3 4695
3245 9 27519
24508 9 22982
32373 1 8914
23345 5 8063
13714 0 18322
26429 9 2061
16435 9 8002
9784 0 22517
30797 9 18425
12689 9 32951
6321 1 15512
7311 0 4274
6165 11 4864
28011 9 19328
21863 9 19690
7838 7 15151
1232 5 19674
7190 9 14214
28011 9 2375
13506 0 32337
31979 9 31316
29061 6 18756
14878 9 17805
20908 9 32215
12689 9 12841
24539 9 4801
18668 11 19678
12716 5 33116
13132 11 11852
28011 9 25659
12689 9 28011
22113 11 30833
8466 9 9669
32134 9 8514
24219 8 11691
9271 11 26317
4039 9 12689
10491 11 24279
16121 9 12689
10632 6 23981
15563 7 15563
1107 9 5427
25979 8 741
24427 9 8253
13228 9 12689
22137 0 26780
9756 9 3924
18269 10 3987
4990 3 26124
27300 5 5743
32592 9 4744
7067 5 14471
12689 9 6503
21273 9 12289
12944 11 10213
7316 9 18201
2259 11 12504
12411 9 18013
8904 9 17798
28011 9 22310
22372 3 2759
25485 0 9074
28960 9 28011
31994 9 12689
31942 9 19211
22518 9 28011
30745 7 5035
12289 9 28011
16180 11 21848
8104 6 9056
601 11 20914
2426 11 9834
23986 9 14858
4801 9 10589
30003 9 329
23855 9 16121
12338 0 21739
7681 9 15178
5063 11 10709
15701 11 5114
12854 11 6993
29154 9 28011
4905 9 19276
13035 9 28011
32254 0 23709
89 11 9816
19267 6 19731
28011 9 12689
1112 9 1112
28011 9 13048
15670 8 24046
23411 9 13228
12689 9 22296
12362 9 16313
12689 9 4942
12362 9 12362
16233 6 30576
10855 5 4379
4128 5 2825
9518 0 14879
12543 5 28362
21824 0 18126
14230 6 11659
12689 9 6250
4249 9 13048
24663 0 13428
12689 9 24547
22565 9 12689
16398 11 24374
9457 9 5397
25874 0 25176
11120 0 20056
21908 0 23094
3505 7 3505
18503 11 32440
23449 9 12689
28011 9 15349
27024 9 12689
12689 9 13551
17188 0 10172
28011 9 12689
19874 8 20196
22618 7 9397
25070 0 24259
13661 11 7940
5050 0 4297
30456 11 9068
21273 9 2375
1691 0 6794
2792 9 12689
19199 8 7504
29927 9 6943
31710 11 59
31286 9 12689
12689 9 28011
9811 8 6914
25067 5 8826
18988 9 21984
7155 9 32278
20226 2 18775
348 5 6121
15295 0 21569
6902 0 22
18926 0 19106
20703 11 1780
12689 9 4185
28486 9 25770
21417 0 13126
3858 10 98
14581 11 21792
11429 11 29456
9419 11 20615
125 2 30478
30828 9 1714
18929 9 2808
28922 0 9327
4335 0 8253
16912 0 7272
18325 0 9771
15825 5 17865
3338 11 20562
30681 0 23449
15887 9 13048
24860 9 3614
8595 9 29958
16333 3 31525
10893 7 14757
14255 8 22343
14691 9 7808
7155 9 29485
5101 10 14485
4249 9 8990
21273 9 33319
1921 11 6537
9669 9 12689
11132 9 13049
31061 9 28011
8850 0 25605
32250 9 27187
17797 2 25360
18970 9 4491
4774 11 30278
27794 9 12689
16580 6 33090
27187 9 23019
12362 9 15887
11017 0 5474
32309 9 15518
10818 5 25758
4900 9 28011
12689 9 4694
11462 9 28011
10929 0 24268
5743 8 7802
16380 0 7336
22170 11 15340
20070 11 1790
16735 11 3143
25366 11 21333
26020 8 17986
536 9 22159
28011 9 26124
28600 9 11807
11736 2 12448
5677 8 31745
12506 0 27046
24975 6 31209
20814 0 10695
264 9 12689
22131 9 3219
28011 9 13741
27811 7 12687
32902 9 16888
1937 11 24468
9784 0 29311
11587 8 24361
15773 0 31570
7258 9 22919
25514 9 12689
25648 11 28353
29068 11 6003
21534 11 5884
25113 0 14185
7637 9 12826
22578 1 6321
17698 9 5402
27892 9 28011
27478 5 8993
12794 9 2336
15996 11 10880
19690 9 10959
14571 7 7635
12188 9 28011
26124 9 12689
26640 0 15501
1735 0 25294
16093 9 30223
12689 9 28011
18193 0 3336
2102 9 12362
13131 9 28011
19233 9 7794
18471 9 28011
15379 9 28777
17594 7 20233
9634 9 1112
28011 9 12289
30269 9 29391
7815 11 5637
9032 11 28651
19063 9 12689
28011 9 21984
12806 9 12806
9144 9 29088
32703 0 14592
866 9 18737
22865 5 7612
23058 9 1072
31934 5 28974
20019 9 26510
6954 9 23746
23466 9 16121
27565 3 26498
16838 9 18557
25129 9 1112
20019 9 5465
23725 9 12689
18471 2 17589
20702 11 10498
87 11 1815
6989 0 3721
20699 0 32215
17867 9 1411
8791 6 32777
6100 9 24529
3231 9 2137
9004 9 32644
18515 9 28930
16378 9 1326
24722 0 776
5703 0 5939
18461 11 8850
10931 9 27133
22324 9 28011
25607 11 13719
30789 9 17706
13210 9 22565
906 9 31970
11480 2 18342
31523 0 22738
9636 9 19690
28011 9 2254
24254 0 5393
27297 9 32592
12826 2 30941
25644 8 25606
25315 0 30797
8811 11 30762
20960 11 31462
243 0 30706
18406 11 2374
26341 11 16700
29367 9 16888
28011 9 12289
10931 9 21273
28664 9 12689
9329 9 5618
21907 9 21907
16478 9 12689
27384 11 5995
11299 11 26743
85 0 27239
17748 11 19149
27862 11 8850
8740 9 31152
14068 9 28011
28011 9 14456
15520 0 4017
13048 9 1944
18223 6 24981
23804 3 26124
6007 8 15882
13153 11 29004
21196 9 25772
17999 11 18057
25833 9 4039
4293 9 12689
14033 2 16039
29569 9 28011
12689 9 16101
14476 11 12915
30521 7 30521
2260 0 284
25875 0 20772
13186 10 33022
17611 0 3169
11220 7 21672
3717 9 21121
12825 11 1189
15160 0 32253
9208 9 18013
29673 11 7501
136 3 1558
4743 9 7110
15258 5 26568
5100 10 20226
27764 1 33247
14308 9 28011
24378 9 12689
18317 9 17698
11695 9 28011
31061 9 28011
32235 4 817
29953 9 12188
26204 0 27909
6800 8 20476
19303 11 8859
21021 9 19149
7110 9 30209
30281 9 5995
12689 9 28011
15234 8 448
19958 9 5845
29096 9 28011
22685 11 15602
27222 11 22031
31951 2 6638
21462 9 28540
7910 9 27697
31568 11 7178
12689 9 25715
1326 9 12689
18162 9 18013
1331 9 2375
12675 0 10094
1421 9 12289
21908 9 28172
19953 8 24166
28135 3 22547
10121 9 28011
13359 9 12689
21875 9 2875
27847 0 18471
28011 9 9419
29311 9 28428
15460 11 25710
16312 6 4477
11785 11 30935
12689 9 440
24501 11 19079
21826 9 31946
20942 9 31129
12888 7 29480
27110 9 26377
22565 9 9419
165 11 12794
3799 11 22063
24105 9 5742
27519 9 13314
9634 9 21908
17588 7 18605
15012 11 21280
9419 9 15107
12689 9 12362
24876 8 25693
22729 9 2137
13131 9 15331
16435 9 1623
31209 9 6858
14923 11 24698
12689 9 4905
27669 9 11280
13252 0 12807
16397 0 5862
27187 9 28011
27669 9 28155
26377 9 27794
28011 9 19384
2242 11 25710
5437 7 12666
25156 9 32660
2540 5 6648
25874 0 587
23855 9 10509
14928 7 21657
12689 9 14214
12689 9 98
29657 0 29620
9432 9 28926
27219 9 7329
29086 9 11762
10692 5 310
98 9 12689
12689 9 175
1924 10 897
16620 0 5257
32229 11 32792
29508 9 29820
20901 9 12689
26396 9 13583
4249 9 32859
20574 11 23877
23411 9 21902
1691 0 31594
8464 9 20770
14469 0 12228
197 11 24373
29502 11 18284
26829 11 2487
16684 9 12689
8595 9 3060
6523 7 22923
28011 9 13236
4637 11 18228
18580 0 13612
21669 9 14398
18290 8 493
31076 10 22560
11800 11 329
5645 0 31499
759 9 1264
8628 11 30269
9823 9 4014
28518 3 16680
28517 9 16121
13329 8 4177
19211 9 9634
13432 11 24258
30512 9 20734
25022 4 14929
12689 9 12362
6056 10 125
6578 9 28777
12689 9 26442
1691 0 30268
31262 0 3335
25195 9 9634
28011 9 9309
20814 9 14106
24547 0 24741
1034 8 23816
15160 0 11327
13460 11 15633
8306 8 9176
295 7 13594
5329 9 27566
10641 0 18088
29725 9 7005
16710 11 27028
21971 0 10599
25070 0 32955
31661 3 1220
25715 9 13796
4801 9 12689
30269 0 31867
14167 5 17649
1769 11 19328
22296 11 11016
28012 11 21673
28011 9 33046
28011 9 9634
30269 9 6100
538 0 18889
16309 9 28011
12689 9 12689
29637 4 13993
9634 9 26242
24529 9 17867
2375 9 1567
5772 0 13772
5298 11 18983
24829 9 21181
31389 9 30758
22031 0 10718
28011 9 13358
23962 9 28011
22606 0 8497
21049 0 26597
16121 9 12689
23277 9 4801
16356 0 18377
30425 9 12799
11245 0 15126
31089 7 21303
24251 0 2497
20447 0 22719
23855 9 2254
12188 9 25631
25703 10 16844
19247 5 13485
29106 2 28490
13755 9 32892
24596 11 8313
28933 0 16111
4588 8 31367
3494 3 32636
2312 1 25003
10730 5 6354
14817 0 30812
12960 9 13844
28011 9 12689
5216 0 19272
25191 0 23080
2217 11 29164
125 2 24511
11155 8 25091
12362 9 14878
9711 9 12938
9194 9 18471
4583 0 4411
21515 9 6100
4801 9 12689
12149 9 12689
174 11 14913
4905 9 12689
22354 9 13796
24567 11 29100
32953 11 20368
14521 11 33046
16936 0 20991
20915 9 9550
23537 9 3124
