33330 12
28011 9 27463
13384 9 10509
12689 9 18737
11497 11 17256
4900 9 9634
98 2 22488
10227 0 26506
25772 9 12689
31951 2 29754
32863 0 3685
28011 9 6100
15295 0 12557
10741 0 14308
10931 0 22039
16287 9 33313
14911 7 2792
12689 9 12289
32592 9 12689
12289 9 30793
29208 0 2380
25514 9 17063
16499 0 547
13228 9 24547
6635 0 14807
27202 0 26867
10893 9 12689
18331 9 9464
24068 11 22031
8993 6 15453
999 11 18899
22183 9 15200
17054 9 12689
24643 9 19025
30190 11 25070
9823 9 23575
28011 9 20222
29038 0 2559
21273 9 17463
12362 9 12689
15966 0 5747
32235 4 1841
23598 9 17539
13105 9 18514
11202 7 18542
31017 9 28664
17802 11 20212
17315 0 5292
28011 9 18714
4896 9 17139
2792 9 9634
27806 9 27806
31934 9 10227
2375 9 16287
24003 11 18265
23727 9 12689
4506 7 4161
18711 3 29311
31856 11 5179
23962 11 24898
23859 7 16718
6954 9 9548
398 9 2336
12897 7 18565
12689 9 32250
12647 8 22922
17828 11 650
20215 10 24913
24427 0 28816
31437 0 2106
25454 9 27697
25190 6 7025
12030 9 28011
10752 9 906
8185 6 15030
4801 9 10706
12505 9 31393
18829 2 10750
28011 9 20878
23000 11 6953
11785 11 15598
24932 11 19296
26036 9 12689
9823 9 18018
4217 0 3811
6413 0 21610
18181 9 28011
98 9 12121
24749 3 6635
8315 11 27688
11019 0 16974
14214 9 28011
31427 6 6378
24507 9 12689
17207 9 28664
2979 0 22873
26124 0 567
28600 9 12689
12289 9 227
23915 3 21761
1635 9 5674
17376 9 19296
12689 9 792
22674 0 2387
25459 11 24696
3697 9 4647
1498 8 23264
30760 2 15747
24891 9 28011
20077 11 12016
5322 8 29442
32244 3 14456
9003 0 31292
5773 7 23222
11890 9 25358
1497 9 14551
9239 11 26911
8579 11 29198
25616 11 32445
14668 8 18805
14439 5 21351
30111 0 19932
11701 9 1093
3914 9 30244
28011 9 7946
12689 9 29038
23177 11 24254
33311 9 26036
12689 9 32951
1177 0 11955
17254 6 12124
21951 8 27397
27384 0 23271
12689 9 31061
12289 9 12689
31082 11 15761
25606 8 15593
19885 0 11824
18976 9 9823
14068 9 19956
5188 9 25973
4536 0 19937
25710 0 10691
4307 3 13493
2375 9 12188
25715 9 12689
32063 0 16040
26633 11 23818
29257 2 30054
30278 0 5219
21574 9 20365
13679 0 13110
369 0 26331
12359 0 17072
5618 9 2629
10580 9 25084
20226 2 15177
12689 9 9457
13018 11 27896
12689 9 31994
5436 11 29129
15814 9 22886
15869 10 9766
16353 11 27295
21574 9 98
30760 2 2254
10197 9 27532
7314 9 2875
13532 0 8947
13210 9 18141
12689 9 9634
12689 9 12689
12994 11 26499
18135 0 26754
14214 9 13801
28011 9 24629
9509 9 28011
1735 0 11033
28155 9 10686
33313 9 21280
18471 9 12689
22982 9 13894
10883 11 15284
4347 5 19508
15734 11 16127
14024 9 28011
25070 0 5585
29598 4 16
13131 9 28011
11114 11 5551
14869 9 28011
3972 9 29086
28462 2 9996
3972 9 4014
21680 5 12208
14776 9 24651
26598 5 18930
15632 6 1129
26377 9 17507
29725 9 27892
33191 9 10235
1636 9 12689
32138 9 21056
8479 10 25141
20652 0 6474
9895 8 15077
24909 9 906
26001 9 28011
18899 11 6165
30749 9 33311
30434 9 15701
11395 11 21074
13249 7 13249
4757 0 12743
28777 0 9427
18988 9 894
30779 9 6303
14384 9 30049
28011 9 12046
2147 5 9591
12517 9 28011
28707 10 9915
8238 9 8304
25807 9 9509
6008 2 29417
29385 6 2925
1611 9 12689
16064 0 10976
20513 9 906
12689 9 21574
22018 9 1112
26295 0 24953
12689 9 16458
29009 9 12689
25105 9 10796
8106 6 17377
8660 2 32243
8363 9 12689
4249 0 32584
27844 0 12247
21705 9 27420
28011 9 33011
33089 10 14628
11157 9 21672
27060 11 24126
29559 9 28011
4743 9 28011
32473 11 895
7110 9 29209
18471 9 7910
23599 9 16838
15588 0 7058
4472 11 3596
9634 9 19211
20906 9 20906
18929 9 33071
5440 9 28011
15873 8 3217
13048 9 9634
5836 9 12289
12689 9 6927
19663 11 31211
8235 0 10296
20402 0 30719
25156 9 6032
4014 9 32278
23635 10 6008
18507 0 26706
28728 0 2955
11807 9 7808
28011 9 29966
27700 9 11157
12689 9 16103
7801 11 22061
31444 2 382
8523 9 18641
28172 9 28011
24942 9 17805
14795 10 32029
19211 9 26315
12289 9 12689
29998 9 5425
71 6 20686
2391 9 32592
9050 11 21735
25946 7 9356
23417 11 28279
19799 9 28061
21574 9 18567
10754 0 7103
2617 8 24547
12689 9 22565
25058 11 30276
12342 5 9483
30512 9 32554
13096 0 2861
16724 2 10271
25315 9 18714
20533 2 29972
6598 9 19387
15136 6 27015
10135 9 28540
25524 11 5582
18929 9 17748
7290 9 18344
16838 8 14214
3348 11 9784
688 11 779
12437 3 10936
7371 8 19475
12689 9 23855
6831 0 26671
12689 9 19690
12689 9 29367
17002 9 26982
12289 9 12689
24888 8 32366
16309 9 26445
25417 6 32820
14480 0 16857
13048 9 23411
30414 0 20839
3868 3 21712
28117 11 433
8514 9 28034
20555 9 3308
27643 5 17636
10220 0 12866
13786 11 6537
16844 2 27282
11147 9 27649
24811 11 12720
28011 9 28011
4801 9 25615
12188 9 10230
5538 11 9419
12872 9 9834
12689 9 1201
16038 9 28782
20053 11 27232
5067 11 28066
26092 5 29192
22353 0 3359
9457 9 28664
25156 9 12689
29608 9 28259
9420 5 1594
12689 9 2254
1310 0 3751
23490 9 23466
6205 3 9839
12362 9 12289
5618 9 6100
13603 0 31884
16195 9 14840
26847 5 25477
13236 9 19804
26001 9 7910
15794 0 9111
21907 9 14726
15797 9 6270
28011 9 28011
720 6 2202
22427 9 10380
28011 9 12689
21464 11 9892
25018 3 5645
26165 8 26392
32278 9 906
10178 9 9740
29950 3 6943
1900 9 23496
28011 9 12689
20072 0 11879
23564 9 17698
27794 9 12689
17826 0 31235
440 9 12689
29927 9 4801
31017 9 23391
25725 11 15764
21362 11 29964
31887 9 23449
12689 9 28172
7199 0 21540
11773 11 7268
1112 9 12689
10879 5 19840
25197 9 10213
12689 9 12289
13127 9 12689
29039 8 29037
22031 0 8716
22982 9 4553
3231 9 8968
29318 9 32570
16121 9 15375
9669 9 14384
12689 9 7009
20310 11 21670
14308 11 30135
29117 0 9721
17297 9 6118
18633 6 7565
30414 0 29299
25575 9 12689
17698 9 28011
24527 9 32951
8315 6 32587
22488 0 29936
25835 0 24019
2708 9 12689
30278 0 6041
30006 0 17081
16895 0 16199
18714 9 11044
28011 9 20062
31191 2 12286
29947 7 10548
4249 0 33102
22843 10 6008
25040 0 14853
24403 3 4182
6954 9 11596
21331 9 3914
8101 9 28926
28011 9 17698
4556 5 18018
1740 9 21629
13313 9 22037
28011 9 9973
13131 9 31123
23982 6 26503
12689 9 7183
29407 11 7711
16044 0 29987
21388 9 14878
12780 0 19086
1289 0 26765
3972 9 28011
12689 9 29086
16728 1 25932
12689 9 24419
12689 9 12689
28689 5 6853
143 7 19828
6071 11 30414
155 0 31671
9634 9 12689
27678 6 11238
29821 9 28011
30009 11 24547
19677 9 4549
7064 0 28750
9154 9 14934
17199 0 27443
29721 0 10352
28011 9 21672
24152 9 12689
4801 9 7316
15803 0 17894
27892 9 28011
28939 6 19112
7258 0 28883
18929 9 23592
31904 8 7072
4182 0 10142
10384 8 19817
10235 10 17867
21273 9 9634
25283 3 4249
12689 9 9634
29212 5 24888
28011 9 12689
9489 0 18509
4249 9 13993
12753 11 14042
27466 9 13493
30464 9 7808
30723 10 20226
6578 9 24737
930 9 16121
28412 11 32942
13493 0 20474
32793 8 14613
28699 0 6714
12689 9 4764
8592 11 17743
12689 9 12689
9634 9 12756
7735 11 13428
13739 0 16762
31782 9 1189
22547 0 16655
5796 0 11245
17729 9 29367
28651 0 13089
4801 9 27669
33311 0 24223
17846 9 27460
7354 9 12689
18475 0 20838
12689 9 12689
31211 0 7935
30639 0 28941
28011 9 22251
6149 10 29106
23575 9 12689
7808 9 9457
8774 8 30380
12301 8 12766
13372 9 29656
6902 9 2933
4562 9 15701
21672 9 12689
783 6 2138
28011 9 13455
1703 11 16647
7227 9 28011
19416 11 17455
30110 8 7757
27794 1 22944
31143 9 28531
30300 5 1449
22488 9 24396
19025 11 16255
15856 9 858
13493 0 15199
29884 11 18141
13755 9 8895
27170 5 27719
32 9 9754
5086 0 24091
32309 9 25315
26459 10 11955
10962 7 720
121 0 5652
16287 9 23490
27341 9 17402
510 6 17809
32191 5 9163
31065 9 14703
12689 9 19909
1567 9 10235
3782 11 14033
20813 0 395
13210 9 353
9823 9 28011
22251 9 24860
17560 0 7205
12689 9 28600
14111 9 31946
28692 11 32356
12965 0 11183
32892 9 10796
13679 0 11709
6351 11 5799
404 0 1426
16579 9 21021
16079 6 12862
27797 9 538
30269 9 28011
23986 0 8180
23466 9 2844
28011 9 6980
32898 11 3612
5581 11 17641
4405 9 12689
7810 11 27520
5988 11 32146
9823 9 6100
15856 11 29311
14932 11 3468
12281 3 24685
7153 9 28777
20689 0 16003
13522 8 31724
16853 8 29104
28011 9 10014
6877 5 19584
10949 6 17747
29061 6 18756
5743 8 25094
5292 11 17315
21864 9 7861
21524 11 9973
20095 9 4014
29297 11 5503
28011 9 22488
5901 1 31893
3374 9 27013
27910 0 14230
5440 11 21309
14033 2 14440
1988 11 17611
23099 0 11827
1558 9 21672
16309 9 10917
28011 9 32594
15650 2 473
26966 11 25070
26377 9 12943
32048 0 20280
21540 0 21525
14530 9 3559
28011 9 21908
15273 9 27519
27656 0 23321
29382 11 22296
15489 9 28011
31477 11 27649
4039 9 1115
22196 8 8417
21956 0 3661
6882 11 24653
4801 9 21365
30907 8 16967
9634 9 12362
21592 0 25209
8240 9 22183
9438 0 16259
30300 11 16895
26982 9 1112
18269 9 33161
21575 9 13625
2290 9 18425
6397 0 263
28777 9 353
12289 9 12689
15939 11 13641
28011 9 12289
8466 9 28849
18013 9 12689
14158 9 7009
11596 9 28011
8514 9 2933
9902 2 3662
30749 9 27669
31123 9 9457
26506 9 26319
22675 0 7901
23148 0 29288
12138 0 10121
8628 6 10907
9320 11 5796
27 11 31143
12689 9 227
373 0 31437
13107 11 30188
4727 11 21201
13493 0 30610
29725 9 7009
3697 9 20048
6954 9 2427
28011 9 32414
8686 9 31946
28011 9 12689
16255 9 12689
5936 11 22061
33238 6 12264
28011 9 16093
5188 0 3446
30797 0 9010
32098 11 18918
12689 9 10197
4526 0 692
11806 11 21725
3245 9 13359
21863 9 23873
20787 6 22039
10227 9 12689
28011 9 12362
32321 9 16121
15200 9 28011
12046 9 12362
17348 0 10048
16492 9 4900
28011 9 27477
16004 8 8254
536 0 15877
33066 9 12689
1994 0 23271
28011 9 3972
12689 9 21388
28011 9 12689
8402 9 18013
23449 9 12689
11 11 7947
21083 11 28639
9756 9 28011
31975 8 23330
6980 9 12689
8041 9 3697
31038 9 25426
30018 0 29127
28011 9 12689
5545 9 19751
18723 4 6307
14562 6 21986
31091 9 31940
10252 11 9145
4293 9 9515
19387 9 11762
24285 6 31727
2319 1 14241
28517 9 7003
12689 9 31123
9419 9 30
23411 9 7223
14244 6 20783
23684 9 4778
1204 9 2137
28694 7 21331
16090 11 24839
8740 9 12689
18698 9 1728
29171 11 25710
33253 11 22724
12689 9 23107
32747 11 29394
24671 5 9698
27719 8 32447
28011 9 22576
23146 11 948
4014 9 33313
8912 9 8414
21017 0 2720
9438 9 13236
17709 11 9254
8414 9 13236
31129 11 14723
24238 8 24249
6927 0 31106
11526 6 29500
12289 9 6578
27669 9 8904
2391 9 29411
12000 9 28883
24145 11 30281
6100 9 18988
5583 5 15084
5764 10 2886
16376 0 17781
8429 6 2840
7511 11 12575
3231 9 398
3895 11 16496
17851 11 22037
5427 9 12689
105 9 9624
27844 9 23490
19399 9 12689
32592 9 8277
6931 11 19813
12689 9 2941
28011 9 12689
30977 11 20652
28810 0 13834
15151 9 994
18758 0 23140
8473 9 12689
16887 0 11246
440 9 21879
85 0 12123
22251 9 15579
32863 0 25436
8315 0 32710
7608 9 12289
28883 0 28012
28011 9 12689
17816 9 28011
30308 8 4593
18430 1 26063
25695 9 18714
1340 11 16172
268 11 23411
23282 0 207
9457 0 20384
26572 0 137
22982 0 21767
12289 9 31064
32525 0 31621
22320 11 31234
28539 11 4953
19276 9 3402
18261 0 18476
1481 5 6688
18594 9 18344
31875 8 6071
31989 0 21773
19808 9 12689
6908 9 20652
22036 9 21672
23881 0 22044
4633 9 12689
14453 8 32256
12689 9 906
2558 0 32729
24111 5 20257
7711 0 17842
22217 5 15631
24609 5 12053
19810 7 29052
22368 11 14419
10846 9 12689
28011 9 19072
18552 9 31848
16976 11 22724
8323 2 23694
28169 11 9705
28960 9 28011
21931 0 18146
12362 9 19060
14537 6 28858
15483 9 28011
3534 9 12689
9008 11 27521
28154 9 28011
1463 11 29861
28011 9 11725
24093 9 31753
24830 3 31075
13832 9 71
17611 0 3169
22627 11 32440
32721 9 8253
15690 9 2375
28897 11 10987
12689 9 12689
29559 9 27519
4098 11 13719
26352 0 29835
18214 0 10668
16468 6 23359
12689 9 11846
4249 0 21149
19690 0 25089
24983 11 18094
29821 9 21321
4743 9 4330
3368 0 16700
22406 2 31053
4177 11 16315
27194 8 15778
9769 9 28011
4654 9 28011
11132 0 9832
4900 9 31942
24241 11 27297
8593 11 22923
8253 9 15634
5785 0 9858
32563 11 24281
2375 9 5439
31335 11 22615
33046 0 16463
25081 11 18777
24333 11 31714
31091 1 10191
25454 9 12689
32592 9 8589
11264 0 31687
18196 11 28540
9289 11 8260
13614 8 6961
32669 9 28011
12689 9 30318
28634 2 20200
12689 9 22320
15722 9 23034
16963 0 31653
1005 8 25037
6100 9 12689
9634 9 1695
21908 9 3937
26002 5 15623
17435 11 29232
12689 9 5906
33319 9 1115
30742 9 2375
16314 9 18929
28011 9 25772
6701 0 26189
24547 0 22209
11266 8 16619
32277 9 28011
31073 11 12882
29850 11 10610
760 11 13037
29018 6 4850
15633 9 9634
3594 11 10923
5148 5 6811
1592 11 8926
21273 9 12689
16176 8 26183
27295 0 16353
12038 10 897
12390 9 19204
27844 9 12689
17054 9 27892
6873 5 20600
31793 2 31819
12689 9 24727
28011 9 13048
32016 0 17815
12689 9 9324
5624 9 20805
27011 7 4896
12121 9 32277
30892 0 430
24222 10 20226
18251 5 8928
21908 9 4743
26983 11 29528
30278 0 30102
24679 11 14566
25229 9 4205
30209 9 27660
28677 0 11396
6147 8 12253
6112 0 6931
18081 9 28011
10442 11 23689
27042 11 7866
8896 9 30830
19690 9 12689
10672 5 7207
24303 10 25841
28011 9 1356
12689 9 16070
29684 5 17760
28011 9 16888
15794 0 23613
31257 0 12292
20958 9 2375
8219 9 14033
1251 9 10289
12689 9 23449
7681 9 4732
11799 9 12383
30398 3 4249
3697 9 23832
13603 0 20148
23466 9 28011
16027 10 25115
29038 9 25658
8182 5 12400
5772 11 10796
13102 9 28011
28011 9 16476
25315 9 2375
9634 9 19216
11402 0 15096
9394 7 9394
17950 9 29076
12689 9 9015
690 11 11085
2375 9 28926
27568 10 3808
12289 9 17783
26470 11 14359
28782 9 12806
31932 7 19156
11656 9 18326
13423 9 28011
23772 11 3924
11016 9 9809
13106 9 98
28543 10 22811
17673 2 8662
4636 9 27150
7910 9 9669
30669 9 12069
18151 0 27878
12689 9 22022
31944 8 23566
7306 9 28011
10014 9 12689
12689 9 5618
9144 9 17934
4049 9 28011
4747 8 3632
32388 0 1587
26202 0 4193
30728 11 29258
15175 9 28011
5474 11 11017
17971 11 13252
10780 11 15016
25964 9 22982
16057 5 20432
10767 5 2512
5045 7 20856
31064 9 23159
20428 0 26705
21045 11 20160
28011 9 9509
23781 0 26949
11417 8 31152
28651 0 671
3231 9 10509
12689 9 9634
18471 9 12689
16968 9 23855
13127 9 30003
13159 7 30917
3231 9 6969
30115 9 21257
28011 9 8895
17848 3 16442
6016 9 28011
7695 9 12689
3623 11 24956
11750 9 7654
30286 9 12689
18885 9 8041
5156 8 22330
28493 0 26374
19799 9 28011
28011 9 8041
32235 4 10531
20549 3 1220
9795 9 12689
12689 9 27844
14086 11 30833
21786 11 25070
11294 0 25682
16888 0 25599
4847 9 18929
30743 0 24939
13022 0 2316
28741 11 18174
4249 6 6412
13384 9 906
3697 9 13189
15778 11 9880
11726 7 20303
14703 9 3914
6427 0 26756
17005 0 17573
11762 9 33046
17867 9 4448
29510 0 2513
22152 11 30833
30060 5 3567
13493 0 20024
27362 9 6902
20216 8 27480
7596 11 7324
28650 9 12289
19255 6 19084
11110 0 27387
26117 11 24547
6635 9 30434
14059 9 11732
26842 11 4663
8067 11 32863
21908 9 8936
10360 0 30736
8930 8 3750
18567 9 8466
15067 7 12080
16121 9 19898
12362 9 16121
32296 8 25793
28011 9 20866
8101 0 29724
17907 9 10644
32235 4 11773
18081 9 27016
13802 11 32040
21920 3 24685
30625 9 7314
28011 9 12289
28011 9 28011
3972 9 28011
19211 9 18936
9187 0 976
9144 9 12689
31343 9 16121
9660 0 587
30335 5 2105
12689 9 12689
2077 11 6928
30513 0 32501
2375 9 19130
4801 9 3354
12221 0 1303
14618 11 29038
18714 9 16435
13370 7 12613
12689 9 10917
29308 3 10583
16598 0 20711
12689 9 23855
33065 0 4955
12289 9 12689
15047 0 25907
12689 9 5768
12689 9 16963
12689 9 15273
6112 9 26305
16552 5 8297
2254 9 1220
24542 11 25710
23282 0 16246
12069 9 18013
22782 0 2101
32594 9 16718
28011 9 29153
6032 9 28011
23704 7 18633
27844 9 8904
6118 9 9669
1503 11 30666
31129 0 5737
21872 5 23469
4039 9 28011
21908 9 329
11801 5 20973
28011 9 19568
24839 0 12486
11330 5 27175
8277 9 28011
12864 0 4900
19665 11 26295
2645 9 1112
5420 9 12689
12036 0 20798
9309 9 9823
2018 9 28540
2242 11 25710
14118 0 14361
24547 0 25256
8595 9 12105
7702 11 16790
2649 9 26483
4801 9 9634
5880 11 15598
9634 9 8523
6467 9 22068
13229 7 5157
15731 0 4814
27050 0 8167
12362 9 18093
12289 9 12689
20906 9 20906
19726 11 30797
26099 9 28011
25552 0 22698
19211 9 13236
23715 9 6711
18228 0 2337
19617 3 21460
12289 9 4433
21892 9 21556
21770 0 15280
717 10 98
12689 9 906
4707 11 10796
26761 0 15370
30073 0 10734
15165 9 12689
3709 9 12689
25615 9 98
397 6 27355
13603 9 2375
28011 9 6980
4532 9 28011
12351 9 6058
19560 0 11694
19690 9 16378
7341 9 23490
28011 9 20770
27470 8 9317
11729 11 20305
1137 9 28011
14026 7 14026
31782 9 3954
20220 5 3635
4615 9 26377
26677 0 5430
26031 0 16243
3337 5 54
12689 9 7184
29205 11 14000
353 9 28011
30632 7 3406
2375 9 12841
3230 5 30416
23449 9 16093
28011 9 29038
3885 0 16133
26778 9 32272
17287 9 28011
645 8 24402
15393 6 27331
596 10 24213
17977 3 4249
14397 5 33324
3333 9 28011
25004 11 20160
21273 9 10796
19377 0 18397
3914 9 28011
12289 9 9980
29500 6 14369
10210 6 1061
32250 9 697
22803 9 12689
9285 0 24158
16376 11 7744
24061 7 846
9509 9 17867
32440 0 29679
27187 9 31061
27660 9 12689
2126 10 18304
28862 0 16341
12689 9 28011
20037 7 19128
30151 9 8740
23514 9 12689
8989 9 1093
3634 3 16646
7303 0 21162
12689 9 12289
20770 9 18507
12689 9 22515
32103 9 12689
38 7 15910
28612 11 21801
24124 9 2446
8740 9 7651
29232 0 8848
23781 0 5124
22105 9 12689
4801 9 29140
19683 3 27576
28011 9 8424
22349 5 11177
3278 11 10973
9634 9 25315
8402 9 9634
14593 9 4606
25386 9 32592
20093 11 15633
856 6 24124
8466 9 22183
18013 9 23746
12689 9 27024
28011 9 8129
22036 9 3392
2792 9 14369
28011 9 9754
31782 9 17934
6916 11 2385
506 9 14214
3560 8 14085
22449 0 12876
1063 0 17108
32112 11 25710
12689 9 25893
28011 9 21057
27067 9 1084
1669 9 20652
31864 0 14089
19380 11 25023
9531 9 9008
13049 0 12123
24855 9 24686
6121 5 7094
2708 9 23769
7239 9 28011
2185 10 4712
17653 11 28692
5868 9 25156
19204 9 16968
16259 11 9438
18058 11 10796
10959 9 1084
8397 8 12022
5081 10 30301
22969 0 12265
23449 9 12689
32482 0 2375
29307 9 10381
25021 5 13728
26530 11 14049
12975 0 3144
25347 8 29002
12689 9 21331
30435 0 7115
12289 9 2708
3336 9 11807
6635 0 7980
28723 9 28011
6008 2 19734
28011 9 11762
20226 2 20471
14691 9 27532
27409 9 19204
24651 9 12689
20226 2 5954
30125 0 25021
12003 9 12289
14003 10 25417
18758 0 32196
21564 9 4694
17307 9 32852
29062 9 12689
4240 0 30890
13314 9 20878
353 0 27269
19684 11 19252
440 9 27660
1325 3 6958
27575 6 27575
18898 0 12752
32049 9 28011
3330 11 18936
31648 0 2815
9634 9 22022
2007 9 7651
28849 9 17539
8992 9 9756
7391 11 18135
29608 9 32951
5268 5 5757
15284 0 13629
21257 9 16378
12689 9 12289
32429 9 1093
33063 0 29515
25070 0 1035
2985 7 4560
12383 9 29793
16537 10 26469
7882 11 6908
6100 9 12689
906 9 9149
8096 11 25472
3954 9 16363
4240 11 838
23449 9 19205
9834 9 2377
2777 9 10931
32592 9 19072
3914 9 20575
71 6 21010
28650 11 19482
7695 9 12289
23345 5 8063
16044 0 11423
2207 11 28517
1331 9 12689
3829 10 6008
14398 11 5354
10038 9 19387
12689 9 10062
26124 0 4648
13049 0 28614
9634 9 19186
994 9 26357
6950 9 21388
23397 0 3709
15225 9 6273
6002 11 31826
26657 5 22386
16680 0 24066
19533 0 13499
5050 11 15047
3315 0 26784
28011 9 27669
24991 5 3305
17063 9 4801
13131 9 587
11213 9 21370
16121 9 28011
27040 11 31262
20912 0 844
1620 11 31092
4874 9 6578
28011 9 16378
12289 9 4433
26352 0 26962
897 2 9861
8543 7 24629
16895 5 12053
6008 2 12887
32454 11 14839
25685 0 17897
28011 9 7223
9144 10 9144
3375 0 3547
2340 0 21633
18294 3 13493
8705 9 12689
21907 0 24506
2375 9 7808
19413 9 9634
30358 11 12305
31370 3 6635
16079 6 18166
31061 9 14308
17089 7 15096
1944 9 6696
21908 9 27844
7284 9 21291
27318 9 16634
26982 9 12289
32235 4 9849
11221 5 22196
1173 9 18326
20698 9 18740
1255 9 28011
16309 9 12689
10475 9 28011
1043 9 19728
18416 9 22018
4801 9 24878
9225 9 19130
1187 8 25343
21977 0 24495
20698 9 4647
19984 0 32570
23970 6 2828
32667 11 19314
32052 0 8112
9185 11 9320
13672 6 9224
1672 11 25082
25315 9 4801
20020 8 14153
32388 0 19797
31991 5 28308
6180 0 29922
12689 9 18269
6021 9 32861
10893 9 32622
22560 2 16968
9634 9 12362
438 0 24615
12635 11 21102
12689 9 28011
5742 9 2185
29290 11 28862
26564 9 3231
28462 2 22591
19722 9 25315
32863 0 5608
29549 8 28717
26982 9 1112
17199 0 12240
17941 11 25417
8177 0 5465
32636 0 24473
28011 9 19130
32049 0 23034
7552 9 28011
2313 11 24763
32510 11 10163
19238 0 18590
14878 9 25937
25205 0 23993
13800 5 5521
1691 0 33183
16121 9 12689
20160 0 10761
12689 9 28011
21709 10 13037
17017 0 28157
19211 9 18201
11004 11 14662
17078 11 27232
20192 8 24316
24839 0 30747
31756 9 7519
28154 9 31285
12689 9 1220
25301 9 29725
15484 0 19721
25715 9 23449
18228 0 9285
27886 11 20898
17693 11 13252
29177 9 12689
9225 9 27697
25098 11 4327
23466 9 15664
12689 9 23449
12689 9 26090
4014 9 3231
9859 9 18193
21772 9 906
15393 9 21984
14214 9 12689
21680 3 21443
1281 0 7224
7110 9 8514
5293 9 23729
33191 9 6902
13314 0 32903
12689 9 3697
3231 9 27466
9409 5 22763
28011 9 11213
16378 9 28777
25937 9 18670
22982 9 14214
17888 11 29489
31075 9 28011
10917 9 12689
22982 9 98
9756 9 13946
12175 11 15579
8246 9 28011
14363 9 6118
12019 11 22093
281 8 27698
32954 5 10040
4737 0 21481
27892 9 4039
25837 2 5174
7256 9 12689
323 9 12689
7711 9 1829
27347 9 7498
6422 11 16750
1036 9 18425
12689 9 16888
312 3 13603
4838 9 16378
28011 9 12196
10509 9 14059
13236 9 26985
21981 0 29437
25764 7 21317
21948 9 9711
12689 9 31129
29279 9 12289
20332 10 22811
4801 9 19063
28011 9 12945
1721 9 8240
19384 9 12689
19690 9 19059
25837 2 587
4562 9 19690
28011 9 12689
12689 9 28011
4249 0 11929
32344 0 15948
4204 11 9669
17321 0 4615
5321 11 4181
13957 11 22031
33067 7 16838
25113 9 28011
24357 5 15233
3354 9 13826
12689 9 15126
21372 0 26711
19828 2 31058
21046 9 6112
26138 9 14510
8568 0 12064
6178 0 14138
15437 6 1106
24262 9 10796
2972 9 23612
25151 11 13252
24527 9 19732
9225 9 25993
33209 2 20475
4647 9 4132
20859 0 979
24851 0 11544
4839 9 12689
4801 9 10785
3902 9 12187
15245 6 15245
28011 9 20908
20802 11 16912
6578 9 3354
32255 9 858
20985 8 28954
14392 3 4249
28011 9 12289
779 0 24274
9531 9 9262
28011 9 12495
1112 9 13625
29396 5 28308
20896 9 12689
12689 9 29821
1523 9 16287
2266 2 7263
21273 9 23877
22803 9 28011
12689 9 6927
23842 11 13719
18951 9 12362
20648 7 4878
12689 9 12689
25454 7 20813
16684 9 21335
1966 0 25635
28428 0 20237
12289 9 6362
15273 9 9634
9140 0 2303
4532 9 21429
28011 9 12689
9457 9 28011
820 6 16273
9225 9 10830
5157 6 18074
9446 7 5057
28011 9 25993
31886 3 25171
10541 11 16046
30936 0 32101
9973 0 21803
23032 3 6943
16821 11 18833
26445 9 27024
4801 9 20946
20531 0 29092
12689 9 16224
25162 8 28168
9104 9 19464
26804 0 21201
4953 0 7110
14176 0 22607
15862 9 12689
13493 0 1086
2074 8 19151
5440 9 12689
31739 6 23414
12488 8 4677
11807 0 12843
16309 9 12689
3245 9 3697
9859 9 9457
8281 8 10523
15887 9 12725
12689 9 20281
18583 0 10264
22019 8 4699
2528 0 32977
28730 11 22031
22679 9 22679
31347 9 11106
28468 11 9285
26982 9 12689
32235 4 23608
21335 9 16538
13887 5 9350
16895 0 13374
10509 9 28011
4565 8 28443
6100 9 12689
152 6 25070
12208 6 28402
27167 11 19692
18670 9 8466
26970 11 14662
10336 9 32673
32585 7 4165
28011 9 4049
12289 9 4772
13419 9 8101
18565 6 15911
6390 0 7075
12440 11 2933
13569 8 32475
3349 0 1510
1112 9 1944
19490 0 1245
12016 9 22015
536 9 30003
13644 1 13573
3972 9 6913
10980 11 31417
18951 9 7563
24845 7 6440
16684 9 12689
2105 8 20648
13493 9 24829
30273 10 14104
31229 0 6694
29132 9 29700
12274 9 25772
11514 0 5459
22093 0 32089
21021 9 12289
21896 10 18304
20041 0 2838
24977 11 23703
11101 8 29929
31478 0 32188
28011 9 6950
8473 9 26429
4249 0 2372
24389 8 8560
12689 9 28011
21653 11 22338
25337 9 906
28777 9 17307
28011 9 28155
12289 9 12689
28011 9 4039
3424 11 14678
11106 9 11086
21381 9 12689
16309 9 32501
28011 9 9823
12689 9 28011
9798 3 2137
25715 9 13419
31782 9 28011
18322 9 12689
32669 11 3093
20805 0 20019
282 9 11193
26203 3 23601
30726 9 2375
28011 9 13131
25027 7 20387
689 8 526
19919 6 23108
13236 9 4801
21726 9 6282
18901 9 28011
28091 8 6904
10142 3 4182
9225 9 16492
8523 9 5440
7009 9 11323
6745 9 2708
18936 9 5796
1349 7 6496
12121 9 25461
9193 6 28487
8850 0 31263
12208 8 21680
19343 9 3231
10176 11 31719
6870 11 27852
10796 0 28576
3231 9 11193
27015 9 31148
14370 9 28011
8472 8 7893
12689 9 19211
13750 9 12689
16779 11 12438
12090 0 26833
28100 9 441
9859 9 20958
25821 9 28011
30049 9 3354
22303 0 10498
32357 0 28084
15690 0 1698
2933 9 30726
17347 8 12815
9602 9 9754
4309 11 8656
28225 0 21665
21316 11 9285
10426 11 12826
11695 11 5284
8904 9 21273
21934 5 13276
32038 11 4654
29088 9 13532
26616 1 30391
18444 11 23004
18476 5 24482
32809 7 13029
1523 9 16838
32235 4 29605
1134 0 18887
9996 11 25092
6442 0 7389
17149 8 1472
3039 8 4710
13414 7 12417
28011 9 12289
3795 11 27386
20770 0 24794
28744 9 16968
15408 0 19182
24375 9 13832
15470 11 7741
7808 9 28777
12689 9 10907
3972 9 20942
28011 9 12689
7808 9 12689
14106 9 9634
23488 9 12689
11646 11 7681
29898 9 1115
1587 11 32388
4562 9 33319
30523 9 4014
11016 9 7183
8904 9 25945
14882 0 17747
20982 11 14530
28063 9 29257
12289 9 19130
24093 9 6100
21654 5 16407
30791 11 21510
17814 11 20631
18837 5 21257
7276 0 16147
32501 9 26340
6043 3 4249
28926 9 2933
4801 9 28011
12689 9 6566
22488 9 8402
9203 8 5808
31922 0 31910
26084 9 29846
8240 9 14858
28011 9 12689
33175 11 29306
9820 11 7064
6343 7 32965
98 9 8492
28379 11 14470
23970 4 4071
28011 9 906
13252 0 11739
1112 9 26982
6786 0 3837
30781 8 15186
3832 0 17864
7329 0 5068
16093 9 29411
27168 10 125
10501 7 720
16378 9 26429
31470 8 29344
12689 9 23855
21672 9 9823
15136 9 12689
12289 9 3354
13048 9 33313
55 11 25191
12689 9 17226
12689 9 12689
21868 3 9276
27498 0 21589
2446 9 12689
11119 8 3064
25770 9 17867
12689 9 32200
30706 11 14560
33311 0 23560
18501 11 18552
19897 0 20161
11880 8 32505
32235 4 22932
27295 0 189
9464 0 5582
6414 0 9481
8409 9 32414
7346 7 9165
29366 8 30624
11145 0 15090
14111 11 19881
12795 5 4716
27297 0 18488
31782 9 282
23411 9 12689
876 0 29131
3697 9 27519
12689 9 28011
443 11 2549
31347 9 12689
17698 9 21984
6635 0 22342
25633 0 13171
13989 9 13048
2492 1 30218
6635 0 13446
6251 6 136
15632 3 2757
12689 9 16121
22251 11 28651
897 2 30496
25598 0 24435
17205 11 22460
914 0 28660
30463 6 14579
268 0 8538
24764 8 19809
6989 6 18414
22983 5 23509
4562 9 10213
11725 9 2375
3448 9 23914
18303 8 25149
10644 9 14214
16634 0 21777
9823 9 5845
4968 0 26265
18723 9 4917
25350 6 12893
12803 8 8753
28810 0 24985
12289 9 6503
10178 9 14879
9758 7 30064
18269 9 28540
22724 0 24387
32636 0 5882
21944 11 22240
1112 9 7563
17222 8 18633
18567 9 17698
27187 9 14458
32256 8 2430
28063 9 12689
23053 10 30937
20491 9 18979
20266 11 26352
25965 11 21824
2759 0 18611
28011 9 12689
29564 11 13534
32652 7 32652
28777 9 18988
906 2 29795
10225 9 21984
6363 3 16838
13379 5 3918
3764 7 24975
385 9 3952
894 9 12689
2456 11 10982
2375 9 6179
2826 11 32863
32644 11 6262
10641 0 26047
32921 11 16174
28011 9 15815
24839 0 25371
19525 0 23555
28011 9 11725
21221 9 2375
21042 8 22995
29725 9 16684
20157 11 26406
16867 0 26031
2375 9 9823
11287 11 20160
23187 0 26450
23775 9 9104
2795 6 315
33245 9 12689
858 9 6578
21948 9 240
19204 9 28011
27015 0 15112
1001 5 10511
16797 11 24547
17372 0 32448
4185 9 28011
2909 9 26506
16684 9 10876
22565 9 12289
29472 9 19808
13408 7 1147
12289 9 12689
6927 9 28011
12689 9 30269
23799 8 11025
25122 11 25457
6100 9 12689
1189 9 7314
31113 11 6646
30374 11 13316
9361 11 30939
16737 9 19722
32254 0 12864
727 6 32479
12707 11 31017
15664 9 13228
10846 9 33191
32636 0 19862
30571 0 14708
9865 9 13551
12689 9 28011
20018 11 21928
21273 9 12689
12689 9 28011
16097 9 8904
8240 9 9634
15212 11 24468
31196 7 20494
19276 9 25196
4874 9 19286
12188 9 21273
24427 9 30153
28011 9 12289
12289 9 12689
2435 10 11828
31064 9 11213
5443 11 24960
11044 9 16684
23384 11 22724
13048 9 5354
3604 9 14723
3046 9 27477
27386 11 21544
12383 9 28011
26785 11 30414
30742 9 25953
32287 6 31523
12587 11 14662
27400 9 28011
12362 9 520
10936 0 12047
16646 0 18431
28011 9 12689
16044 0 23670
27892 9 10796
20167 7 25761
28011 9 2708
11269 9 24868
26918 10 31127
17770 11 20844
11128 0 10177
12689 9 20942
3658 9 5430
4665 11 30654
4801 9 22990
8322 11 28311
32587 0 32767
12289 9 32414
378 10 12345
12689 9 29411
24200 11 3547
10917 9 4940
7119 11 30639
11073 0 8781
2153 0 9727
7983 5 2181
15724 11 8034
5463 9 5179
21443 0 24484
15352 0 16997
28963 0 23617
27015 9 230
4979 9 18929
7695 9 31038
28011 9 21900
27024 9 12689
25043 9 25156
9457 0 29586
28011 9 30049
4309 6 16495
28833 8 3038
14171 11 32005
30135 0 30096
18379 11 22031
12689 9 32277
32052 0 10147
12689 9 1339
20851 11 24868
16287 9 906
30443 7 16811
15579 9 18723
24839 0 3452
7659 8 22180
23449 9 98
32863 0 15428
19485 11 19157
9572 11 30016
14214 9 28600
10936 0 1085
27004 11 12882
14184 9 25222
12289 9 23268
8588 11 27295
3245 9 15242
12689 9 1326
12362 9 5834
8033 0 16071
568 0 14351
22178 0 4319
12800 11 25710
25869 0 15135
12689 9 12689
15104 10 28650
32277 9 15423
18200 0 21603
20770 9 20098
23159 9 31064
5772 0 24511
25966 8 30641
28011 9 16492
2148 9 5084
14662 0 28560
9726 6 643
12826 9 28011
27477 9 12689
12362 9 8657
9468 0 8761
30666 0 12035
10235 9 11596
8849 5 7980
9766 2 15869
18704 6 5201
5702 5 22708
26273 3 23930
12689 9 8658
24829 9 28011
12689 9 16492
7811 9 17957
3245 9 6858
1335 9 12689
22 10 19298
31966 5 16506
28011 9 4039
129 9 12362
18231 0 30405
22031 0 4255
8895 9 28011
12689 9 14691
25710 0 26366
4014 9 858
6008 2 31716
7529 0 17183
28011 9 8414
4598 0 1822
17155 11 12915
28101 8 4388
24378 9 31143
28011 9 12689
28011 9 16093
24839 0 22847
21057 0 25231
24829 9 26616
3697 9 6100
26871 11 30412
16377 9 13359
31934 9 6923
9225 9 21540
14469 11 31061
3245 9 12689
12689 9 27892
6427 11 7901
20826 9 12689
30625 11 3607
655 8 21135
3858 9 3858
2809 11 8937
14273 9 33245
21057 9 12689
26591 3 26786
186 11 11867
18183 11 28635
12362 9 26982
11702 5 23723
13125 9 12289
3801 0 28400
16492 9 24085
1648 8 29744
21221 9 28011
1112 9 8277
18892 5 2362
9457 9 12689
1829 11 28862
21370 9 4900
19452 9 28011
13420 8 20247
20745 9 12689
22911 11 22518
18201 9 8466
19690 9 12689
28011 9 23650
16044 0 26662
25147 7 23452
5284 0 17234
19297 9 7009
22919 9 3155
23781 0 5469
27341 9 10269
21370 9 21370
8523 9 9557
28011 9 12689
19050 9 5886
28011 9 17226
12689 9 22918
7258 0 30058
11213 9 9634
32499 9 32307
21443 0 8429
9754 6 30944
26653 5 20013
32150 7 27595
18269 9 32429
28651 0 12116
28651 9 9823
12592 9 28011
25647 11 20914
22250 8 10381
12179 3 13603
33259 5 22542
1699 5 11832
19690 9 32885
21956 0 25882
28011 9 9397
24547 9 9634
21026 0 31845
24829 9 31922
28011 9 21335
4317 4 11078
28011 9 11643
19404 7 9903
18907 11 28734
4159 10 25837
7910 9 32134
12449 9 16378
24630 9 28011
25959 7 24975
21812 9 28011
7143 3 13603
15039 9 29062
18269 9 19211
702 6 28470
28286 9 23449
11554 0 28456
25454 9 13131
23877 9 23877
28006 8 7075
8595 9 15984
29547 9 7910
26124 9 31942
32246 9 28011
12087 9 28011
15690 11 19766
4602 7 31825
3217 11 5119
28011 9 19276
28011 9 12289
17611 9 20325
9723 9 15969
12411 9 13359
4801 9 5742
12689 9 7329
6854 0 31665
10509 9 3534
12046 9 858
1253 5 16774
9419 9 28011
33319 9 8604
12689 9 906
32943 9 7221
14723 9 19523
8108 0 18544
5084 9 6930
32501 11 18178
28011 9 17748
12794 9 25374
18013 9 12689
7695 9 3697
23507 6 10931
7808 9 12689
9910 3 18151
18017 11 942
31304 9 18018
6473 11 14662
29280 9 28664
15741 5 9104
12016 0 11524
16630 8 14413
22919 9 27104
26110 9 2648
18072 11 3173
28011 9 18425
16044 0 29789
18233 8 4654
3269 6 5529
906 9 9823
24563 9 30564
28011 9 20958
9823 9 12055
14214 9 25681
26640 0 26569
32650 11 23005
21331 9 5440
22821 11 33046
6902 0 9244
15301 11 24839
12999 0 20493
9225 9 2375
26352 0 22612
29184 2 32457
20226 2 19499
17412 9 23159
13641 0 11646
21057 0 20975
9189 9 12689
9457 9 4801
16021 0 17560
28011 9 12383
31819 11 18331
23677 5 8765
24285 0 26968
1294 5 25091
13881 0 22338
18641 9 10509
33319 9 10336
32252 0 13428
12689 9 32582
580 9 15762
28011 9 12689
2327 9 17307
2340 0 1790
2792 4 10886
7525 11 24149
29232 0 21346
31908 9 28777
12289 9 28011
25315 9 10135
27411 11 9781
6487 6 9459
27028 9 19033
2613 11 28983
23575 9 98
28011 9 21273
17701 8 24761
15626 9 27669
31655 11 25439
23355 7 26138
30861 0 4185
28011 9 27574
2645 9 14462
8240 9 13493
3240 5 6197
9419 0 12308
21057 9 25772
4405 9 33191
2923 0 21307
13189 9 12689
14976 0 22941
22080 2 22339
16378 9 12289
12689 9 27024
12689 9 3245
20549 9 28011
29725 9 12689
27409 9 4401
7534 0 420
17197 6 24631
25794 6 24122
3885 9 1112
4801 9 21057
19464 9 6016
20073 11 16044
25222 9 33313
10132 11 16376
10235 9 12689
10197 9 12689
12689 9 4249
12689 9 18567
26319 11 15521
2375 9 12606
32386 11 1691
27064 9 31347
28011 9 26564
28011 9 29092
26396 9 28011
22534 11 15794
15641 9 31304
33120 11 15331
1514 8 7690
30301 2 5313
21057 9 9634
12234 9 4249
1074 8 31731
15375 0 18930
13372 10 6578
12689 9 12689
28011 9 9315
19732 9 28011
21273 9 30389
22482 11 15794
11128 0 19255
25888 0 28301
10535 0 28412
12689 9 32854
20898 0 1234
1743 0 17049
4249 0 23284
28011 9 29134
27253 0 26498
7280 0 19655
8549 8 5247
12689 9 1623
7064 0 13059
2375 9 15984
27892 9 24651
27195 8 15569
2792 6 9193
22488 0 19856
2337 0 17164
8657 9 13410
12689 9 16087
25650 0 4293
25874 0 25176
16646 0 16589
13551 9 12689
310 8 16317
9634 9 29267
21401 7 26001
32235 4 5221
30434 9 24878
14848 2 1186
29477 0 7952
8193 0 27912
28011 9 2708
2670 6 19389
9973 9 15419
16510 3 264
18331 9 10580
16255 9 12689
10649 10 31444
10135 9 12689
587 9 2336
15944 11 23916
21204 3 4249
9593 9 29927
16496 0 9835
8859 0 15415
32138 7 16255
4801 9 12505
28033 1 17220
7858 6 18282
6635 9 12689
27028 9 12689
12689 9 29062
353 9 28011
21574 9 11426
25416 5 26568
24512 9 28011
25986 3 28810
13131 9 7695
30168 9 15483
17963 8 1345
28333 11 6980
7808 9 31370
17962 0 13123
17111 5 20218
12289 9 12689
22463 4 24809
10479 5 1965
28322 11 29468
9297 11 587
3249 1 17340
22023 11 16636
32134 0 31171
33191 9 18737
21761 0 23915
25744 9 12689
11481 11 20732
30258 9 14241
17934 9 3354
4839 9 29725
28011 9 4905
9710 0 3409
28011 9 26124
12689 9 3227
2389 6 27127
24163 0 14794
17254 9 12689
30841 11 4525
19842 5 17493
19363 3 27656
11464 6 1234
3699 11 10827
31989 0 71
4232 8 954
14466 9 12289
420 9 12689
9634 9 1112
14731 11 10246
17254 6 25678
13832 9 22251
4043 0 8011
28664 9 10014
18269 9 3902
20226 2 20842
16018 3 25552
20303 11 29988
12689 9 17748
29637 6 25868
29280 9 8904
5667 8 27795
26111 1 14960
14976 0 17539
28108 9 5427
9421 9 7910
3231 9 23041
1728 9 3231
31038 9 11426
12689 9 29927
30414 0 7222
20426 10 1189
29750 9 3448
13252 0 18367
17226 9 18425
14089 6 8586
18269 0 13439
28011 9 20814
28011 9 5742
30683 11 17064
19351 9 28011
22982 9 25964
30444 1 17333
28591 11 9973
21892 9 28011
9321 5 32019
12689 9 7808
11596 9 12689
20894 9 26429
25612 8 3563
23239 11 18188
8299 5 11588
11584 11 15633
14508 9 21672
21863 9 28011
4917 9 2792
9162 9 12689
20925 9 28011
29041 9 28011
27013 9 25559
30917 0 22986
32309 0 31841
19938 6 31912
30512 9 13164
9500 8 15442
21824 0 13310
20734 9 12689
30655 9 12689
20844 0 3327
30869 9 25315
14233 11 13252
98 9 5997
24079 8 716
12689 9 7016
403 11 27766
25222 9 26985
22764 4 15026
8670 0 18804
25837 2 1089
17991 6 21570
31293 9 12689
25921 11 25915
15685 0 25560
15579 9 858
19777 11 16895
10220 9 28011
27389 3 2561
19938 0 3190
21589 10 31191
12781 11 14662
30114 11 23726
19814 11 31340
28011 9 17241
6100 9 9823
24396 9 17418
12689 9 12140
6100 9 8904
12689 9 27794
29100 0 5239
11186 0 16614
22164 7 12826
6314 11 967
8402 9 12196
13037 9 5795
24286 11 16859
19088 5 13973
9550 9 12689
12362 9 28011
9823 9 28011
7601 5 24348
15334 0 22144
32869 8 32022
25958 9 1115
12940 9 28011
28287 6 28096
22031 0 3042
11095 9 28540
27635 11 18766
31951 2 9639
28011 9 17552
16378 9 28011
12689 9 26442
13365 5 31405
12689 9 25220
20539 0 21237
28011 9 12689
5402 4 1447
8740 9 4249
28011 9 28480
27110 9 14214
12689 9 12689
28011 9 27793
6858 9 20513
19059 9 28011
13493 9 12689
24942 9 29927
9550 9 10092
8797 9 12689
30743 11 30049
17846 9 27612
25315 9 28011
11171 9 29793
3559 9 24527
22158 10 21987
12689 9 16838
3697 9 21021
15197 11 32525
8466 9 20521
12689 9 29020
14151 9 22018
23159 9 6926
28213 0 1860
7711 0 25320
1842 3 4555
7998 0 33024
25837 2 33069
23449 9 12689
4433 9 18737
8850 0 10022
31183 5 9932
26056 0 2158
13359 9 23878
15525 11 25613
28011 9 28011
6818 10 31785
12289 9 25559
11191 11 14645
1523 9 28011
9457 0 31432
32902 9 28011
7753 7 17254
12689 9 4633
17698 9 12009
17698 9 29616
27028 11 28777
27669 9 24829
32235 9 25902
19168 5 30356
21238 11 28928
4801 9 27794
9823 9 3619
1691 0 12142
10905 5 4106
16287 9 1331
22251 9 9174
14662 0 9672
8607 8 27810
14214 9 29700
12689 9 10779
27442 10 3782
12482 9 11055
13811 6 11959
16261 11 22724
4988 11 19973
28011 9 12689
17086 0 17064
21309 0 13271
227 9 6989
29188 11 12345
31143 11 12864
1335 9 3245
28011 9 14663
12000 0 14097
19802 8 4122
8704 8 9759
12689 9 6092
7110 9 6954
25973 9 16979
22776 11 24044
24114 11 23148
15529 7 26001
11370 0 31013
20719 8 23125
26843 4 24760
4366 11 17959
30577 5 7703
16769 0 19233
6711 9 4905
6737 0 31476
3569 9 4433
27669 9 18013
13143 8 946
9548 9 28011
1084 9 4715
6927 11 1683
29032 9 12689
26316 9 32592
11846 0 14343
9199 5 22514
4810 8 30440
23519 11 27477
13810 11 18178
1902 9 12689
15935 7 6291
10785 9 12689
16583 0 4354
29969 11 30047
30937 2 23053
9400 5 15533
29671 9 11213
28011 9 20483
6483 3 10150
12689 9 27015
28011 9 17867
6250 7 1147
4633 9 12689
8522 6 9016
6348 8 4106
2389 6 26905
8657 9 28011
19413 9 3448
13186 10 33022
12053 8 1378
20200 0 29194
32688 0 27914
9711 9 11462
29924 11 12221
6919 0 17611
32063 0 7609
1112 9 6282
26138 9 23855
17030 7 30923
29056 5 24154
12689 9 22324
14927 5 22951
32360 7 27607
8264 9 2557
6728 0 31053
5845 9 13410
19815 11 22031
16460 11 21669
29402 11 32863
28011 9 12689
18068 10 18304
3920 8 2308
14662 0 16299
3914 0 10354
20012 11 18853
16178 11 14879
5127 9 2296
21429 9 1567
3741 6 24495
6629 9 12689
26499 11 15633
30142 9 28011
21570 7 22888
12689 9 11807
19276 9 28239
31386 9 27794
20513 9 13484
9634 9 19211
17787 0 25469
28011 9 14884
4655 9 31368
12689 9 12289
31209 9 12689
20958 9 25821
19334 2 3708
8704 8 26542
33319 9 10644
7563 9 1523
32781 7 14288
28011 9 3972
24185 7 2695
20901 9 28011
4179 0 25695
11807 9 7808
9661 9 33243
12902 5 488
5742 9 12689
11462 9 15581
12893 7 25350
287 0 28493
28011 9 27187
22982 9 4185
29449 6 4578
33172 3 4249
33311 9 8456
24635 0 33128
27331 3 19728
12689 9 3271
28011 9 12289
28011 9 13460
1627 11 22810
18255 11 31343
2625 5 1351
21273 9 14530
20814 0 20107
17046 5 29921
28011 9 10200
30434 9 18670
14402 9 21826
29868 9 28011
28011 9 12689
26008 9 31393
25402 0 13214
20437 7 26014
691 3 12566
17748 9 1112
13014 11 6953
11456 9 22460
12689 9 29653
11213 9 28375
18714 9 12362
28011 9 28011
7190 0 16002
28011 9 31368
24907 9 20884
29693 5 14759
897 2 26135
17096 9 4405
20410 11 27688
13883 0 15581
19276 9 2446
14795 10 98
17389 0 24521
21591 11 16174
9509 9 4619
329 0 11800
21369 7 9397
26266 0 31614
19059 9 28011
5542 0 28159
17307 9 23252
28689 8 4463
7369 8 25471
28011 9 27844
23422 5 10040
21027 5 10481
27425 9 12791
29239 8 4157
28011 9 12689
9634 9 19211
21454 9 12689
27703 9 28011
5607 11 22724
31181 9 26564
30580 11 1735
12521 0 957
98 9 31368
27517 0 18782
21370 9 12689
5742 9 5742
3405 9 21908
23413 0 24658
9634 9 12689
26342 7 20224
9859 11 26632
10220 9 15017
10569 11 15160
29430 10 28375
9729 11 25472
26008 9 12689
8187 9 12362
4385 11 20279
12362 9 21257
12689 9 4633
13485 8 13142
2655 5 20557
9634 9 3886
16468 4 4591
21915 9 27798
10199 6 6169
3947 8 284
18290 8 6529
13465 0 15579
12289 9 12689
27111 10 8002
12689 9 8402
31337 11 18860
1944 9 30434
30639 0 5388
27892 9 28011
12689 9 24427
28136 9 14032
9832 11 11132
15349 0 26702
12689 9 22522
15690 9 6288
28011 9 12689
8789 10 25837
18074 5 22746
19372 5 14821
32629 0 14376
21662 6 27371
30963 0 31203
12289 9 12689
12383 9 12689
31710 0 30634
15188 5 19001
18013 9 17226
32204 9 3954
30342 11 25633
9419 9 4694
20513 9 8523
4039 9 2337
12451 3 13314
32259 11 32977
24299 8 31014
26266 0 275
12791 9 22757
12521 9 6926
29608 9 21672
31565 5 22198
6661 9 3972
3239 8 1432
19933 0 1801
28011 9 27024
28011 9 12362
20878 9 21900
32574 11 1251
17393 8 737
11957 8 11958
9334 11 30942
1714 9 24829
24829 9 21331
33319 11 16717
25807 0 17070
4249 9 25196
21742 11 18946
16503 0 31685
16190 11 2558
12689 9 16121
27953 9 22729
16895 0 22827
26644 11 9263
31946 9 3004
31075 9 9823
29130 7 2792
24829 9 12794
11213 9 21257
25400 9 6908
11426 9 27024
28011 9 3336
8409 9 12689
31128 8 26447
22449 0 5279
27187 9 12289
12689 9 31946
8061 0 21564
25478 3 18073
14663 9 28777
29616 9 15393
12060 0 16850
24468 0 32645
3901 8 30201
8530 0 32127
21251 0 14181
22406 2 30235
12689 9 13048
20627 3 29977
16354 0 11563
31946 9 12689
2938 9 12689
24829 9 25315
16204 9 12689
3354 9 23852
15289 9 1623
5410 0 8956
27660 9 27200
29328 9 19690
13697 9 12689
28011 9 3245
98 2 24164
18698 9 23466
9622 11 23516
10846 9 30625
371 5 25227
6853 8 21929
29100 0 16745
12689 9 12289
30115 9 28011
9634 9 839
19732 9 32885
12046 9 29637
1890 2 15410
28011 9 15695
26992 1 25229
7808 9 27892
25417 2 3437
28011 9 29547
13485 8 30484
1310 0 4373
28043 11 9669
7794 7 32875
13236 9 1115
30387 9 1112
25111 11 25253
12689 9 10227
17589 10 18471
27316 0 1889
30521 3 4249
6724 5 657
3914 9 9652
29927 11 24031
12723 7 29454
16121 9 29086
7452 9 21908
3009 8 33012
900 5 23740
13035 9 7939
22599 8 22226
2708 9 8402
17982 9 28507
9634 9 10860
31219 10 897
26273 7 8766
9698 8 26836
19276 9 12289
28784 9 19296
15273 9 12689
28093 0 16667
28600 9 13874
23524 9 11271
8759 9 28011
27015 9 18471
9285 0 5717
2336 9 27386
13409 9 6118
29608 9 12689
12689 9 28011
20496 5 24583
16121 9 30915
2712 10 9915
28011 9 23877
12905 11 3953
2254 9 13463
28195 11 13487
12689 9 5995
25582 11 4997
7184 6 6570
24851 0 10036
1112 9 31893
9309 6 20447
31322 11 2340
23490 9 28011
27660 9 4039
9291 3 20884
7493 9 12689
27364 11 26633
2612 8 29223
7602 3 31075
897 2 13622
12605 0 13628
7651 9 11205
15969 9 7329
4801 9 13739
22183 9 10817
10488 11 31869
15815 9 28011
906 9 7519
25770 9 10893
5418 11 28651
17748 9 12689
28011 9 33319
2887 11 25070
2641 9 12689
14411 8 277
2909 11 10535
28011 9 28011
16496 0 10665
3615 0 19934
27284 11 29657
9340 11 20779
4014 9 5157
28011 9 25084
12689 9 32660
1652 6 6679
8214 5 24671
24691 8 2209
12689 9 12689
12689 9 6297
3649 7 4825
19384 9 25599
15489 9 14289
9823 9 28011
13279 8 11011
8473 9 28664
18614 9 5463
19211 9 5618
15289 11 17114
31689 11 6842
20237 0 13156
22958 11 25472
8493 11 9892
15187 11 11911
11985 7 536
28011 9 22018
15180 0 24181
13848 0 25032
11132 0 3058
78 11 6883
24557 11 31462
28011 9 3072
8595 9 12121
5637 0 24312
5481 9 32554
12121 9 12289
24022 0 3687
11462 10 20759
12689 9 11280
10960 5 20973
17520 10 4712
28063 9 10038
20744 8 7085
12689 9 21257
33305 0 172
13739 0 2983
20359 0 11597
1861 9 9634
2191 9 21287
2375 9 32673
9149 9 3506
12689 9 27466
28011 9 27892
1449 8 14941
9634 9 20019
5742 9 4532
27845 0 31607
16606 10 897
22251 9 18453
29220 11 29
9634 9 1112
20612 9 28011
12289 9 12689
28011 9 16838
14032 9 26920
6617 9 28011
15602 0 18056
24154 8 18104
17900 11 779
2446 9 28011
11736 2 23322
30337 9 26097
28011 9 16378
25006 3 12151
27991 0 9623
10566 0 18031
12689 9 28011
28011 9 6902
28011 9 26699
10557 11 1301
8110 0 3577
14897 11 32440
29411 9 9820
29894 1 13640
5287 11 24839
27477 9 16378
14462 9 26758
12689 9 12289
13989 9 28011
20511 0 7711
10975 3 16838
12689 9 227
28011 9 23449
29637 4 18887
20232 11 8315
17523 8 27759
27983 10 6008
30797 9 12289
8670 9 4077
12689 9 28723
12689 9 12289
28011 9 24696
1500 9 16968
28011 9 9419
10067 6 12108
23781 0 14128
12208 8 21470
18013 9 28011
12689 9 1567
16968 9 9552
5992 8 29058
12689 9 3169
420 9 12289
16599 9 11130
32863 0 7407
7651 9 30024
3837 0 27008
3914 9 23390
17919 9 8264
28011 9 12689
13444 11 30666
28011 9 30168
14723 9 3924
607 8 24292
12689 9 28011
23943 11 9167
14462 9 12289
846 6 25515
24514 7 25635
20244 0 23058
17576 6 23295
24285 9 16161
29953 9 28011
13048 9 28011
4039 9 9557
9509 9 9285
9669 9 9550
2774 3 4249
4009 11 21753
12689 9 26008
23851 9 27015
16843 3 19728
13532 9 29088
20474 3 13493
12689 9 19216
4543 0 12914
5456 7 31616
4249 0 10903
16121 9 14854
9455 11 16402
13659 6 24600
3163 0 9008
12149 9 23642
3257 10 30301
30204 0 7418
28011 9 15379
7971 5 17097
33311 9 10235
12689 9 6721
14662 0 20577
9073 9 7651
12689 9 4743
11244 5 24798
12689 9 28063
20143 5 14549
16875 11 25070
29411 9 22251
4910 5 3657
2375 9 8402
16684 9 13423
28011 9 12689
31075 0 1464
16832 11 20039
13789 11 20795
6950 9 33251
13048 9 2336
30209 9 33245
14214 9 31946
25070 0 2404
6118 9 28011
6008 2 7830
24829 9 25315
32522 0 7056
9419 9 26036
1649 11 12845
28011 9 1084
5665 8 1174
12689 9 8595
25562 9 27844
33177 9 7910
17934 6 28720
22199 6 25017
2221 5 20175
3620 7 15913
23490 9 28011
21902 11 12411
9105 0 21640
24560 5 4450
30360 9 12689
26610 11 18269
15352 0 1946
21321 9 17139
9634 0 18053
587 9 4839
28498 8 28900
28011 9 1952
32047 9 26483
28011 9 16093
2680 9 9756
28011 9 353
23598 9 2501
25083 0 29279
18916 7 5486
1383 11 20160
7611 11 20844
7131 9 20800
19732 9 11016
28011 9 13471
1795 7 28058
11462 9 12689
19763 11 16432
4122 5 19802
10252 9 28011
16968 9 9438
6835 9 26982
16767 6 8586
28540 9 6250
13739 0 9816
18414 9 22183
29111 11 10227
29576 5 13485
28011 9 23490
12035 0 23638
9356 0 20465
31278 7 15393
9181 0 16636
30434 9 12689
18714 9 2792
13551 9 28011
15312 11 29673
28154 3 26124
16262 9 8595
26886 7 678
12689 9 29793
28011 9 282
12289 9 31065
7711 0 2244
13603 0 32220
10478 9 21875
7131 9 12689
16194 11 27806
31240 11 20768
7473 11 15016
25841 2 25061
6112 9 3169
30666 0 29821
30639 0 8802
3697 9 16093
21863 11 31563
2375 9 15367
22870 7 534
17906 0 16478
32997 3 13603
21908 9 30797
9441 11 28482
18737 9 18013
12289 9 23746
6950 9 12689
28011 9 12689
12689 9 28011
1024 5 4288
16044 0 6134
31794 6 468
4249 0 22906
28011 9 24098
4212 9 9285
26377 9 29968
2375 9 12689
2924 9 28011
28011 9 12289
31667 9 12689
28011 9 6919
12015 0 31563
22103 11 5983
16435 10 6437
17463 9 385
12362 9 8456
10061 3 13493
31951 2 28144
1264 2 17304
12289 9 24293
10596 9 11280
21273 9 9634
18760 9 27794
25554 9 20913
28011 9 18162
12689 9 25902
31934 9 6954
32146 5 31834
8473 9 21672
28172 11 30939
4170 11 6537
32060 0 17819
7695 9 28540
23742 0 2403
2933 9 12689
31015 0 8406
3448 9 21672
7145 9 15816
29038 9 32592
22427 9 28011
28011 9 21057
25963 0 15537
27821 9 11807
31777 11 12882
20325 9 2375
27682 11 28805
4748 9 28011
24011 0 13774
10509 9 27226
16684 9 2938
9509 9 7223
24795 11 17629
20610 9 5901
4249 0 507
28011 9 12689
7131 9 28011
12689 9 13127
8449 0 15701
2590 9 15349
7131 9 28011
19344 5 2183
28633 9 23855
17604 0 27947
19383 9 12689
28034 11 22969
18740 0 3498
7593 7 23144
3266 7 23121
33313 9 27104
9711 9 11942
26909 4 317
23877 9 17789
4743 9 12689
32400 11 1988
23677 11 24839
2776 11 27015
25795 10 125
25953 9 10790
23824 9 28011
32501 9 28011
6980 9 23066
31251 8 1542
8409 6 2505
12516 3 6635
14485 9 13314
23449 9 22565
19742 10 23299
20166 5 23799
28413 1 8240
21964 8 23934
14530 9 7147
28744 9 211
16014 0 31710
353 9 27477
10456 9 30797
29637 6 7470
12566 0 691
12794 9 23266
4496 8 31681
20019 9 25772
12689 9 30327
14530 9 21273
698 5 22587
3814 3 16019
7910 9 14214
9515 9 28600
31946 9 8968
5521 8 3810
31191 2 31526
7866 11 26209
12689 9 25514
32216 0 8135
14613 11 1735
24586 9 30194
28011 9 26855
7131 9 28011
28011 9 5995
14105 10 15650
26981 9 15003
13131 9 4014
28708 0 25639
27485 10 18471
17867 9 17867
20698 0 18459
28011 9 33251
32885 9 28011
13854 9 28011
15160 0 13749
9634 9 28011
13493 9 12689
28011 9 23851
18293 11 24763
29978 9 33197
28892 0 31170
3955 9 21273
7793 11 24839
4269 0 7750
7178 0 31568
19208 9 17867
30981 5 13032
6578 9 17950
1112 9 28011
23336 7 1365
13493 9 12689
18737 9 12689
8009 9 18193
2767 11 29529
10796 0 3821
16354 9 21335
17957 9 28011
13158 11 23481
26124 9 17463
8656 0 26694
21826 9 12289
20894 9 28938
11234 0 26656
13210 2 25763
8514 9 3955
12962 9 17139
15453 0 7463
12882 0 26625
20734 7 175
3697 9 28061
26124 0 20913
18626 11 17962
12580 11 28692
28325 11 20844
12689 9 18970
28011 9 13989
22298 0 17037
18714 9 13444
13714 0 7525
29092 9 12689
29167 1 31383
12689 9 5276
3569 9 8407
11417 8 21113
12689 9 23449
28011 9 30674
762 0 10120
6288 9 12689
6173 9 22606
9509 9 6297
18135 0 26296
18871 6 25571
27028 9 5084
13196 0 4124
32108 9 23824
32235 4 24268
4440 8 33000
3717 0 16993
28011 9 9154
10960 9 17934
19722 9 9309
22460 0 12994
25837 2 24326
30757 11 11844
15706 11 12882
30348 11 28020
12689 9 5420
28011 9 12689
23590 11 29106
25070 0 26174
19217 0 23226
4089 9 25141
12689 9 13131
8930 5 20192
12689 9 30151
22931 11 21981
16917 5 8173
27003 9 12689
20090 11 21309
25417 2 9468
19967 11 15602
1610 11 8523
14776 9 17748
1567 9 98
17906 9 9020
10907 9 12689
12689 9 9194
32060 0 4812
18633 6 11319
14423 7 16792
29012 5 9416
32235 4 8135
21363 11 16295
9380 11 6173
4182 0 4770
25454 9 13131
20770 0 2317
12689 9 25197
32840 6 32316
4801 9 12289
18699 9 28011
20770 9 22257
32706 7 6344
27794 9 9273
25985 9 24093
13712 11 8850
31569 1 7902
14773 6 9758
9149 0 18951
28011 9 28011
3470 0 25929
12689 9 23855
27385 5 30781
18670 9 33311
4828 8 7141
25070 0 11887
7421 9 29038
5256 8 33275
5729 8 17094
14251 0 18086
9225 9 10907
29411 9 9954
13249 9 4655
11531 0 23541
19033 9 25833
6484 0 14659
12289 9 27660
16156 2 15793
19902 11 30797
22174 3 33311
12689 9 12345
22374 5 8182
12449 9 10796
30360 9 18013
8035 0 672
6206 0 3766
29209 0 5648
17884 9 11886
30077 0 30739
20011 9 12689
11106 9 12362
25386 9 13127
20677 10 11736
31488 8 27213
9416 8 21567
28011 9 21273
31946 9 19025
12689 9 22036
28011 9 9078
7158 11 1216
8850 0 23479
2391 9 19050
9501 9 16301
8514 9 8514
28011 9 2375
12689 9 26564
3955 9 12689
29177 0 20927
5402 9 12689
7563 9 1112
28011 9 8240
16968 9 5440
16700 0 26341
28777 9 16309
12689 9 7190
22475 9 31922
22066 11 18876
28157 11 17017
23855 9 12689
17698 9 7808
24786 5 11284
28011 9 24860
8224 11 3830
23519 9 9634
8863 5 22077
15178 9 28011
14317 0 27800
11367 11 3374
30669 9 8322
3231 9 28011
26756 11 6427
2643 11 423
28011 9 12689
18013 9 20878
8729 7 15943
21983 8 19926
28011 9 12689
15483 9 12689
20160 0 11252
720 6 21905
1033 5 17393
7062 7 31580
25070 0 26256
28946 9 23770
25514 9 12689
15349 9 10110
25803 9 28643
24608 8 28212
22064 9 14184
20491 0 19790
6927 0 25232
7910 9 4866
3169 9 28011
3914 9 24023
26255 9 30941
5157 9 5157
15450 11 2479
18084 5 20216
12579 0 12177
11148 9 28365
20635 11 15650
13864 0 21086
31555 11 8580
22100 11 17256
32040 9 11426
28011 9 8767
2378 11 16870
9742 11 19825
28018 6 21810
9225 9 26877
18768 0 17630
14214 9 31785
19420 9 98
15039 0 25826
23252 11 8355
6179 9 12689
4489 9 28011
1497 9 6100
22982 9 28011
98 2 1876
13397 11 22809
16737 9 24449
20652 0 1408
13384 9 12689
25710 0 28498
7155 9 28011
6811 8 24221
13131 9 12689
28011 9 23575
12689 9 20698
6537 0 17483
26363 11 9518
6100 9 12689
1112 9 12289
4801 9 5465
4637 9 12689
12689 9 12362
8011 9 8402
9220 3 28400
28011 9 4905
24268 9 18976
20917 9 27110
12289 9 4801
28930 9 28011
12689 9 3697
8721 11 27247
28011 9 17748
26442 9 12289
18455 11 4642
21672 9 8514
18013 9 32138
12689 9 21437
21273 9 10183
297 8 3100
16617 0 19338
22402 3 13493
16222 11 4124
11417 8 17207
8473 9 5465
32215 9 12689
23148 9 23877
4469 0 2351
31286 9 5639
24126 0 20212
21021 9 18013
32897 9 21672
14214 9 10907
25224 5 5518
18620 9 7948
28160 9 21667
1173 9 27844
2491 5 585
19315 0 7755
13131 9 20942
5618 9 12627
29925 8 31275
24284 9 27794
7711 0 14152
4801 9 5465
19600 0 14231
12362 9 18013
21595 11 7634
2396 9 29346
27052 0 14852
27295 0 18295
12689 9 33319
12689 9 28011
12689 9 18929
21956 0 24854
12537 11 33032
24238 6 22451
18936 9 21907
26651 9 18616
12000 9 19211
30147 10 20226
4840 5 27185
28547 1 31383
858 9 1115
16378 9 4804
22296 9 4801
16378 9 16097
7821 11 17181
21634 7 21839
31645 11 7311
29821 9 33191
19465 11 16963
12689 9 4905
29725 9 4014
11462 11 9419
28412 9 9973
25489 0 28831
32235 4 13473
3972 9 22237
20894 9 33311
277 5 14411
13525 9 25678
17119 0 16135
6100 9 12115
6936 11 27953
3334 11 30842
28011 9 18471
6009 11 21540
4743 9 28011
28011 9 30258
27015 9 3697
7284 9 28507
15295 0 27398
22282 0 6484
3697 9 12689
28011 9 28438
5300 11 11701
30372 11 22606
19259 0 23073
240 0 25524
29735 7 28638
145 0 22861
14662 0 5075
10025 3 33311
30384 9 28011
4801 9 31017
28011 9 27892
3368 0 7926
31123 9 16902
1635 9 10197
14530 9 30049
5402 6 14392
30554 8 15027
26793 9 2680
15732 9 8807
4154 5 10430
21262 11 2498
17519 9 14530
26036 9 5084
12689 9 12289
31393 9 12689
1112 9 18737
17315 9 20920
4917 9 12472
10998 5 17993
11918 5 4505
2420 9 2254
3004 9 15969
98 9 28011
6919 9 4406
18540 11 1691
3697 9 12689
21331 6 10540
19130 9 31782
16044 0 14779
6414 9 11426
26249 11 26203
13131 9 3955
14879 9 28011
26983 11 6484
14363 9 7110
11695 10 11828
27389 9 25337
22234 11 18580
12689 9 27223
23781 6 1170
31946 9 7436
31909 9 11156
27566 9 12689
28011 9 3912
23219 5 25606
23779 6 30712
6949 0 19591
16449 11 25710
5630 11 13697
30434 9 1728
12689 9 24829
2972 9 28011
13086 11 29891
21669 11 25073
12689 9 12689
12689 9 12289
31793 2 19871
6118 9 16309
6274 5 1556
12689 9 12689
12689 9 28011
21892 9 27821
12689 9 1721
6908 0 1591
28011 9 3619
8525 9 10381
7677 0 15736
25315 9 28011
19294 0 7176
5742 9 5742
17826 11 27443
31451 9 98
5947 11 6456
12689 9 12362
5538 9 788
31113 9 27477
12087 9 12689
26831 0 15329
28472 10 20226
6635 0 23945
16093 9 28011
13933 11 30639
4335 0 33123
30441 11 15031
19969 11 18306
29482 5 2825
2569 9 12362
14817 0 11017
23073 11 19259
6635 0 4404
14533 11 14679
30425 9 16600
20226 2 27611
4710 8 4203
9662 10 8988
6818 9 3972
23449 9 8936
31075 9 6100
9907 10 16156
5697 6 29196
21381 9 98
5961 9 9329
15047 0 1040
32592 9 8763
12362 9 28777
17884 11 9262
22660 11 14480
6678 0 33235
32553 9 12689
21575 9 12689
24600 11 13632
14584 7 21524
29702 11 2033
23433 11 13719
23466 9 27187
11961 7 7453
13359 9 7808
3092 5 27351
6100 9 18988
28102 11 30550
13956 9 14480
19452 9 4900
24573 5 27291
22127 8 2611
28011 9 30258
30826 9 5762
14308 0 17284
13697 9 15273
1084 9 587
32918 5 20916
5906 9 31710
30301 2 4929
28011 9 32106
3888 11 24023
32074 7 12810
17548 11 22031
15764 0 25918
1691 0 10304
8811 9 16880
3962 11 30941
28766 0 21650
3223 11 10360
25554 9 9285
8820 7 5157
20553 1 12246
16556 11 14001
15487 0 27440
16684 9 13469
6414 0 21006
7808 9 28011
16737 9 12289
26564 9 10596
4003 11 13252
12689 9 30758
32235 4 2468
8614 11 9128
29864 9 12689
