33330 12
17063 9 4801
10132 11 16376
13013 6 24952
26686 11 30639
21948 9 9711
24795 11 17629
3231 9 27466
22303 0 10498
14032 9 26920
25141 2 28585
22463 6 26903
12689 9 25715
16309 9 13856
10883 0 31942
25514 9 17063
11016 9 9809
19372 5 14821
25315 9 4801
3589 9 28011
5538 11 9419
3257 10 30301
17548 11 22031
7695 9 12289
23433 11 13719
19777 11 16895
11646 11 7681
24691 8 2209
25222 9 33313
28011 9 13471
30985 9 23855
20805 0 2893
27179 11 30922
22511 5 24154
12505 9 31393
18567 9 6913
28011 9 3072
28160 9 21667
16630 8 14413
9457 9 30049
4598 0 1822
12689 9 12289
3354 9 23852
28011 9 13460
1497 9 14551
5465 9 4532
12689 9 12689
1890 2 15410
8402 9 13102
27187 9 24517
17698 9 21984
438 0 24615
29950 3 6943
26966 11 25070
11016 9 7183
28892 0 31170
24614 0 28664
20555 9 3308
17321 0 4615
25347 8 29002
15764 0 10211
11417 8 31152
98 9 12121
24911 11 9285
3914 9 24023
28011 9 16838
23799 11 2832
3040 9 3354
13603 9 2375
25400 9 6908
32309 0 31841
3306 11 13185
28011 9 33319
32235 4 2468
16895 0 13374
31251 8 1542
6882 11 24653
19815 11 22031
30578 10 8660
16377 9 25504
19259 0 23073
18013 9 2402
22958 11 25472
11148 9 471
12689 9 18714
12289 9 6503
19404 7 9903
27104 9 27844
16378 9 16097
5179 9 1790
8657 9 13410
20399 11 24951
28011 9 27892
16287 9 33313
10949 6 17747
23855 9 16093
1721 9 8240
22674 0 2387
10830 9 12689
33112 8 11185
33319 9 8604
6818 10 31785
2728 11 8409
6916 11 2385
1635 9 5674
20826 9 12689
21489 8 1011
29725 9 16684
7808 9 27892
12516 3 6635
28692 0 12190
28011 9 7223
3914 9 4185
16843 3 19728
30743 11 30049
6737 0 31476
3245 9 13359
12689 9 5276
20226 2 27611
18135 0 26754
12791 9 22757
13232 0 2661
2337 0 17164
32235 4 22932
17560 0 7205
26970 11 14662
1282 0 31205
19211 9 8595
32191 5 9163
27892 9 24651
3697 9 12689
21331 9 5440
10062 2 11894
1101 0 11137
2750 9 16287
18013 9 20878
11264 0 31687
4647 9 4132
14976 0 22941
10780 11 15016
1829 11 28862
15178 9 28011
25070 0 26174
5868 9 25156
9284 9 14815
16121 9 14854
24108 6 24199
12000 0 14097
12689 9 27892
1861 9 9634
18737 9 18013
30723 10 20226
23146 11 948
29561 11 1529
18723 6 28327
8523 9 5440
10846 9 33191
2375 9 28926
1002 9 15136
32215 9 12689
6422 11 16750
12689 9 21388
8595 9 32660
30892 0 430
6118 9 28011
9621 7 10949
12707 11 31017
31886 3 25171
12689 9 32660
14184 9 11168
6936 11 27953
27844 9 12180
14723 9 19523
6180 0 29922
23285 11 16809
27910 0 14230
28946 9 23770
16378 9 28777
31785 9 12689
16138 5 4666
24176 7 26172
16598 0 20711
18714 9 13444
7119 11 30639
30374 11 13316
20912 0 844
28784 9 19296
23239 11 18188
17501 0 6927
31143 9 28531
510 6 17809
7110 9 29209
30869 9 25315
15104 10 28650
2041 9 12689
4269 0 7750
32629 9 2938
7008 9 9475
16399 0 18291
25869 0 15135
8414 9 13236
15632 6 9345
12689 9 3619
28011 9 10904
8409 9 12689
32499 9 32307
20012 11 18853
31370 3 6635
10569 11 15160
28651 0 12116
30666 0 29821
6537 0 13887
26148 9 2708
536 9 21574
14363 9 7110
28011 9 7651
7314 9 2875
7821 11 17181
13131 9 20942
26298 9 29009
22031 0 8716
15633 0 5050
16684 9 12689
13493 0 15199
12689 9 5995
4240 11 838
28379 11 14470
25111 11 25253
6100 9 31979
12873 6 14734
11213 9 21257
4801 9 21057
20878 9 21900
2153 0 9727
846 6 25515
682 0 31778
28011 9 21273
8343 5 25418
13211 11 8521
9438 0 16259
12689 9 4905
32863 0 2931
23020 8 28465
26036 9 28650
8473 9 28664
28011 9 12689
18565 6 6248
12940 9 28011
7326 9 28011
12635 11 21102
12289 9 4801
28689 5 6853
28011 9 27844
20553 1 12246
5491 9 2694
28651 0 3695
16093 9 28011
12289 9 12689
10790 11 650
31946 9 8968
12795 5 4716
29239 8 4157
15579 9 858
31946 9 13551
5447 10 20226
25156 9 12689
13493 0 20024
23490 9 12689
2712 10 9915
18084 5 20216
18081 9 28011
25136 11 15633
13989 9 28011
7131 9 12689
3231 9 11193
2391 9 29411
32278 9 19059
12689 9 12689
12689 9 3769
11685 3 28866
4840 5 27185
28011 9 12689
12362 9 18013
16057 5 20432
28011 9 12689
12121 9 25461
18626 11 17962
14308 9 22518
16142 11 10770
11605 6 13235
12689 9 13466
16121 1 16770
18455 11 4642
32809 7 13029
1337 11 1691
21369 7 9397
8108 0 18544
24517 9 29009
30443 7 16811
27115 0 11621
12965 0 11183
6002 11 31826
10557 11 1301
26983 11 6484
18605 9 12689
12689 9 3169
21273 9 14530
8759 9 28664
22792 11 10994
13086 11 29891
6635 9 12689
22660 9 19081
18799 11 15489
20734 7 175
17254 0 28079
21908 9 8936
27187 9 14458
30861 0 4185
28011 9 32414
8947 11 14900
12689 9 10907
17054 9 27892
23766 9 28011
32098 11 18918
1024 5 4288
12689 9 1567
9910 3 18151
22449 0 5279
29117 0 9721
25229 9 4205
7910 9 27015
28011 9 30049
3039 8 4710
7808 9 31370
25807 0 17070
18698 9 23466
1201 9 26298
18704 6 5201
19079 0 26265
12689 9 28890
29411 9 9954
24514 7 25635
28011 9 31113
9634 9 19211
29062 9 8703
32052 0 8112
20652 11 25633
28011 9 12495
14418 0 21637
2491 5 585
12689 9 29020
1189 6 15549
23775 9 9104
32063 0 30212
27295 0 18295
1532 0 12778
12060 0 16850
5318 8 31504
6100 9 9823
11213 9 28375
6950 9 28011
20325 9 10796
19902 11 30797
28011 9 4039
26124 0 4648
11918 5 4505
9105 0 21640
26092 5 29192
29500 6 14369
13551 9 28011
23177 11 24254
4039 9 2337
28011 9 27669
25837 2 1089
32640 9 10509
6908 0 1591
4700 0 4054
21672 9 9823
28612 11 21801
28011 9 17552
31989 0 21773
16044 0 29789
24891 9 2792
21335 9 16538
4440 8 33000
30372 11 22606
7810 11 27520
10481 8 28771
5157 6 18074
6927 0 25232
22982 9 13894
32277 9 4743
9370 5 24154
2254 9 1220
5050 11 15047
28011 9 23650
20851 11 24868
3354 9 31946
17149 8 1472
18829 2 10750
31909 9 11156
25141 2 14123
4249 0 2372
31793 2 31819
1803 3 2759
24630 9 28011
536 0 15877
20698 9 18740
5287 11 24839
4003 11 13252
7858 6 18282
12383 9 12689
5081 10 30301
21981 0 28436
16021 0 17560
25615 0 26821
9545 11 25600
12689 9 24547
1112 9 28011
5284 0 17234
26982 9 12689
16044 0 6134
12689 9 32951
12689 9 7926
32522 0 7056
32636 0 24473
18540 11 1691
21083 11 28639
1112 9 8277
8240 9 9634
10199 6 6169
11177 8 22349
15295 0 27398
6635 0 23945
2762 11 24547
16378 9 13037
21221 9 2375
19799 9 28011
19683 3 27576
8214 5 24671
21317 6 18020
20167 7 25761
28011 9 22251
29953 9 28011
5880 9 19369
5465 9 12689
16097 9 8904
22296 9 4801
24907 9 20884
19255 6 19084
33311 0 24223
11171 9 29793
8759 0 15261
30683 11 17064
24378 9 31143
906 9 9324
21680 3 21443
28506 9 12689
3230 5 30416
27295 0 16353
22296 10 19722
31123 1 23370
1699 5 11832
19130 9 31782
27566 9 12689
25803 9 28643
28011 9 28011
19732 9 11016
28482 9 1944
13800 5 5521
27466 9 13493
14308 9 16832
32544 7 23090
11395 11 21074
28011 9 30669
21669 11 25073
11101 8 29929
8029 11 30187
28011 9 6635
8397 8 12022
12362 9 3354
8595 9 3206
11695 10 11828
5068 0 31861
3741 6 24495
15338 0 20928
13037 9 5795
1112 9 13625
9356 0 20465
12689 9 10779
9531 9 9262
29725 9 27892
18714 9 12362
3954 9 16363
12689 9 25302
25337 9 906
17463 9 385
31065 9 14703
12689 9 21574
18294 3 13493
28011 9 18471
26778 9 32272
240 0 25524
12962 9 27046
7529 0 17183
27669 9 24829
28011 9 16378
21331 9 3914
23967 9 5238
25324 6 32122
21892 9 28011
4089 9 25141
2909 11 10535
9276 0 9713
5538 0 32602
20513 9 8523
876 0 29131
13048 9 33313
12689 9 28011
15295 0 12557
24547 0 21310
4249 0 2716
20744 8 7085
2296 9 28011
17709 11 9254
33191 9 10235
13939 11 27384
9826 11 7688
16449 11 25710
8935 9 24860
30435 0 7115
18983 6 28922
9839 0 10332
13578 9 18013
8595 9 12689
4018 0 10697
5521 8 3810
30300 5 1449
28154 9 31285
6835 9 26982
6008 2 7830
8402 9 18013
12689 9 29062
8466 9 2708
29318 9 32570
21428 9 12689
32277 9 28011
21908 9 3937
16222 11 4124
12289 9 12689
17119 0 16135
12362 9 28011
22251 9 9174
24560 5 4450
17226 9 18425
29205 11 14000
22504 0 23563
32595 3 27536
13107 11 30188
6112 0 6931
23855 9 13697
15650 2 473
20227 9 29547
4727 11 21201
32146 5 31834
1580 11 6572
22866 5 28990
5961 9 9329
32235 4 11773
11531 0 23541
21464 11 9892
28281 8 25382
13131 9 28011
12689 9 7016
12689 9 28011
14662 0 18038
31667 9 12689
19399 9 7329
15047 0 7707
16524 0 9557
9455 11 16402
27660 9 4039
4532 9 875
9754 6 22248
28651 9 9823
13252 0 29330
19828 6 8586
4536 0 19937
28011 9 9509
19984 0 32570
27844 9 8904
6702 1 16713
1204 9 2137
28011 9 22576
7896 3 13603
21429 9 1567
28698 11 29429
16537 10 26469
24303 10 25841
9823 9 3619
17307 9 32852
12689 9 27223
7184 6 6570
4801 9 12505
6786 9 12689
23488 9 12689
33191 9 6902
28011 9 28116
29820 9 22073
20612 0 31519
1795 7 28058
2708 9 8402
19211 9 26315
23490 9 28011
18293 11 24763
8355 0 9817
26111 1 14960
14736 0 22668
5402 9 12689
6032 9 28011
19377 0 18397
30554 8 15027
30414 0 20839
12289 9 12689
18269 9 3902
14402 9 2933
5742 9 5742
4968 0 26265
31478 0 32188
12289 9 12689
24403 3 4182
28101 8 4388
4801 9 29140
155 0 26552
4496 8 31681
12689 9 7808
6112 9 28011
596 10 24213
17086 0 17064
8311 0 9344
28011 9 12689
11193 9 14892
4801 9 5465
186 11 11867
3709 9 12689
2113 0 13829
28102 11 30550
3569 9 26920
11423 8 21845
19391 11 13714
9500 8 15442
21824 0 13310
1112 9 6282
16895 0 22827
17519 9 14530
12523 5 20985
13127 9 12689
15626 9 27669
32037 6 32037
27485 10 18471
16955 5 25248
13314 0 32903
31211 0 7935
7239 9 13189
24547 0 12909
32898 11 3612
29721 0 10352
19969 11 18306
24860 0 24605
13832 9 22251
32585 7 4165
27669 9 18013
4346 8 20660
12188 9 25195
19690 9 12689
30083 0 26183
19568 9 28011
11454 10 30301
23986 0 8180
4772 9 12689
12289 9 28011
15408 0 19182
19122 0 19122
25113 0 14118
20698 0 18459
32997 3 13603
11195 9 12180
148 5 20557
12030 9 181
4049 9 28011
17802 11 20212
13236 9 29998
9420 5 1594
6008 2 17733
16378 9 26429
25612 8 3563
12036 0 20798
5742 9 5742
25554 9 20913
20244 0 23058
21529 9 31979
29559 9 28011
9225 9 25993
4094 3 16838
98 9 31368
31793 2 19871
31782 9 28011
4801 9 13280
8705 7 31080
16462 11 16044
12689 9 792
12689 9 19211
26982 9 1112
28011 9 20917
27297 0 18488
27341 0 14730
12689 9 28723
7980 9 12689
5665 8 1174
3269 6 5529
16838 8 14214
12689 9 23852
578 0 7268
7554 9 12689
28011 9 23575
29280 9 8904
29167 1 31383
12689 9 24427
15887 9 12725
31951 2 9639
12689 9 9634
5607 11 22724
32592 9 18426
19897 0 20161
12689 9 12689
7989 11 4646
31183 5 9932
21826 9 12289
21908 9 12689
6805 0 25313
13048 9 5354
6008 2 29417
29177 9 12689
24557 11 31462
17611 11 4375
28011 9 7131
29549 8 28717
13587 0 14228
26148 0 32880
16691 11 14789
28011 9 11725
21021 9 18013
28011 9 25084
29382 11 22296
6811 8 24221
12689 9 16121
9756 9 21192
4694 9 13493
25416 5 26568
24290 8 21481
15424 0 8206
236 11 18731
30598 0 29076
24512 9 28011
30826 9 5762
23336 7 1365
20906 9 11193
1691 0 10304
4014 9 33313
12345 9 12289
21401 7 26001
4212 9 9285
25478 3 18073
27011 7 4896
31923 5 25941
24955 0 19986
11497 11 17256
12826 9 28011
24891 9 12689
30335 5 2105
7272 9 26982
33244 9 28011
28011 9 28480
28011 9 26564
13228 9 24547
19938 0 23597
12289 9 12689
9509 9 9285
2396 9 29346
2128 11 32863
7808 9 12689
1006 9 19568
30281 0 11081
14345 8 32608
16121 9 30915
5300 11 11701
25205 0 23993
3972 9 4014
22031 0 23556
28011 9 12689
28011 9 8424
12689 9 21672
18081 9 27016
27362 9 27362
30434 9 24878
29552 11 28988
1067 1 22427
24154 8 18104
9468 9 19211
13493 9 12689
14308 11 30135
28011 9 21057
27013 9 7808
26992 1 25229
720 6 14271
30781 8 15186
16159 9 12689
5936 11 22061
8322 11 28311
18996 0 396
12689 9 25514
28011 9 1336
3808 2 19006
14392 3 4249
27266 3 4249
28517 9 7003
25725 11 15764
17205 11 22460
19732 9 28011
8992 9 9756
4249 0 11929
4693 5 5403
23575 9 3697
12623 0 29742
28011 9 8041
26688 11 12961
20226 2 20842
24152 9 12689
31322 11 2340
9457 0 29586
28011 9 21672
10975 3 16838
268 11 23411
14777 11 21977
12689 9 1623
15741 5 9104
17376 9 19296
29608 9 28259
12689 9 18737
8704 8 9759
15794 0 23613
26001 9 7910
15015 9 9464
6800 8 30878
28011 9 17139
2266 2 7263
3972 9 29086
26363 11 9518
20689 0 16003
15334 0 8097
28011 9 16378
20539 0 21237
16309 9 12689
6398 9 28063
24468 0 32645
27498 11 1539
19204 9 28011
21248 3 4182
12689 9 28063
12689 9 906
17693 11 13252
282 9 11193
3217 11 5119
28011 9 20958
29041 9 28011
8240 9 13493
3278 11 10973
28093 0 16667
22463 7 26138
23519 9 9634
17002 9 26982
11269 9 24868
12689 9 11807
18929 9 33071
15375 0 18930
28154 3 26124
4801 9 20946
21908 9 30797
28011 9 3912
4249 9 14308
28011 9 15489
12016 0 11524
31347 9 12689
29925 8 31275
12289 9 4772
12689 9 7190
14214 9 10907
1703 11 16647
24839 0 12486
25315 9 28011
3955 9 21273
28011 9 9320
9766 2 15869
21908 9 2670
11846 0 14343
6112 9 26305
27004 11 12882
6635 9 30434
22031 0 3042
15944 11 23916
18594 9 18344
32417 0 7535
20072 0 11879
16354 9 21335
2624 11 4216
12689 9 22522
22178 0 4319
30533 11 2649
21956 0 24854
28664 9 10014
29982 10 31785
19211 9 18936
26352 0 29835
33191 9 4801
13131 9 29793
18737 9 12689
28011 9 28438
12689 9 2254
7808 9 12016
17315 0 5292
16014 0 31710
2590 9 15349
25685 0 17897
7329 0 5068
23449 9 16093
29297 11 5503
25715 9 12689
27477 9 12689
12689 9 22036
7963 6 14086
31946 9 6578
31451 9 98
32254 0 12864
25081 11 18777
18837 5 21257
16079 6 12862
31777 11 12882
24285 0 26968
16895 0 16199
21864 9 7131
15489 9 14289
28011 9 12961
12689 9 30269
10904 9 4801
13679 0 13110
12689 9 12289
23685 1 26422
31975 8 23330
29578 11 6390
25454 9 27697
13493 0 20474
2641 9 12689
4801 9 16093
19983 11 27080
28011 9 31719
14100 11 17487
14790 0 13788
7651 9 30024
25902 9 7131
12689 9 18269
15764 0 25918
12689 9 30269
21020 5 11101
13881 0 22338
8238 9 8304
10014 9 12689
7153 9 28777
6437 0 2031
17576 6 23295
13809 8 5854
33003 9 12689
13108 0 12024
12689 9 22565
1231 5 7045
22982 9 25964
858 9 1115
18231 0 30405
4801 9 21365
21443 0 8429
26124 9 12445
9859 9 18193
30577 5 7703
98 9 28011
9457 9 18013
13049 0 28614
20882 9 12689
15856 9 858
20310 11 21670
15334 0 22144
10644 9 14214
16044 0 14779
2313 11 24763
13641 0 11646
32554 9 11725
22183 9 15200
24443 0 7900
12289 9 26442
12359 0 17072
32150 7 27595
8525 9 10381
32244 3 14456
3895 11 16496
28 11 22031
10846 9 12689
13423 9 28011
5067 11 28066
12015 0 31563
5410 0 8956
3163 0 9008
28501 7 14562
25454 7 20813
18013 9 20894
28777 9 23466
10227 0 26506
32501 11 18178
22796 9 12689
8473 9 5465
27081 0 32622
2391 9 32592
11695 11 5284
30463 6 14579
28011 9 31347
25283 3 4249
16718 6 23859
27886 11 20898
13102 9 28011
28728 0 2955
10321 8 19786
30006 0 17081
18740 9 21556
18471 9 4801
11147 9 27649
12641 5 11749
2391 9 19050
22488 9 24396
7882 11 6908
22036 9 3392
7256 9 12689
3953 0 16367
19501 11 26091
12689 9 12689
28011 9 19343
20677 10 11736
32688 0 27914
2708 9 12689
32235 4 8135
12689 9 4633
8402 9 9634
28963 0 23617
6009 11 21540
10672 5 7207
10235 9 11596
13811 6 11959
32950 10 125
28692 11 32356
29684 5 17760
28011 9 4049
22982 9 4185
21372 0 26711
12426 11 15160
28011 9 282
9823 9 13125
20719 8 23125
16718 9 6100
26124 9 17463
18620 9 7948
10985 9 12689
31470 8 29344
12362 9 12689
31002 0 32204
24547 9 9634
1627 11 22810
4159 10 25837
16820 6 4048
24449 0 23488
28011 9 16093
14158 9 7009
9509 9 28011
16963 0 31653
30772 9 6908
30441 11 15031
14530 9 21273
28011 9 12689
13854 9 28011
10846 9 30625
26002 11 25472
14530 9 7147
9457 0 31432
2774 3 4249
10501 7 720
30204 0 7418
18251 5 8928
23514 9 12689
15641 9 31304
7865 5 21045
9634 9 7808
21908 9 27844
26124 0 32291
27064 9 12689
15664 9 13228
23000 11 6953
20901 9 28011
14214 9 31785
5324 3 4249
29092 9 12689
3576 0 25281
4743 9 28011
20734 9 23466
28011 9 8767
12188 9 21273
8315 11 27688
23970 6 2828
13127 9 30003
17698 9 11429
2375 9 12188
30278 0 30102
12689 9 16255
8705 9 12689
12689 9 3245
1491 5 14156
6908 9 860
3619 9 1239
9634 9 1112
30512 9 13164
29280 9 28664
19059 9 28011
645 8 24402
30666 0 12035
21273 9 10183
30760 2 15747
11729 11 20305
28011 9 13048
17582 8 26909
12289 9 12689
32252 9 20895
30058 11 7258
8920 9 19122
24357 5 15233
571 1 483
5703 0 147
28011 9 29134
6635 0 7980
12689 9 17748
11095 9 28540
152 6 25070
12794 0 5465
6008 2 19311
25732 0 29241
25772 9 12689
7711 0 25320
28011 9 12689
11370 0 31013
21984 9 32592
32510 11 10163
6178 0 14138
6008 2 31716
33191 9 18737
20220 5 3635
23842 11 13719
28063 9 29257
29637 6 7470
30151 9 8740
18303 8 25149
21996 7 24724
12689 9 24829
23119 11 1510
7910 9 14214
16027 10 25115
20226 2 1687
8009 9 18193
15633 9 9634
25606 8 15593
12289 9 23268
28056 8 24847
15225 9 6273
13739 0 2983
14691 9 12689
18013 9 21388
9285 9 28011
10227 9 12689
23684 9 4778
18714 9 11044
9669 9 21428
15794 9 27844
9501 9 16301
20906 9 20906
5402 6 14392
28897 11 10987
6530 11 22031
25344 7 29052
31966 5 16506
28926 9 4491
29411 9 9820
19690 0 25089
16838 9 29953
14184 9 14032
10580 9 25084
23282 0 26994
27042 11 7866
3009 8 33012
129 9 12362
8660 2 32243
4801 9 3231
29449 6 4578
20745 9 26337
31599 0 17878
13131 9 587
22488 0 29936
4511 9 28011
18699 9 28011
12689 9 3227
26594 5 3997
4838 9 13127
2378 11 16870
3920 8 2308
9902 2 3662
26273 3 23930
28011 9 12689
31887 9 23449
21908 9 12689
11132 0 3058
11762 9 33046
22074 0 8129
16968 9 5440
4249 0 26015
6008 2 32010
7064 0 13059
19464 9 6016
8347 5 21850
16354 0 11563
6908 0 8514
9008 0 10413
3169 9 28011
8264 9 2557
12689 9 26001
8429 6 2840
23345 5 8063
3593 1 27427
19294 0 7176
4232 8 954
5463 9 5179
9766 2 28540
8067 11 32863
22599 8 22226
11861 8 29773
24829 9 32278
24563 9 30564
10479 5 1965
27003 9 12689
15935 7 6291
7534 0 420
18507 0 26706
9756 9 5440
24851 0 20863
16821 11 18833
4366 11 17959
18670 9 20325
8514 9 18406
26001 6 19212
25172 5 27051
1248 1 16121
12362 9 26982
5836 9 12289
18740 0 3498
19399 9 12689
16675 11 13883
31689 11 6842
31191 2 31526
11119 8 3064
8193 0 27912
29947 7 10548
32252 0 13428
19211 9 12188
22334 10 31444
17846 9 27460
2336 9 27386
7794 7 32875
10384 8 19817
5742 9 5742
28155 9 10686
3333 9 28011
7290 9 18344
28011 9 14663
11701 9 1093
12689 9 12140
25006 3 12151
31420 11 23243
14453 8 32256
10796 0 3821
11221 5 22196
25083 0 29279
15673 0 15235
4506 7 4161
15886 8 10685
32943 9 7221
8101 9 28926
12689 9 32250
12689 9 16309
14522 11 1452
29062 9 12689
20093 11 15633
19722 9 22427
27187 9 12289
1251 9 10289
8759 9 12689
29927 11 24031
13048 9 28011
30358 11 12305
9669 9 14384
27844 9 21365
17900 11 779
17078 11 27232
28245 0 12470
28468 11 9285
12689 9 28011
3914 9 9652
4249 0 22906
9144 10 9144
21287 11 5825
18269 9 32429
19919 6 1451
18471 9 7910
3240 5 6197
13359 9 23878
8402 9 12196
4747 8 3632
31946 9 12689
11073 0 8781
16262 9 8595
5742 9 12689
12011 6 26180
22296 6 29382
16309 9 32501
31075 9 9823
25027 7 20387
32060 0 4812
4828 8 7141
28707 10 9915
28011 9 17519
821 11 29799
16496 0 9835
12289 9 12689
4401 9 28011
5845 9 13410
28100 9 12289
9544 11 25974
17698 9 12984
13614 8 6961
26644 11 9263
24786 5 11284
15690 9 6288
20160 0 11252
10025 3 33311
12689 9 6503
13739 0 16762
21574 9 98
21673 11 23964
26273 7 8766
6363 3 16838
5542 0 28159
29190 9 28061
28011 9 7223
12234 9 4249
7618 9 7018
26442 9 12289
26008 9 31393
13739 0 9816
31186 0 6564
12035 0 23638
23575 9 12689
8296 0 27592
28011 9 11725
24839 0 30747
22803 9 28011
1294 5 25091
27697 9 25803
12864 0 4900
25454 9 13131
32715 11 19542
12973 0 5259
26151 7 6560
16684 9 28011
9742 11 19825
12913 0 548
25350 6 12893
271 5 6849
14462 9 26758
22036 9 21672
13189 9 23466
12689 9 29793
16160 3 13493
28428 0 20237
30762 0 24874
6100 9 18988
17906 0 16478
25524 11 5582
994 9 26357
8523 9 18013
32592 9 12689
31934 9 10227
12689 9 18724
19989 6 11962
30728 11 29258
8060 5 18280
17307 9 23252
28651 11 19219
7102 11 21937
25946 7 9356
8262 9 20772
29843 7 11189
31386 9 27794
14251 0 18086
11230 11 10220
6927 11 1683
12689 9 3271
26165 8 26392
9880 5 3007
18670 9 8466
264 9 10235
2254 9 19464
6121 5 7094
21589 10 31191
17919 9 8264
19033 9 25833
19211 9 9634
33238 6 12264
25803 9 5827
23986 6 10700
21742 11 18946
28730 11 22031
8628 6 10907
18214 9 13894
28436 0 13092
33065 0 4955
23781 0 5124
12689 9 12689
29208 0 2380
25022 3 13314
17523 8 27759
9262 9 4801
6902 9 33202
13408 7 1147
9634 9 12756
9634 9 28011
33067 7 16838
29257 2 30054
19842 5 17493
19025 11 16255
28011 9 12689
420 9 12689
28011 9 30
1611 9 12689
4098 11 13719
16585 0 20091
15289 9 1623
13249 7 13249
14233 11 13252
717 10 98
23593 11 6537
20894 9 28938
4771 11 19973
25588 1 26656
24126 0 20212
12610 11 25110
31073 11 12882
27794 1 22944
19387 9 11762
4249 0 32584
8106 6 17377
12689 9 227
11462 11 9419
8041 9 3697
7807 0 27182
18201 9 8466
17882 8 14529
28978 8 15850
12689 9 7184
4014 9 3231
28011 9 31946
18416 9 22018
98 9 5997
28708 0 25639
29725 9 7009
1115 9 12689
20511 0 7711
21574 9 20365
25084 9 28011
18068 10 18304
26342 7 20224
28011 9 17748
23762 5 16467
10754 0 7103
29850 11 10610
29402 11 32863
31932 7 19156
15352 0 1946
4900 9 9634
9983 6 318
25197 9 26138
7199 0 21540
20555 9 17698
30109 11 28412
28011 9 32252
24145 11 30281
3099 9 23914
310 8 16317
22251 9 18453
2254 9 13463
27700 9 11157
690 11 11085
19063 9 6566
12647 8 22922
28011 9 906
1019 11 10207
22341 11 28392
25043 9 25156
17962 0 13123
25616 11 32445
12689 9 13048
5772 11 10796
32138 7 16255
11526 6 29500
28011 9 2708
19763 11 16432
12689 9 23107
28011 9 27844
16568 9 4014
18181 9 28011
12440 11 2933
28011 9 8936
16004 8 8254
6954 9 11596
19728 11 15073
6902 9 2933
12689 9 22320
3832 0 17864
12689 9 28011
17172 9 12689
32256 8 2430
21908 9 329
15706 11 12882
12806 9 12689
28011 9 27187
10178 9 9740
27656 0 23321
6661 9 3972
25730 11 21937
2602 6 21440
17435 11 29232
13210 2 25763
27050 0 8167
9634 9 20019
856 6 24124
16468 4 4591
20770 0 24794
21251 0 14181
19276 9 2446
19217 0 23226
20077 11 12016
32636 0 19862
32594 9 6711
1691 0 3901
3594 11 10923
30963 0 31203
5427 9 28011
16460 0 21568
30209 9 33245
2047 7 1283
9349 11 9440
12289 9 23746
15734 11 16127
8679 11 8595
21948 9 240
12975 0 3144
12121 9 33311
20958 9 2375
18849 8 16368
12689 9 9792
1683 0 33211
26124 0 8686
12362 9 16121
2375 9 8402
4847 9 18929
27477 9 943
7280 0 19655
9823 9 23575
12689 9 12689
11625 5 18945
28926 9 2933
2375 9 6179
5418 11 28651
14214 9 13801
27571 0 31992
10960 5 20973
30269 9 28011
28011 9 1084
20491 9 18979
24942 9 29927
21956 0 25882
12689 9 12689
7458 9 12689
186 6 24263
1063 0 17108
10509 9 4801
9457 9 4801
6043 3 4249
28011 9 7329
7155 9 28011
7155 9 12689
9297 11 587
9823 9 18018
2242 11 25710
12689 9 4801
11725 9 2375
31053 0 12604
32038 11 4654
28011 9 17748
7910 9 7910
11514 0 5459
31128 8 14820
16064 0 10976
19810 7 29052
11726 7 20303
98 2 31763
12689 9 31123
1281 0 7224
4988 11 19973
22349 5 11177
1112 9 25524
13365 5 31405
21248 9 8514
5426 9 12689
25058 11 30276
28011 9 17226
29061 6 18756
29207 8 22655
20157 11 26406
71 6 21010
16468 6 23359
3962 11 30941
2018 9 28540
26319 11 15521
7651 9 11205
15254 11 902
29209 0 5648
21863 9 28011
14663 9 28777
30749 9 33311
13210 9 18141
27079 0 20212
4532 9 28011
26117 11 24547
16951 0 29113
4461 11 15284
12592 9 28011
9754 6 30944
13279 8 11011
9634 9 3902
28011 9 28155
1189 10 8988
11462 9 15581
26909 4 317
26099 9 28011
21908 9 12289
17848 3 16442
30743 0 24939
28011 9 12689
2792 4 10886
2375 9 9823
27341 9 17402
13933 11 30639
12289 9 28011
30758 9 31064
18440 11 30833
14703 9 3914
8504 11 1162
6745 9 2708
11489 0 1890
4249 0 21149
15954 7 4416
143 7 19828
31064 9 11213
30171 9 1567
3715 0 10080
16737 9 12289
1325 3 6958
28921 10 20226
4900 9 31942
12689 9 23466
2645 9 14462
32250 9 3354
19690 9 32885
21761 0 23915
11952 5 4569
21428 9 12689
12138 0 10121
12289 9 30793
27385 5 30781
9104 8 29879
10135 9 28540
12689 9 32951
24061 7 846
10248 11 13252
12689 9 16492
31793 2 7760
29693 5 14759
28011 9 28011
20821 0 2860
13131 9 6314
28063 9 10038
12072 9 18737
28011 9 24098
18768 0 17630
8418 0 24146
19204 9 16968
25985 9 24093
31128 8 26447
19088 5 13973
20875 11 13714
29012 5 9416
9468 0 8761
10893 9 12689
32063 0 7609
31257 0 12292
32885 9 28011
29783 11 22401
28100 9 441
12689 9 4633
31951 2 23221
21570 7 22888
7354 9 12689
32863 0 4393
2446 9 12689
26323 0 30310
30512 9 32554
12289 9 31064
26036 9 29608
17372 0 32448
27643 5 17636
10176 11 31719
7660 8 26101
12689 9 27015
15334 0 23557
31061 9 14308
21021 9 12289
27003 11 20652
26036 9 12689
23712 9 7808
98 2 1876
28011 9 4249
12689 9 16838
14773 6 9758
17197 6 24631
28011 9 23851
18971 5 4858
23780 9 12689
3901 8 30201
28011 9 11643
28938 9 2375
16875 11 25070
7888 0 3422
31944 8 23566
25070 0 1035
4898 11 11700
28011 9 21388
8294 7 17254
12997 9 16737
16606 10 897
30384 0 27282
1137 9 28011
12689 9 16121
12689 9 906
4748 9 17846
28651 0 671
8299 5 11588
6927 0 31106
13603 0 20148
15085 9 23373
17111 5 20218
1944 9 18698
25040 0 14853
29279 9 12289
12175 11 15579
29477 0 7952
28011 9 31934
17096 9 4405
30742 9 25953
14530 9 3124
23099 0 11827
2909 9 26506
18444 11 23004
12689 9 5906
1623 9 12689
12289 9 17783
23466 9 11213
7681 9 4732
19938 6 31912
27519 9 98
12689 9 27794
24819 8 30041
930 9 16121
12121 9 32277
10959 9 1084
12069 9 18013
25070 0 5585
23855 9 32321
28011 9 12383
20226 2 15177
21892 9 27821
9550 9 12689
32250 9 12689
17307 9 14878
21756 9 11712
8185 6 15030
5256 8 33275
11807 9 7808
12289 9 12689
25301 9 29725
11955 0 7354
19919 6 23108
13941 5 5665
4801 9 13739
28011 9 8895
22105 9 12689
9225 9 3231
32287 6 31523
30147 10 20226
9225 9 26877
12689 9 6786
1112 9 12289
30936 0 32101
5654 9 28777
12362 9 12289
14235 9 994
4532 9 21429
9823 9 28011
32669 11 3093
23449 9 12689
1264 2 17304
5159 3 23601
4385 11 20279
5295 11 6931
6503 9 3955
534 11 11143
4721 11 155
14111 11 19881
30258 9 31395
538 9 906
3697 9 12689
13989 9 13048
22919 9 27104
16309 9 26317
24268 9 18976
20168 0 20917
25205 5 13938
16376 11 7744
14122 8 33139
16503 0 31685
17297 9 6118
1098 0 30643
29088 9 13532
28225 0 2153
15732 9 8807
28011 9 12689
8592 11 17743
20041 0 28039
28744 9 211
440 9 12689
8035 0 672
16378 9 28011
9634 9 19211
20215 10 24913
27476 11 26327
9446 7 5057
32344 0 19195
21872 5 23469
3972 9 28011
906 9 8428
6831 0 26671
21257 9 5491
10220 0 12866
17934 6 28720
26327 0 30355
30009 11 24547
1672 11 25082
11243 6 19441
9329 9 15521
10426 11 12826
30337 9 26097
8903 9 323
16838 11 30168
9457 9 28011
12087 9 12689
25554 9 9285
4633 9 12689
21321 9 17139
16737 9 19722
29038 0 2559
914 0 28660
13672 6 9224
12689 9 28011
16976 11 22724
19059 9 28011
3470 0 25929
25837 2 24326
7808 9 28011
12689 9 28011
1112 9 7563
12689 9 30327
9320 0 10890
8147 8 26122
18269 9 33161
12689 9 12689
27983 10 6008
587 9 4839
28960 9 28011
28011 9 12689
443 11 2549
2105 8 20648
10907 9 12689
30301 2 4929
20093 9 7183
32574 11 1251
3649 7 4825
22679 9 22679
15039 9 29062
6635 0 13446
10142 3 4182
12383 9 28011
6100 9 8904
12689 9 23855
25888 0 28301
5292 11 17315
10456 9 30797
12689 9 28011
30907 8 16967
24830 3 31075
30223 11 24823
12053 8 1378
2150 11 9900
24427 9 30153
22092 11 28482
5045 7 20856
27604 11 14137
4917 9 12472
2582 7 21777
23987 7 8137
33311 9 8456
15284 0 28164
3231 9 6969
30625 9 7314
17089 7 15096
19383 9 12689
6949 11 23783
32296 8 25793
28011 9 21908
26124 0 17148
9190 11 25949
12362 9 28061
16121 9 28011
24991 5 3305
7341 9 23490
25837 2 5174
2389 6 27127
16023 5 17062
720 6 21905
22488 0 19856
12689 9 6721
7284 9 21291
23772 11 3924
1592 11 8926
28011 9 27793
28011 9 12689
23417 11 28279
819 9 6578
25582 11 4997
24285 6 31727
13125 9 12289
9334 11 30942
30505 11 26572
6980 9 23066
19690 9 12689
13883 9 20513
7910 9 4866
28011 9 33011
25234 8 9304
16646 0 25527
32386 11 1691
12689 9 23449
12927 11 10473
17783 9 14776
5618 9 2629
28011 9 2375
16887 0 11246
5637 0 24312
1610 11 8523
6447 5 5743
4546 8 15665
6080 8 2923
12289 9 4801
9823 9 8158
32636 0 24720
21770 0 15280
33089 10 14628
6931 11 19813
26124 0 20913
22821 11 33046
13131 9 18471
3315 0 26784
16378 9 12289
1289 0 26765
2617 8 24547
15525 11 25613
18058 11 10796
12362 9 19060
18615 11 21937
9309 9 9823
9634 9 12362
23729 9 4874
31839 11 29988
12689 9 22515
22620 8 5402
23449 9 4433
19384 9 25599
13883 0 15581
8466 9 20521
322 11 4960
14033 2 14440
26598 5 18930
18290 8 6529
9457 9 12689
2254 9 26982
23595 11 22774
4562 9 19690
11077 9 28011
32255 9 858
198 7 20929
17520 10 4712
24093 9 31753
31075 9 6100
32235 4 5221
21863 11 31563
27170 5 27719
607 8 24292
28493 0 26374
28011 9 31946
33319 11 16717
27794 9 9273
28011 9 14363
21653 11 22338
4801 9 9634
1743 0 17049
12689 9 29086
28011 9 6950
13444 11 30666
30434 9 1728
2649 9 26483
19681 8 24112
28011 9 4615
9185 11 9320
14584 7 21524
28011 9 23852
18269 9 28540
22402 3 13493
9380 11 6173
19732 9 32885
19276 9 28239
2909 9 1597
15450 11 2479
6032 10 28449
8670 9 4077
21672 9 8514
906 9 7519
28011 9 12289
27187 9 31061
28011 9 353
10566 0 18031
30273 10 14104
4489 9 28011
19211 9 23449
19050 9 5886
24855 9 24686
28011 9 22488
31922 0 31910
28011 9 1944
33063 0 29515
12580 11 28692
9531 9 9008
8466 9 2402
12689 9 27028
8315 6 32587
28011 9 25414
31875 8 6071
2933 9 29957
6629 9 12689
25953 9 10790
8363 9 12689
14845 9 32513
4748 9 12689
27384 0 23271
17005 0 17573
22675 0 7901
8479 10 25141
14662 0 28560
25959 7 24975
98 9 8492
12984 11 28355
25454 9 13131
32592 9 8589
28154 9 28011
10509 9 28011
30937 2 23053
9634 9 19186
12689 9 31994
30779 9 6303
6100 9 12689
25070 0 18975
691 3 12566
12689 9 3697
12689 9 28011
29894 1 13640
9225 9 19130
31038 9 11426
13532 9 29088
23524 9 11271
9895 8 15077
21697 11 12834
1298 11 9128
15690 0 1698
21524 11 9973
16377 9 13359
18233 8 4654
1349 7 6496
12016 9 22015
27253 0 26498
897 2 9861
16684 9 2938
31869 9 18471
22724 0 7067
8382 11 28928
28011 9 20483
6949 0 19591
25821 9 28011
21370 9 12689
3092 5 27351
12689 9 12362
29725 9 12689
16552 5 8297
25197 9 10213
27404 11 3501
2375 9 17226
21908 9 28011
32918 5 20916
7695 9 31038
18565 6 15911
4217 0 3811
14308 9 14214
18269 0 13439
26483 11 7767
19811 11 32525
28011 9 19072
14466 9 12289
28677 0 11396
33311 9 26036
403 11 27766
31405 5 24219
16314 9 18929
29725 9 4014
18151 0 27878
29308 3 10583
31229 0 6694
4874 9 19286
28498 8 28900
18990 0 4310
28011 9 19130
9285 0 5717
17698 9 28011
12411 9 13359
7753 7 17254
27400 9 28011
385 9 3952
11785 0 29164
28011 9 23902
16844 2 27282
21257 9 27024
4052 0 13865
23449 9 12689
12689 9 32854
12689 9 16103
13159 7 30917
5901 1 31893
31286 9 5639
12689 9 12289
14593 9 4606
4757 0 12743
12689 9 14201
9203 8 5808
7601 5 24348
6635 0 4404
23490 9 28011
13168 9 26445
13428 0 27407
8323 2 23694
12689 9 26564
8514 9 27794
32747 11 29394
9710 0 3409
12537 11 33032
6008 2 12887
12689 9 26090
13789 11 20795
25835 0 27189
7110 9 8514
24651 9 12689
580 9 15762
21575 9 13625
12689 9 22336
9509 9 28011
28011 9 11213
31946 9 6977
6728 0 31053
25372 11 32589
16985 9 906
7757 8 13618
12689 9 4491
21984 9 19098
12689 9 8658
33003 9 22389
19343 9 3231
13755 9 8895
23466 9 2844
15160 0 13749
2979 0 22873
9548 9 28011
11244 5 24798
16600 0 30935
9137 5 6349
3955 9 12689
25129 11 15633
15797 9 6270
17348 0 10048
26084 9 29846
25459 11 24696
7910 9 9669
12689 9 28600
7735 11 13428
32048 0 20280
27844 9 12689
19617 3 21460
18255 11 31343
23598 0 12590
13158 11 23481
22449 0 12876
30639 0 28941
28011 9 23449
23282 0 16246
16038 9 28782
31725 4 7360
21273 9 7296
18892 5 2362
24829 9 25315
28155 11 16989
6147 8 12253
15450 9 20513
22353 0 3359
4615 9 6092
32585 0 14845
25070 0 33099
16895 5 12053
1514 8 7690
28011 9 21057
9416 8 21567
22282 0 6484
2446 9 28011
4660 8 15415
29407 11 7711
20814 0 20107
17199 0 27443
32095 5 26879
7811 9 17957
29950 3 28810
30278 0 5219
6635 0 22342
6980 9 12689
32525 0 31621
21672 9 12689
897 2 13622
6314 11 967
13644 1 13573
9548 9 12689
15393 9 21984
28011 9 16888
1714 9 24829
29969 11 30047
26572 0 3713
13131 9 31123
28011 9 26982
13493 0 30610
29637 4 18887
12689 9 28011
15873 8 3217
2420 9 2254
20090 11 21309
13569 8 32475
9634 9 839
29924 11 12221
15047 0 1040
7711 9 1829
12126 9 98
18013 9 32138
28331 0 27066
21238 11 28928
28011 9 3021
10509 9 1139
14214 9 29700
32620 0 13440
3344 0 23363
11266 8 16619
16434 0 820
13236 9 26985
9225 9 10830
30414 0 7222
5742 9 2185
29564 11 13534
24775 9 24662
21591 11 16174
9907 10 16156
27794 9 12289
15150 7 23196
22187 0 29132
655 8 21135
17373 5 27902
21057 9 9634
4818 6 4818
12689 9 9419
906 2 29795
21956 0 3661
25965 11 21824
32049 9 28011
7808 9 28777
31555 11 8580
30625 11 3607
20917 9 27110
24068 11 22031
9419 9 28011
32840 6 32316
10917 9 12689
28011 9 12689
23575 9 12689
25770 9 10893
20753 9 9757
4405 9 12689
4472 11 3596
27409 9 4401
31819 11 18331
26214 9 13493
14976 0 17539
12689 9 20281
24829 9 26616
29038 9 25658
25004 11 20160
1112 9 1944
1383 11 20160
430 9 18714
16648 8 24000
28011 9 4039
12274 9 25772
9634 9 3886
20053 11 27232
20020 8 14153
21057 0 25231
33251 9 32852
9435 9 20480
19255 11 19219
21812 9 28011
14214 9 23449
21046 9 6112
2375 9 12689
3349 0 1510
25070 0 4861
15437 6 1106
10641 0 26047
2446 9 28011
9711 9 11942
2541 0 24047
12689 9 15579
29702 11 2033
12689 9 25197
23590 11 29106
12362 9 18093
28634 2 20200
15579 0 12622
1112 9 31893
12689 9 28011
2924 9 28011
28011 9 18641
30425 9 16600
22127 8 2611
8473 9 21672
17049 2 25099
24329 10 17820
30998 9 24284
28744 9 866
6696 9 12689
12689 9 10062
4905 9 10846
16259 11 9438
20195 9 28011
10509 9 27226
16435 10 6437
4801 9 5742
2938 9 28011
21273 9 23877
13493 0 8212
9275 11 22094
24527 9 19732
17017 0 28157
32636 0 28267
28723 9 28011
14384 9 30049
17704 9 12689
32781 7 14288
21595 11 7634
5474 11 11017
14411 8 277
9823 9 6100
24829 9 28011
16432 0 19763
12689 9 11280
28011 9 13131
1112 9 26982
28011 9 21672
20985 8 28954
5440 9 31123
16044 0 26662
26572 0 137
25514 9 17816
13062 0 28053
9509 9 25659
28011 9 27477
27678 6 11238
13465 0 15579
12689 9 28287
12689 9 25315
13998 7 22478
18670 9 33311
23252 11 8355
1500 9 16968
28011 9 6902
27892 9 10796
12689 9 12362
30791 11 21510
12689 9 23855
19715 0 21867
12689 9 3955
29056 5 24154
3111 9 6578
15856 11 29311
15197 11 32525
12689 9 24829
24238 6 22451
7998 0 33024
13603 0 33264
12689 9 30758
27064 9 31347
11004 11 14662
10931 0 22039
10907 0 24705
12689 9 18714
8409 6 2505
32501 9 28011
11975 7 2689
20170 9 12689
28011 9 12289
1331 9 12689
3231 9 18670
23449 9 98
27028 9 12689
13414 7 12417
3124 9 17540
24241 11 27297
31473 6 11900
10796 0 430
9669 9 26982
22715 6 24478
32911 9 12689
7711 0 2244
9187 0 976
12689 9 12689
12689 9 6566
2528 0 32977
4817 9 28011
6100 9 18988
19186 9 12289
21908 9 4743
23384 11 22724
16767 6 8586
3245 9 3697
11 11 7947
31123 9 16902
28011 9 3619
8514 9 3955
6066 11 19813
29278 11 11332
7501 0 12062
13463 3 4249
7110 9 6954
15579 9 18723
32049 0 23034
9634 9 19211
31113 9 27477
21920 3 24685
13989 9 12689
1523 9 12689
26203 3 23601
18013 9 28011
28011 9 19690
28011 9 6032
29998 9 5425
1173 9 31348
30060 5 3567
22753 11 27079
27013 9 25559
25764 7 21317
29232 0 8848
26633 11 23818
15705 5 4087
22064 9 14184
31444 2 382
1652 6 6679
15175 9 28011
10917 9 28011
25190 6 7025
19476 11 27015
17199 0 12240
13874 9 21283
12689 9 27024
29671 9 11213
27364 11 26633
20531 0 29092
7525 11 24149
12362 9 12689
28011 9 11762
11213 9 16838
17937 9 13714
15761 0 7309
18583 0 10264
31794 6 468
17030 7 30923
7563 9 1523
4170 11 6537
10038 9 12794
17846 9 27612
27219 9 13106
31104 6 6778
28091 8 6904
21316 11 9285
28287 9 17958
30797 0 9010
27635 11 18766
3983 7 14486
11736 2 23322
12046 9 858
21735 0 12730
22849 0 13233
3732 11 19347
22870 7 534
1816 5 3207
1468 11 16137
12689 9 19216
9634 9 25414
14848 2 1186
25986 3 28810
16737 9 24449
28539 11 4953
12689 9 29062
320 3 16646
13236 9 12689
31804 11 6270
28011 9 30168
14370 9 28011
2126 10 18304
9634 9 29267
18074 5 22746
760 11 13037
28413 1 8240
22247 8 21914
9634 9 1695
68 8 4775
21244 11 1966
12689 9 10907
16684 9 4433
5538 9 788
31560 9 31560
10936 0 1085
5321 11 4181
17698 9 12362
24860 0 10947
21786 11 25070
1567 9 98
18951 9 7563
12689 9 28011
17360 11 8912
12872 9 9834
11462 9 26224
2987 0 28306
27442 10 3782
12289 9 2708
6943 0 31088
8721 11 27247
26842 11 4663
29598 4 16
28011 9 8514
20137 0 13201
28011 9 3244
26135 9 22179
32652 7 32652
11202 7 18542
11330 5 27175
20878 9 31113
28979 2 27627
9661 9 33243
4839 9 12689
8740 9 7651
13252 0 11739
22803 9 12689
17148 7 18633
5546 0 3030
6251 6 136
21017 0 2720
25710 0 28498
5413 7 17254
5828 10 20226
24333 11 31714
28034 11 22969
23855 9 14059
28859 0 12597
9550 9 9550
27052 0 14852
12689 9 1721
31782 9 17934
13887 5 9350
18269 9 27783
29608 9 12689
12689 9 15126
281 8 27698
28011 9 23855
8805 8 4513
4801 9 17626
15200 9 28011
7925 0 7457
28465 5 23020
10488 11 31869
12689 9 28011
23704 7 18633
19452 9 28011
12689 9 7695
31989 0 71
8530 0 32127
294 11 28509
1735 0 11033
14398 11 5354
33245 9 12689
15151 9 994
12994 0 28744
29212 5 24888
420 9 12289
3697 9 21021
12038 10 897
5188 0 3446
5436 11 29129
28011 9 27892
13151 11 24839
3634 3 16646
1189 0 22828
22919 9 3155
32278 9 906
5084 9 6930
30632 7 3406
19524 0 4521
28862 0 16341
12689 9 28011
12689 9 3231
16917 5 8173
13048 9 9634
14106 9 9634
8522 6 9016
31942 9 18737
26653 5 20013
12803 8 8753
19157 0 24336
18552 9 31848
3266 7 23121
38 7 15910
12689 9 8595
27064 9 19149
20216 8 27480
14662 0 9672
19828 2 31058
12289 9 20867
3245 9 22982
32040 9 11426
19814 11 31340
10596 9 11280
22182 11 18193
32052 0 10147
5702 9 7563
4543 0 12914
14618 11 29038
20095 9 4014
373 0 31437
18414 9 22183
12689 9 8402
9798 3 2137
21981 0 29437
30797 9 12289
9859 9 20958
8549 8 5247
24586 9 30194
32138 9 21056
28011 9 12689
19048 11 10178
8166 7 18565
16194 11 27806
11213 9 21370
21772 9 906
9865 9 13551
6288 9 6463
13522 8 31724
4896 9 17139
18970 9 5427
6100 9 12689
4801 9 19063
18430 1 26063
8849 5 7980
21711 3 11596
23355 7 26138
9267 9 9267
28011 9 12689
20037 7 19128
16071 5 27544
20410 11 27688
18017 11 942
4615 9 26377
6179 9 12689
4154 5 10430
312 3 13603
9189 9 12689
9823 9 7808
12289 9 5210
2933 9 12289
6902 0 9244
21370 9 4900
9634 9 19211
19063 9 28063
5538 9 10796
28157 11 17017
19690 9 16378
876 9 12689
26666 9 10846
13379 5 3918
576 9 16224
6578 9 24737
25715 9 23449
25514 9 12689
8110 0 3577
9050 11 21735
18717 5 5003
30110 8 7757
18580 0 8822
32277 9 33245
30521 3 4249
12973 11 10796
17604 0 27947
21868 3 9276
12689 9 12289
12689 9 15489
2826 11 32863
32360 7 27607
9634 9 27346
21907 9 14726
16309 9 14530
20226 2 8659
15412 6 14106
2655 5 20557
9387 8 2454
24389 8 8560
28011 9 29547
28011 9 4905
9622 11 23516
21026 0 31845
28011 9 9154
16044 0 11423
858 9 14214
25151 11 13252
16617 0 19338
21902 11 12411
3040 9 28651
6482 11 6537
27028 9 32554
33319 9 1115
277 5 14411
30977 11 20652
8895 9 28011
12689 9 20894
7145 9 15816
16779 11 12438
8729 7 15943
9509 9 12289
23715 9 6711
28764 9 1331
24547 0 16196
31082 11 15761
15623 8 10544
28011 9 7946
28916 5 4496
8797 9 12689
7910 9 25902
19726 11 30797
31598 5 28059
4562 9 15701
11128 0 10177
32153 3 21956
3271 9 12289
2492 1 30218
31946 9 12689
7146 11 14976
16093 9 29411
28011 9 32106
11402 0 15096
13463 9 13463
2375 9 23266
12689 9 1523
8472 8 7893
9634 9 28011
3972 9 28011
22183 9 4665
28213 0 1860
22982 9 4553
29061 6 25342
9834 9 10711
12689 9 22022
13143 8 946
8253 9 15634
5581 11 17641
2882 6 16096
22022 0 11184
5773 7 23222
7677 0 15736
8514 9 28034
28810 0 24985
26661 5 12906
20698 9 4647
23567 9 3902
32250 9 3354
28011 9 28011
30726 9 2375
29018 6 4850
6008 2 15436
12351 9 6058
28937 0 24656
4743 9 4330
6919 9 4406
15393 6 33100
4043 0 8011
11456 9 22460
762 0 10120
7062 7 31580
19107 5 20470
32587 0 32767
12902 5 488
13246 11 27953
24932 11 19296
28011 9 20770
32636 0 33135
12689 9 31123
28011 9 3972
31038 9 25426
28011 9 12196
28117 11 433
28011 9 12689
32931 11 2250
26616 1 30391
22982 0 21767
29290 11 28862
18871 6 25571
14086 11 30833
28011 9 12689
17977 3 4249
9410 6 14141
19517 0 24811
12289 9 25559
32463 0 3303
23851 9 27015
15349 9 10110
30749 9 27669
32666 9 13755
12961 9 25803
32553 9 12689
29411 9 12689
17971 5 24888
19868 11 6424
20226 2 20471
28011 9 28011
28011 9 10014
8607 8 27810
13096 0 2861
23262 0 8770
8904 9 30258
12188 9 10230
1310 0 23573
9400 5 15533
21443 0 24484
12689 9 17226
5630 11 13697
12141 11 32102
28011 9 12289
12126 9 27658
28939 6 19112
32235 4 29605
22440 10 6578
12115 9 27223
21370 9 21370
19600 0 14231
4309 11 8656
12689 9 31946
28011 9 9481
25315 9 28011
12689 9 27794
22458 9 6954
13370 7 12613
16174 0 20007
23766 9 4039
19677 9 4549
9634 9 12689
9140 0 2303
12689 9 4647
6250 7 1147
9711 9 11462
16634 0 21777
28011 9 18425
28011 9 12689
10796 0 28576
11890 9 25358
16769 0 19233
10067 6 12108
587 9 2336
9003 0 31292
9634 9 19216
26377 9 12943
12086 10 3808
18200 0 21603
19211 9 17698
18714 9 16435
24891 9 28011
12689 9 13125
32669 9 28011
17226 9 12689
32895 11 32482
4019 11 30278
23915 3 21761
29366 8 30624
8101 0 29724
894 9 12689
7808 9 21332
25778 8 1320
8096 11 25472
1340 11 16172
25699 8 26334
8011 9 8402
28011 9 1084
27703 0 18243
27498 0 21589
29898 9 1115
5886 9 1189
27575 6 27575
26192 9 28011
12482 0 2383
26249 11 26203
19211 9 7808
21977 0 24495
6826 9 11120
28011 9 27024
32134 0 31171
27409 9 19204
4743 9 28011
7508 11 22724
3245 9 6858
4249 9 24811
10135 9 12689
3368 0 7926
8235 0 10296
19343 9 12689
17934 9 3354
24573 5 27291
8409 9 32414
33319 9 10336
25552 0 22698
8240 9 13493
30077 0 30739
10960 9 17934
33259 5 22542
22250 8 10381
26880 9 7123
4876 0 32543
9225 9 27697
12689 9 24727
1335 9 12689
11807 0 12843
14214 9 25681
28883 0 28012
25770 9 28172
5697 6 29196
16093 9 28011
2523 11 14251
8568 0 12064
27477 9 16378
24811 11 12720
26124 0 27037
18013 9 12689
9441 11 28482
8740 9 4249
11801 5 20973
12689 9 12289
3759 0 24942
12289 9 12689
3604 9 14723
7325 6 13988
15489 9 13236
13314 9 20878
6437 0 18954
3223 11 10360
21934 5 13276
25647 11 20914
13629 0 33127
12689 9 32250
28011 9 23490
31488 8 27213
20192 8 505
287 9 28011
12449 9 10796
28011 9 19204
12689 9 24419
29038 0 8659
33209 2 20475
26138 3 7514
29868 9 28011
30444 1 17333
28011 9 28011
31015 0 8406
12689 9 12289
23602 11 13721
32592 9 8763
14244 6 20783
9199 5 22514
21257 9 28011
7808 9 21907
8061 0 21564
2643 11 423
9723 9 15969
12689 9 19909
10235 10 17867
25263 11 9871
16044 0 30103
25021 5 13728
17888 11 29489
15284 0 15219
28820 1 28037
8424 11 23703
33189 9 20233
28810 0 13834
13014 11 6953
21892 9 21556
9073 9 7651
12587 11 14662
13659 6 24600
7145 11 24427
16510 3 264
8811 9 16880
10210 6 1061
9225 9 10907
12188 9 25554
30414 0 22726
24471 7 8364
2840 7 28506
24839 0 25371
24222 10 20226
14848 2 11241
9669 9 9550
32 9 9754
32340 5 16643
27389 3 2561
1310 0 4373
7346 7 9165
12689 9 29927
7421 9 29038
28011 9 9397
2558 0 32729
4602 7 31825
8572 11 10796
14662 0 25621
6390 0 7075
3885 0 16133
16895 0 30300
906 9 9823
16492 0 4967
30115 9 28011
28287 6 28096
13397 11 22809
19802 8 4122
1173 9 15483
3629 3 13493
24022 0 3687
13252 0 18367
14731 11 10246
18723 6 27582
951 9 9634
171 11 16612
13173 11 25495
6902 9 4694
26138 9 14510
8850 0 31263
28011 9 12046
1550 5 18290
25386 9 32592
31113 11 6646
26564 9 3231
26982 9 1112
32670 0 21013
1173 9 18326
25392 11 12575
23859 7 16718
21309 0 13271
21347 11 15324
24829 9 21331
14530 9 3124
12689 9 11086
26470 11 14359
27098 11 13185
16724 2 10271
12362 9 8456
16121 9 15375
32840 9 28011
3837 0 27008
26657 5 22386
19276 9 12289
5427 9 13131
16330 0 1124
21057 9 25772
23727 9 12689
25937 9 18670
31648 0 2815
999 11 18899
19490 0 1245
20018 11 21928
2938 9 24829
15650 2 17314
28011 9 20878
1842 3 4555
20652 0 6474
24679 11 14566
24303 9 29092
7688 0 9826
26138 9 23855
1084 9 587
438 0 9590
5859 0 7322
12451 3 13314
10252 9 28011
24609 5 12053
22463 6 32526
21540 0 21525
32388 0 19797
25315 9 2375
3448 9 21672
21864 9 7861
16204 9 12689
25315 9 28011
32063 0 16040
4317 4 11078
12689 9 12289
25454 9 12689
19452 9 4900
30104 0 27162
227 9 4801
28011 9 26982
26820 0 8813
20474 3 13493
4910 5 3657
16121 9 19898
20513 9 906
8514 9 8514
14795 10 98
9634 0 18053
12689 9 30064
12689 9 1339
30464 9 7808
29088 9 12689
12794 9 23266
29821 9 21321
17762 7 23257
688 9 28011
17207 9 28664
28777 0 9427
12593 2 27540
5148 5 6811
12362 9 12689
32112 11 25710
32954 5 10040
3753 7 27267
24684 11 18737
12362 9 21257
1582 11 26260
12289 9 31756
9758 9 32250
20734 9 12689
9973 9 7354
12689 9 20011
16121 9 12689
8466 9 22183
440 9 21879
10998 5 17993
19608 8 24956
12882 0 26625
27794 9 9513
9489 0 18509
28011 9 21900
13106 9 98
30018 0 29127
7258 0 28883
20991 1 19643
12689 9 5618
18714 9 33311
7256 9 1115
7272 9 23252
12566 0 691
353 0 27269
31934 9 6954
11213 9 9634
23219 5 25606
31437 0 2106
15188 5 19001
17222 8 18633
28011 9 20866
1005 8 25037
12689 9 33319
28011 9 26855
13502 11 23282
28011 9 13989
25105 9 10796
10879 5 19840
202 9 17846
9634 9 1112
9663 6 32663
4801 9 25615
31123 9 27844
6969 9 28011
435 3 15295
19162 7 846
7948 9 2590
3330 11 18936
27187 9 29038
15632 6 1129
30434 9 4801
6008 2 25901
1503 11 30666
28852 0 14487
28011 9 10985
31191 2 12286
10980 11 31417
12289 9 32951
8219 9 14033
25973 9 16979
32863 0 25436
30725 1 29743
10067 6 24575
27316 0 1889
7814 1 12989
8759 9 28011
12689 9 32660
18331 9 10580
18633 6 7565
9859 11 26632
1136 8 1135
10767 5 2512
28011 9 12689
12689 9 29367
27028 9 19033
28011 9 9973
5616 10 6008
26640 0 26569
27040 11 31262
15036 11 14976
12689 9 28011
11191 11 14645
29284 8 24820
24285 9 16161
32235 4 24268
26831 0 15329
22183 9 29821
6343 7 32965
18013 9 23746
8588 11 27295
13189 9 12689
14024 9 28011
12689 9 26138
22183 9 10817
12689 9 7009
28011 9 22018
98 2 22488
23799 8 11025
27028 9 5084
26506 9 26319
22093 0 32089
2041 9 29953
23449 9 28011
30703 8 29273
12362 9 21257
6853 8 21929
28011 9 12689
21709 10 13037
1994 0 23271
32636 0 5882
28011 9 9315
28011 9 28459
14723 9 3924
29396 5 28308
12689 9 23620
13802 11 32040
28011 9 3336
11985 7 536
4249 0 10903
22023 11 16636
32650 11 23005
26918 10 31127
10475 9 28011
17882 5 2789
10953 7 2557
33175 11 29306
13525 9 25678
897 2 31222
12689 9 31129
12689 9 11213
25744 9 12689
12289 9 31065
19211 9 5618
6008 2 18105
22217 5 15631
491 9 32592
29725 9 30674
4810 8 30440
16646 0 18431
702 6 28470
98 9 12689
30706 11 14560
3231 9 8968
15722 9 23034
12689 9 13131
23877 9 23877
779 0 24274
11157 9 21672
6206 0 3766
24839 0 22847
30953 9 23319
31904 8 7072
15632 3 2757
28011 9 21335
10917 9 4940
12999 0 20493
8789 10 25837
22475 9 31922
12689 9 10197
15483 9 28011
27024 9 12689
16378 9 4804
31806 9 28011
16339 9 12689
6100 9 9823
16236 6 18327
6989 6 18414
20906 9 20906
25162 8 28168
2777 9 10931
12689 9 23466
18929 9 17748
14866 7 674
27992 7 15943
28011 9 28011
2708 9 4748
4240 0 30890
5443 11 24960
17971 11 13252
22019 8 4699
13196 0 4124
19429 7 7982
1074 8 31731
31209 9 12689
4249 6 6412
28664 9 12689
28926 9 28011
8595 9 12105
2304 5 28115
9225 9 9634
18006 11 19373
13864 0 21086
33313 9 27104
7131 9 28011
26780 9 16363
23507 6 10931
12689 9 227
19722 9 9309
10796 0 1098
26002 5 15623
28011 9 1356
16795 9 28011
18760 9 12689
12521 0 957
28011 9 26124
4633 9 12689
12579 0 12177
15130 7 6032
6100 9 12689
353 9 27477
12689 9 32660
2538 9 28011
28011 9 31368
27832 9 28011
10535 0 28412
1497 9 6100
1944 9 30434
18866 8 2162
18013 9 17226
29038 9 18929
3699 11 10827
27318 9 16634
12482 9 11055
17826 0 31235
12289 9 6578
31219 10 897
21179 5 27136
28011 9 5440
7681 9 15178
12689 9 33237
15803 0 17894
8656 0 26694
9572 11 30016
14317 0 27800
18714 9 28011
12897 7 18565
27892 0 11228
10936 0 12047
24829 9 12794
4743 9 12689
3354 9 28011
22099 9 1944
2985 7 4560
31181 9 26564
13105 9 18514
28833 8 3038
25386 9 13127
1255 9 28011
6701 0 26189
2340 0 21633
2792 9 14369
29382 11 20237
2565 0 9563
6578 9 21847
28011 9 6919
28011 9 16093
8593 11 22923
450 0 12847
22731 11 32005
32788 10 27821
32321 9 16121
32414 9 4208
9321 5 32019
25070 0 2404
4780 0 31304
20884 9 3697
30278 0 6041
12289 9 27660
32047 9 26483
10893 9 32622
3697 9 27519
29009 9 12689
6173 9 22606
10623 11 15007
15780 11 15633
28011 9 12289
30073 0 10734
7279 9 23780
32235 4 13473
12689 9 30318
10890 0 2170
1177 0 11955
28011 9 15695
28757 9 2336
8151 9 15284
318 7 9983
14447 11 15362
29220 11 29
9859 9 9457
22518 9 28011
16261 11 22724
12689 9 10227
17957 9 28011
17787 0 25469
8206 0 3480
2340 0 1790
6954 9 9548
10904 9 29311
25615 9 98
4801 9 27794
27806 9 27806
16497 11 15160
6008 2 19734
32592 9 8277
1635 9 10197
9823 9 28011
9193 6 28487
7020 9 7020
2191 9 21287
9756 9 13946
27892 9 28011
16460 11 21669
28011 9 5742
13048 9 23411
2972 9 23612
22474 0 20821
5427 9 16465
3334 11 30842
12289 9 9980
19690 9 19059
25598 0 24435
13131 9 4014
31064 9 23159
1905 11 24860
16287 9 23490
10235 9 12689
1523 9 16838
29307 9 10381
6635 0 14807
21944 11 22240
14533 11 14679
15187 11 11911
28011 9 13455
15484 0 19721
18269 9 32592
4249 0 507
23449 9 12689
4565 8 28443
28777 9 15090
10596 9 4817
12605 0 13628
32235 4 23608
27111 10 8002
9457 9 10904
27566 9 12689
12689 9 26442
3623 11 24956
32344 0 15948
3124 9 11055
16968 9 9438
9634 9 28011
21680 5 12208
12689 9 12362
19315 0 7755
4012 7 10648
28011 9 6980
21863 9 12689
3354 9 13826
18751 6 18751
28011 9 15815
14844 0 10239
11019 0 32387
29132 9 29700
32161 8 26261
26124 9 31942
20770 0 2317
2375 9 7808
32863 0 7407
7009 9 11323
33311 9 10235
28108 9 5427
2375 9 21273
1189 9 7314
24011 0 13774
7247 7 25669
12689 9 12289
22567 3 3236
12208 6 28402
12289 9 28011
353 11 6952
16684 9 21335
13750 9 12689
2185 10 4712
11725 9 28011
22433 6 23687
20942 9 9740
18907 11 28734
28011 9 9078
27844 9 23490
1523 9 28011
22251 9 24860
12689 9 9634
26091 0 833
12689 9 28011
15690 9 2375
7933 9 19384
31394 0 24255
23718 9 8872
30475 9 12689
28011 9 16492
28011 9 9667
19722 9 12689
26761 0 15370
28011 9 12689
17884 9 11886
7910 9 227
28650 2 14290
2183 8 1613
3245 9 12689
3914 0 10354
22216 0 8340
2389 6 26905
12800 11 25710
6414 9 11426
22911 11 22518
4122 5 19802
27423 0 13700
18787 0 21853
12362 9 28011
17254 6 12124
22374 5 8182
19211 9 13236
3506 9 21257
22427 9 10380
19465 11 16963
2375 9 16287
4655 9 31368
21317 6 9642
17527 5 19087
22982 11 25964
15312 11 29673
28472 10 20226
32667 11 19314
30114 11 23726
9353 9 28011
13493 9 12689
12689 9 16888
7711 0 14152
8466 9 18081
22982 9 28011
28011 9 29092
20402 0 30719
4888 9 4937
12046 0 21228
24427 0 28816
1253 5 16774
26352 0 22612
15393 6 27331
14176 0 22607
27845 0 31607
12689 9 28172
1900 9 23496
28764 9 22406
28849 9 17539
7258 0 30058
98 2 24164
17013 5 24693
9419 9 30
17770 11 20844
16287 9 1331
7651 9 26082
26255 9 30941
6537 0 17483
5268 5 5757
12390 9 8904
17389 0 24521
12689 9 27466
7131 9 20800
10785 9 12689
3858 9 3858
22320 11 31234
27689 3 12383
15602 0 18056
12689 9 7183
78 11 6883
32863 0 15428
15863 11 28819
23116 7 9194
17512 8 14228
5742 9 4532
16442 0 6142
30618 11 1008
25156 9 6032
12689 9 1173
23187 0 26450
15273 9 9634
13712 11 8850
31951 2 29754
12689 9 16121
10197 9 27532
16496 0 3895
2972 9 28011
3764 7 24975
1326 9 27660
900 5 23740
12689 9 27844
12019 11 22093
19684 11 19252
14397 5 33324
30142 9 28011
15419 9 9329
12411 9 819
26610 11 18269
2074 8 19151
28011 9 21273
12208 8 21680
5188 9 25973
18135 0 26296
5440 9 12689
12264 7 33238
14033 2 10899
6142 3 16442
22174 3 33311
24641 3 10936
783 6 2138
11807 9 7808
10252 11 9145
23159 0 3218
9419 0 12308
3914 9 28011
19665 11 26295
29130 7 2792
3478 1 25270
7281 5 14799
27015 0 15112
12753 11 14042
22427 9 28011
12689 9 12689
26815 9 14184
1902 9 12689
13022 0 2316
31400 5 3551
4249 9 28011
26445 9 27024
5880 9 32892
12689 9 6297
5515 0 19788
2728 9 31878
536 9 30003
22080 2 22339
24527 9 32951
4204 11 9669
29038 9 4249
12000 9 19211
32488 9 28011
20903 11 14329
5947 11 6456
9320 11 5796
29038 9 18326
13532 0 8947
5906 9 31710
13474 5 8143
24829 9 31946
12289 9 20226
28938 9 12689
9419 9 4694
11044 9 16684
9409 5 22763
12289 9 12689
25122 11 25457
17155 11 12915
16700 0 26341
3715 0 21921
287 0 28493
12289 9 4433
12689 9 12689
23025 1 32487
13697 9 12689
20925 9 28011
6071 11 30414
11596 9 12689
16684 9 13423
15862 9 12689
17852 7 13534
12520 11 27294
12689 9 6927
21204 3 4249
11019 0 16974
9419 9 26036
12689 9 16458
23970 4 4071
5772 0 24511
33161 0 25070
18929 9 23592
24547 0 23787
12362 9 2137
20332 10 22811
31017 9 28664
12689 9 27821
6927 9 27015
22152 11 30833
27892 9 28011
14171 11 32005
25841 2 25061
14932 11 3468
3560 8 14085
11702 5 23723
11145 0 15090
4801 9 28011
4748 9 28011
24111 5 20257
28011 9 12689
29430 10 28375
12289 9 12689
98 0 540
29111 11 10227
20648 7 4878
18471 9 12689
6954 9 2427
18079 9 14308
2557 11 32587
10649 10 31444
3717 9 15701
25807 9 9509
24643 9 19025
32060 0 17819
18698 9 1728
22560 2 16968
33063 0 13526
14869 9 28011
9361 11 30939
25197 9 29583
30571 0 14708
7190 0 16002
25015 0 17828
12689 9 4801
14047 8 7709
24608 8 28212
12689 9 2402
12689 9 5440
5618 9 6100
28225 0 21665
1721 9 12689
18977 8 358
858 9 6578
28600 9 12689
30513 0 32501
6976 7 29803
30785 9 15379
8658 9 12689
6484 0 14659
19049 0 24475
12689 9 3046
28011 9 12362
25454 11 9285
10017 10 20226
19808 9 12689
30580 11 1735
27015 9 31148
13359 9 7808
12689 9 12121
4801 9 11193
12689 9 26564
25562 9 27844
29038 9 26982
2855 11 24712
31394 0 24255
3239 8 1432
28930 9 28011
15724 11 8034
12689 9 22324
8449 0 15701
15579 0 12994
28011 9 1952
20073 11 16044
26756 11 6427
25315 9 18714
12689 9 21847
3888 11 24023
16797 11 24547
26785 11 30414
28614 9 12196
9817 9 28011
2375 9 15367
6950 9 21388
21273 9 9634
378 10 12345
26459 10 11955
175 9 12362
27838 11 2558
10220 9 15017
18916 7 5486
10918 9 28011
12689 9 9457
440 9 27660
9634 9 6617
12437 3 10936
7659 8 22180
25770 9 17867
55 11 25191
17412 9 23159
31951 2 28144
28011 9 17867
30774 0 16355
6578 9 12689
11405 0 17790
7808 9 9457
14089 6 8586
7452 9 21908
28011 9 2708
4249 9 13993
24909 9 906
4801 9 13127
32309 9 25315
14214 9 28600
6578 9 3354
1728 9 3231
22066 11 18876
14214 9 12689
22660 9 28777
12046 9 29637
28890 9 4615
25958 9 1115
24286 11 16859
25482 0 2210
13551 9 12689
28766 0 21650
7752 6 30153
17315 9 20920
24671 5 9698
9729 11 25472
15815 9 28011
2767 11 29529
30342 11 25633
9634 9 25315
19168 5 30356
27194 8 15778
27336 11 29779
6950 9 33251
4249 9 7314
14123 9 27697
29188 11 12345
19420 9 98
22093 0 25597
22982 9 98
3947 8 284
17611 9 20325
13832 9 71
9285 0 16376
8523 9 18641
24764 8 19809
12689 9 12689
9996 11 25092
6598 9 19387
25659 9 9396
19087 5 13146
31903 9 28011
17963 8 1345
6100 9 9823
21381 9 12689
12188 5 11417
14118 0 14361
19238 0 18590
2708 9 9141
2207 11 28517
29884 11 18141
17941 11 25417
4179 0 25695
23855 9 25615
3249 1 17340
23564 9 17698
30384 9 28011
5468 11 20841
24635 0 33128
12794 9 25374
21672 9 28011
24517 9 28011
9149 0 563
20859 0 979
29129 11 30008
13419 9 12383
26677 0 5430
8936 9 12689
5426 3 21443
13989 9 28011
5988 11 32146
7695 9 12689
25141 2 19692
8904 9 21273
17298 0 639
4185 9 4801
7511 11 12575
12689 9 30828
12689 9 353
31462 0 24551
12362 9 4249
14308 0 17284
4801 9 3354
8850 0 23479
6008 2 7525
22251 11 28651
11148 9 28365
20802 11 16912
1036 9 18425
32482 0 2375
29411 9 22251
28011 9 12689
15136 9 12689
28018 6 21810
18201 9 28011
26843 6 14306
8704 8 26542
4347 5 19508
2759 0 18611
24839 0 26653
16376 0 17781
28286 9 23449
6896 0 17839
28011 9 17698
28011 9 12689
19799 9 28061
13249 9 4655
8315 0 32710
14817 0 11017
16492 9 4900
17828 11 650
30564 9 25196
25874 0 25176
16579 9 21021
12689 9 20698
19276 9 3402
5086 0 24091
9634 9 22022
16195 9 14840
12994 11 26499
27821 9 11807
28011 9 25953
14059 9 11732
1134 0 18887
15764 0 10083
13578 9 28011
14882 0 17747
15470 11 7741
32473 11 895
25710 0 26366
7336 0 20980
25695 9 18714
21662 6 27371
1033 5 17393
26295 0 24953
12289 9 26001
18711 3 29311
13493 9 12689
12689 9 12689
12689 9 31934
26804 0 21201
7755 9 9823
9006 9 28011
13493 9 29154
24600 11 13632
13783 11 25720
11163 9 29725
29616 9 15393
28011 9 26110
22724 0 24387
16968 9 23855
14151 9 22018
28011 9 30674
6927 9 28011
906 9 6848
8670 0 18804
28011 9 6100
6455 0 14861
28011 9 12689
10509 9 3534
9976 9 15107
13236 9 19804
28412 11 32942
29411 9 15984
14776 9 17748
23490 9 23466
15588 0 7058
12289 9 1112
4737 0 21481
15633 0 19050
22776 11 24044
32897 9 21672
25084 11 1306
32235 9 25902
29547 9 7910
28011 9 18013
2580 11 25472
27682 11 28805
5402 4 1447
9936 0 5365
28011 9 30258
5667 8 27795
29482 5 2825
14613 11 1735
5456 7 31616
31057 8 23127
13035 9 7939
19732 9 12689
31655 11 25439
3658 9 5430
19742 10 23299
18471 9 12689
22298 0 17037
13485 8 13142
24284 9 27794
28011 9 27463
25719 6 26957
26260 11 9244
7711 0 17842
1173 9 27844
9634 9 10860
21726 9 6282
31091 9 31940
8759 9 12689
21843 3 3697
22339 11 10135
28591 11 9973
16255 9 12689
8595 9 15984
27430 11 29307
21121 0 7650
33177 9 12289
16018 3 25552
17287 9 28011
30669 9 12069
23781 6 1170
23449 9 19205
6858 9 20513
32721 9 8253
28708 11 25775
12449 9 16378
85 0 12123
16832 11 20039
23032 3 6943
21273 9 8402
18758 0 23140
19208 9 17867
20844 0 3327
19413 9 9634
19464 11 19396
28486 9 23746
27167 11 19692
12689 9 28011
12689 9 5827
6420 11 27190
18898 0 12752
24427 9 27953
15483 9 12689
32563 11 24281
7952 9 14878
28136 9 14032
17492 11 16496
7869 11 33326
9814 11 3543
24829 9 25315
8912 9 8414
689 8 526
23598 9 2501
20325 9 2375
18567 9 8466
30398 3 4249
31565 5 22198
23466 9 28011
12689 9 30779
26499 11 15633
4917 9 2792
25715 9 13419
7596 11 7324
32388 0 1587
12521 9 6926
12689 9 1869
29637 6 25868
30300 11 16895
14508 9 21672
26340 9 3548
26651 9 18616
12289 9 12689
11880 8 32505
4743 9 11195
7158 11 1216
25794 6 24122
12689 9 32277
29100 0 16745
12689 9 28011
897 2 30496
14878 9 25937
15939 11 13641
5880 11 15598
1581 0 24510
3510 6 11572
25417 2 9468
4526 0 692
121 0 5652
31143 11 12864
11773 11 7268
894 9 14106
11106 9 12362
30209 9 27660
23271 10 31785
29184 2 32457
10883 11 15284
2809 11 8937
8740 9 12689
25534 8 25068
8896 9 30830
25196 0 1497
9309 6 20447
6919 0 17611
11345 0 15154
3697 9 6100
5294 5 26380
31123 9 9457
32594 9 3336
2547 3 23575
3821 11 10796
9104 9 19464
15969 9 7329
24983 11 18094
26886 7 678
18196 11 28540
8989 9 1093
3914 9 23390
28540 9 6250
27015 9 18471
21381 9 98
27477 9 19383
28777 9 18988
6578 2 13680
32108 9 23824
2708 9 23769
22463 4 24809
12689 9 12689
26056 0 2158
20160 0 31601
17589 10 18471
24888 8 32366
11169 9 21370
23881 0 22044
23982 6 26503
6100 9 12689
28011 9 8456
28011 9 19568
18988 9 894
31368 9 28011
28011 9 12289
13419 9 8101
12874 10 20226
18670 9 12689
20261 0 4510
20491 0 19790
3675 11 15764
9634 9 8523
16190 11 2558
2148 9 5084
9509 9 4619
28011 9 9823
19344 5 2183
23779 6 30712
28011 9 28938
12362 9 12689
3559 9 24527
28011 9 12689
23943 11 9167
23598 9 17539
18322 9 28011
14655 2 11022
2840 7 27874
28209 11 16496
28011 9 27574
28011 9 33251
14214 9 31946
31942 9 31730
13018 7 10949
16121 9 29086
29608 9 32951
14111 9 31946
32429 9 1093
24375 9 13832
20237 0 13156
30523 9 4014
1567 9 10235
20549 3 1220
27384 0 13939
27202 0 26867
27347 9 7498
12689 9 12383
7730 0 3116
3231 9 12689
16044 0 23670
1669 9 20652
16568 9 11268
18156 8 25873
2538 9 2875
29576 5 13485
27411 11 9781
7552 9 28011
11277 7 18594
8614 11 9128
11587 8 24361
21273 9 17463
8993 6 15453
21826 9 12689
2375 9 5439
12689 9 32200
14562 6 21986
28325 11 20844
28011 9 12689
32863 0 5608
22 10 19298
31378 5 23112
25966 8 30641
9812 11 29100
12689 9 1623
26768 5 6801
11417 8 17207
27284 11 29657
12689 9 16684
12208 8 21470
22729 9 9324
17851 11 22037
14502 0 6524
20612 9 28011
17748 9 1112
12689 9 12289
7866 11 26209
3336 9 2375
1481 5 6688
11114 11 5551
20652 0 1408
12221 0 1303
20266 11 26352
4801 9 5465
19938 0 3190
16599 9 11130
14662 0 16299
15731 0 4814
19211 9 18201
13977 1 6321
23781 0 14128
21218 9 28011
6397 0 263
2613 11 28983
20359 0 11597
27660 9 27200
9225 9 21540
4335 0 33123
27719 8 32447
26834 0 18463
24003 11 18265
4009 11 21753
19663 11 31211
29311 9 10381
16492 9 24085
27568 10 3808
4801 9 6908
12689 9 28011
17867 9 4448
33313 9 21280
22031 0 4255
28011 9 12689
14068 9 19956
3231 9 23041
6442 0 7389
12689 9 23855
8374 9 20281
28417 9 12234
1498 8 23264
24238 8 24249
13485 8 30484
8473 9 26429
11481 11 20732
11235 11 32863
3004 9 15969
28011 9 7306
8686 9 31946
4401 0 18988
28011 9 22123
15165 9 12689
22482 11 15794
28011 9 12289
2933 9 12689
14518 11 13714
8240 9 22183
13786 11 6537
25837 2 587
26377 9 17507
1691 0 33183
21362 11 29964
23159 9 31064
25558 2 19008
24542 11 25710
32246 9 28011
2327 9 17307
3448 9 23914
27028 9 6954
12689 9 25902
19384 9 12689
6427 11 7901
22488 9 8402
30490 11 10931
32440 0 29679
31955 0 31111
2938 9 12689
23635 10 6008
30434 9 18670
25964 9 22982
30758 9 12289
19219 0 4817
23824 9 28011
23575 9 98
16079 6 18166
9973 0 21803
28011 9 31903
16156 2 15793
2456 11 10982
19485 11 19157
13236 9 1115
32095 11 20562
17653 11 28692
15212 11 24468
8759 9 18443
23413 0 24658
4838 9 16378
11110 0 27387
13409 9 6118
18322 9 12689
12289 9 12689
10716 5 21398
17672 9 12689
4905 9 12689
7201 6 12830
8516 7 24598
12689 9 12289
3333 9 28011
9795 9 12689
28741 11 18174
21673 0 194
4839 9 29725
13229 7 5157
8670 9 4801
21257 9 4249
17226 9 12689
28011 9 29038
3518 5 11587
21907 0 24506
10252 9 28011
12289 9 28011
3569 9 4433
27067 9 1084
31946 9 3004
15180 0 24181
8863 5 22077
17254 6 25678
10905 5 4106
26416 9 12289
16968 9 9552
12689 9 12345
28011 9 16476
4757 0 5040
28011 9 12945
29385 6 2925
12234 3 4249
32216 0 8135
10509 9 14059
21964 8 23934
13050 7 24952
30348 11 28020
9634 9 28011
31819 9 30049
25729 0 26730
12087 9 28011
2670 6 19389
12301 8 12766
19586 11 243
9509 9 17867
5156 8 22330
31946 9 19025
29978 9 33197
33024 5 25681
12689 9 6927
30669 9 8322
9515 9 28600
32852 9 13280
7808 9 12689
1001 5 10511
31856 11 5179
28011 9 33311
6818 9 3972
12689 9 906
28011 9 8936
6162 5 16303
3231 9 398
28011 9 5995
7801 11 22061
9225 9 16492
22982 9 14214
11288 11 9244
22764 4 15026
32277 9 15423
26981 9 15003
13131 9 3955
26871 11 30412
17673 2 8662
19525 0 23555
4636 9 27150
6008 2 17290
8904 9 25945
5719 8 7483
3965 9 20513
1310 0 3751
11957 8 11958
3697 9 16093
8820 7 5157
28011 9 23633
13210 9 353
31075 9 28011
11464 6 1234
2391 9 16884
14273 9 33245
20226 2 8582
29411 9 20291
31710 0 30634
1966 0 25635
28011 9 17241
15352 0 16997
17867 9 17867
4801 9 24878
12689 9 4249
32869 8 32022
20874 9 17867
20408 11 15764
897 2 29539
16888 0 25599
4858 5 30744
29038 9 32592
12289 9 12689
13493 9 24829
26843 4 24760
12689 9 858
31576 0 4220
26793 9 2680
23411 9 12689
12153 7 33272
20070 11 1790
897 2 26135
19560 0 11694
12289 9 24293
1646 11 8955
3613 5 21142
4249 0 23284
28777 9 27927
24185 7 2695
397 6 27355
12689 9 12689
25963 0 15537
5281 0 27053
7223 9 32215
30639 0 5388
28777 9 353
29032 9 12689
13956 9 14480
3534 9 12689
20958 9 25821
12362 9 5834
16160 7 24975
353 9 28011
9756 9 14691
23742 0 5979
28011 9 21908
27953 9 22729
31569 1 7902
7459 0 20913
26266 0 275
12689 9 23449
10442 11 23689
22959 9 29601
1740 9 21629
22444 9 22982
22199 6 25017
30308 8 4593
28011 9 17808
12689 9 32582
8859 0 15415
18976 9 9823
29177 0 20927
6487 6 9459
5545 9 19751
25606 8 23219
6786 0 3837
18901 9 28011
29821 9 28011
28547 1 31383
32103 9 12689
6021 9 32861
9973 9 15419
885 9 20946
27187 9 28011
23599 9 16838
4293 9 9515
12689 9 16087
11367 11 3374
28011 9 21908
3620 9 3620
5420 9 12689
21654 5 16407
14105 10 15650
3717 0 16993
26352 0 26962
3096 6 8959
23449 9 22565
7793 11 24839
28322 11 29468
820 6 16273
2290 9 18425
31864 0 14089
12689 9 8107
12889 11 24963
11961 7 7453
12689 9 16963
11581 5 12135
28011 9 15379
9758 7 30064
27028 11 28777
6427 0 26756
25995 5 26279
21951 8 27397
6617 9 9550
12449 6 9285
25921 11 25915
2792 4 20322
6313 11 15334
18760 9 27794
32793 8 14613
16838 9 12689
22565 9 12289
4139 6 4524
3697 9 20048
32016 0 17815
12689 9 29821
18072 11 3173
28011 9 17383
12781 11 14662
3424 11 14678
31038 9 20826
28011 9 3245
12121 9 12289
10451 0 18065
20393 7 14162
20041 0 2838
22983 5 23509
12362 9 28011
8493 11 9892
22031 0 29336
15349 0 26702
17256 0 12582
5729 8 17094
19416 11 17455
20896 9 12689
8595 9 12121
10197 9 12689
29678 8 22449
11808 11 10518
31782 9 12689
17891 8 30859
23449 9 8936
16176 8 26183
12689 9 21257
12289 9 19130
12689 9 11846
14911 7 2792
23348 8 15578
12362 9 98
21057 9 12689
29510 0 2513
28011 9 28011
12689 9 1326
21915 9 27798
29821 9 33191
14402 9 21826
18214 0 10668
9593 9 29927
21057 0 20975
30190 11 25070
4905 9 12689
21221 9 28011
10332 6 12117
22931 11 21981
12689 9 19296
3486 7 22971
15284 0 13629
24124 9 2446
14530 9 3559
29433 11 7064
9421 9 7910
12601 11 5772
27517 0 18782
33311 0 23560
27028 0 25502
31782 9 3954
29472 9 2941
28011 9 12362
25650 9 28011
23855 9 8466
18929 9 32278
3569 9 8407
7602 3 31075
8224 11 3830
6711 9 4905
16499 0 547
32074 7 12810
12689 9 7329
9457 9 28664
19384 9 9144
28011 9 15178
3885 9 1112
6333 0 27123
14032 9 9529
18938 5 12450
12689 9 23449
32110 3 438
4801 9 7316
12362 9 8657
28006 8 7075
23683 9 28011
2959 11 1170
27794 9 12689
6877 5 19584
14026 7 14026
26001 9 28011
5702 5 22708
23506 11 7785
8514 9 2933
19059 9 8277
13611 5 32714
2792 6 9193
14462 9 12289
16309 9 26445
7983 5 2181
26377 9 29968
9008 11 27521
24658 11 19834
6100 9 12689
13957 11 22031
11186 0 16614
6414 0 9481
21331 6 10540
16867 0 26031
26316 9 32592
9509 9 7223
17731 11 10381
10178 9 14879
12689 9 12289
7239 9 28011
9320 9 28011
1494 0 24415
17884 11 9262
29608 9 21672
29039 8 29037
13131 9 12689
12362 9 12689
32250 9 697
698 5 22587
5481 9 32554
9839 0 14059
1084 9 4715
19810 6 6249
23300 3 2561
28011 9 18162
12962 9 17139
5322 8 29442
31427 6 6378
24200 11 3547
26124 0 567
23282 0 207
22782 0 2101
12689 9 13127
22100 11 17256
23159 9 6926
31782 9 282
12993 11 24839
13843 11 22482
5992 8 29058
6353 7 6385
20635 11 15650
8182 5 12400
10752 9 906
13313 9 22037
23466 9 27187
28650 9 30386
12689 9 14723
11132 0 9832
7866 11 5463
22534 11 15794
25098 11 4327
27331 3 19728
30463 6 32987
28011 9 20222
4039 9 9557
27015 9 9548
26110 9 2648
14214 9 227
30434 9 12689
28385 3 28810
12689 9 4743
15690 11 19766
27881 0 24950
24547 0 22209
31347 9 11106
4979 9 18929
19967 11 15602
4654 9 28011
3795 11 27386
12689 9 20826
11234 0 26656
31908 9 28777
11426 9 27024
5293 9 23729
27301 10 14485
14423 7 16792
21937 0 29065
30168 9 15483
12689 9 28011
11806 11 21725
26266 0 31614
9823 9 20513
23781 0 26949
28011 9 12289
20665 11 9990
1346 5 11535
12689 9 9015
25837 2 33069
18936 9 5796
30115 9 21257
2528 9 323
398 9 2336
17930 9 15242
26781 0 28247
10139 3 4249
28011 9 19276
28011 9 30258
32706 7 6344
15348 11 25917
12289 9 23855
28011 9 9419
26765 6 15606
4801 9 10785
12689 9 10917
20019 9 25772
30286 9 12689
19276 9 12689
12362 9 33319
7695 9 28540
29371 5 13942
2221 5 20175
3231 9 28011
28011 9 9020
20813 0 17233
29750 9 3448
32052 0 12674
12689 9 14314
2612 8 29223
6483 3 10150
6016 9 28011
22318 11 12355
21273 9 30389
4710 8 4203
12342 5 9483
4801 9 28011
32235 4 33263
506 9 14214
27341 9 10269
3761 0 2599
26700 0 20872
12000 9 28883
2147 5 9591
3972 9 22237
28011 9 16093
19807 5 19807
27024 9 4801
9820 11 7064
12689 9 32250
10962 7 720
20898 0 1234
19343 9 20908
22945 5 11847
20426 10 1189
32670 0 22069
31123 1 29472
20428 0 26705
26791 9 7121
13547 11 8363
5618 9 28011
4182 0 4770
3046 9 27477
12689 9 21331
29328 9 19690
13493 0 1086
7608 9 12289
4433 9 18737
11596 9 28011
26031 0 16243
28011 9 28011
21863 9 23873
32592 9 19072
17145 0 18737
1523 9 16287
21826 9 22013
25018 3 5645
4801 9 27669
28011 9 32594
21672 9 28011
25795 10 125
17748 9 12689
13697 9 15273
20610 9 5901
28011 9 20062
9634 9 12689
30258 9 29957
15794 0 9111
12289 9 13131
1649 11 12845
25067 0 32921
3614 9 28011
3914 9 20575
14776 9 24651
32235 4 18259
3801 0 28400
12689 9 28011
31756 9 23252
13048 9 2336
2816 0 27105
12689 9 30151
21011 11 23282
15764 0 9850
31201 8 22612
21257 9 16378
32259 11 32977
28633 9 23855
28195 11 13487
31991 5 28308
12411 9 13359
15273 9 12689
17950 9 29076
5440 11 21309
18183 11 28635
1570 5 13608
22406 2 30235
15966 0 5747
12488 8 4677
12689 9 16309
28011 9 9754
23053 10 30937
32444 6 11392
323 9 12689
15489 9 28011
858 9 25772
12689 9 1115
18501 11 18552
28449 2 3154
7971 5 17097
2077 11 6928
6635 0 14845
12689 9 29411
13603 0 31884
25576 11 28862
7493 9 12689
25070 0 26256
1112 9 12689
1169 11 32202
28664 9 4532
5157 9 5157
23954 11 29376
6473 11 14662
20501 8 5575
5743 8 25094
12281 3 24685
13269 11 1176
27703 9 28011
16583 0 4354
9550 9 10092
16728 1 25932
9149 9 3506
12289 9 28011
20549 9 28011
4405 9 33191
17054 9 12689
2375 9 12606
32659 11 25780
32629 0 14376
12689 9 9324
2792 9 9634
28011 9 17129
13236 9 4801
4039 9 28011
22158 10 21987
13131 9 28011
12689 9 19690
12689 9 28011
4014 9 32278
28011 9 3972
20513 9 10785
1449 8 14941
21705 9 27420
145 0 22861
19264 8 20837
16826 9 12689
12090 0 26833
6118 9 16309
29874 0 27205
23855 9 12689
20011 9 12689
24839 0 3452
28172 11 30939
12689 9 1112
9634 9 19732
27295 0 189
19343 9 3193
2319 1 14241
27991 0 9623
15778 11 9880
23519 11 27477
28011 9 6980
6112 9 3169
1112 9 18737
12689 9 1201
16090 11 24839
28011 9 29153
31075 0 1464
20910 0 26257
71 6 20686
18929 9 29038
17991 6 21570
8523 9 19073
27389 9 25337
32414 9 23878
12289 9 6362
19543 9 28011
10038 9 19387
28011 9 28744
19804 0 13827
6749 0 3994
28011 9 12689
25417 2 3437
4307 3 13493
6413 11 26795
4536 0 5653
6954 9 4801
28011 9 6503
5050 11 15633
32235 4 1841
24140 0 14294
10336 9 32673
15136 6 27015
29927 9 4801
9438 9 13236
7702 11 16790
18936 9 21907
15047 0 25907
28333 11 6980
8750 7 20945
15273 9 12689
25315 9 24829
27362 9 6902
20894 9 26429
9149 9 26958
3902 9 12187
4665 11 30654
28011 9 26699
6348 8 4106
15487 0 27440
13131 9 7695
18476 5 24482
12689 9 12383
6901 9 8514
9634 9 30512
23466 9 15664
18723 4 6307
23677 11 24839
23282 0 341
9859 9 7498
28011 9 33319
31191 2 14088
30655 9 12689
28983 9 12845
17347 8 12815
20982 11 14530
16353 11 27295
26847 5 25477
8850 0 10022
27015 9 3697
13048 9 18013
21564 9 4694
12689 9 14691
17254 9 12689
28998 0 2628
27386 11 21544
12289 9 12689
20200 0 29194
19933 0 1801
16853 8 29104
28043 11 9669
3829 10 6008
13384 9 12689
30721 7 30269
25650 0 4293
31645 11 7311
2645 9 1112
3231 9 10509
24093 9 6100
9662 10 8988
31739 6 23414
12289 9 29720
18013 9 12689
22637 11 27659
11128 0 19255
9457 0 20384
7563 9 1112
3615 0 19934
11462 10 20759
12689 9 18269
29100 0 5239
21021 9 17830
12689 9 16070
12689 9 6092
9729 5 24015
12418 11 26506
12689 9 1220
26001 9 12689
23212 9 27064
31240 11 20768
19363 3 27656
1187 8 25343
25710 0 10691
15245 6 15245
13068 7 9193
12689 9 5420
18557 9 12689
32863 0 26448
16496 0 10665
23411 9 7223
10065 9 3276
2375 9 19130
4953 0 7110
12289 9 227
13935 0 9121
1558 9 21672
32281 0 14215
27167 0 7122
16680 0 24066
26036 9 5084
10648 6 30860
31017 9 23391
15289 11 17114
12689 9 4905
24839 0 33291
33172 3 4249
30387 9 1112
20437 7 26014
20303 11 29988
33066 9 12689
23742 0 2403
21772 6 24183
7369 8 25471
2923 0 21307
28011 9 12689
28011 9 17940
13141 6 16584
22460 0 12994
33259 0 9889
20770 9 20098
12689 9 27024
20143 5 14549
3914 10 6008
28011 9 98
4014 9 858
13848 0 25032
16344 8 18000
29038 9 28011
21060 6 24666
13049 0 12123
18951 9 12362
21478 5 18930
155 0 31671
15301 11 24839
7695 9 3697
26001 9 16121
5796 0 11245
7227 9 28011
7303 0 21162
115 0 22893
24262 9 10796
944 9 32277
71 9 14104
12689 9 31061
12689 9 31451
3697 9 13189
17846 9 9329
12689 9 31946
21216 11 16723
727 6 32479
3405 9 21908
12689 9 23855
33272 6 12153
9823 9 5845
12086 9 28011
9726 6 643
28011 9 2629
12121 9 12362
6590 2 23145
4413 11 19211
2708 9 27794
12689 9 12289
7695 9 24829
32552 0 7875
30269 9 28011
2938 9 23855
3972 9 20942
20533 2 29972
7910 9 32134
12689 9 22918
12289 9 4433
15673 0 15235
18723 9 4917
21892 9 1586
8281 8 10523
17698 9 12009
14662 0 20577
28011 9 12289
11656 9 18326
17701 8 24761
27470 8 9317
21381 9 19211
32077 11 17224
27195 8 15569
14691 9 27532
7371 8 19475
13739 0 11111
8930 8 3750
6470 5 4834
29472 9 19808
3575 9 28011
20805 0 20019
12689 9 23712
30639 0 8802
15633 0 29642
15814 9 22886
26982 9 12289
12289 9 17624
777 0 33278
10145 1 10218
9394 7 9394
3782 11 14033
21003 8 26021
31825 9 7223
12362 9 27024
31934 9 6923
19380 11 25023
30049 9 3354
27728 6 17201
11584 11 15633
15529 7 26001
30757 11 11844
12689 9 12689
32235 4 10531
10498 0 614
12179 3 13603
22286 0 12225
21931 0 18146
3569 9 18936
12689 9 28011
23024 11 8811
14863 0 9711
28011 9 15349
14214 9 23914
4161 9 28011
22164 7 12826
20627 3 29977
23305 11 46
12780 0 19086
18111 11 18171
28011 9 9309
24507 9 12689
15695 1 3489
12289 9 12689
6854 0 31665
14439 5 21351
19033 9 26442
20019 9 3972
28011 9 8129
28777 9 17307
9291 3 20884
32921 11 16174
9823 9 12055
32236 11 23711
26396 9 28011
32885 9 28011
12689 9 4764
8543 7 24629
22368 11 14419
6954 9 9509
6724 5 657
13490 6 24743
15273 9 27519
32680 8 2769
12517 9 28011
12689 9 19384
6873 5 20600
7131 9 28011
16178 11 14879
23143 7 4073
28011 9 21462
25633 0 13171
19413 9 3448
8277 9 28011
30360 9 12689
19129 8 25929
32644 11 6262
9162 9 12689
29735 7 28638
12689 9 9194
12689 9 27024
4556 5 18018
28011 9 12689
28782 9 12806
8103 7 17783
11280 9 27187
30434 9 15701
2569 9 12362
2625 5 1351
28011 9 25993
11106 9 11086
28033 1 17220
4707 11 10796
31782 9 1189
20795 0 24573
28428 9 3354
12689 9 1714
6288 9 12689
30414 0 29299
2375 9 12132
5618 9 12627
21273 9 27697
25113 9 28011
12363 10 7909
3245 9 15242
12756 0 31413
30742 9 2375
2887 11 25070
2375 9 13236
9464 0 5582
5529 7 3269
6913 9 13424
12149 9 23642
8246 9 28011
2933 9 12689
7284 9 28507
29646 9 21669
12689 9 18970
12689 9 3697
24851 0 10036
25402 0 13214
31129 11 14723
17698 9 29616
9766 2 26411
28011 9 8658
22987 5 31438
28650 9 12289
12689 9 8936
18269 9 19211
9154 9 14934
21363 11 16295
17906 9 9020
33319 9 6923
13018 11 27896
13252 0 19605
11750 9 7654
2933 9 30726
18228 0 2337
25222 9 26985
14530 9 30049
20894 9 33311
28011 9 2641
12362 9 28011
31091 1 10191
17982 9 28507
3348 11 9784
7143 3 13603
12689 9 12149
23148 9 23877
28169 11 9705
32501 9 26340
23073 11 19259
11228 9 12689
28011 9 25772
24396 9 17418
4293 9 29608
3914 9 30244
26564 9 10596
28063 9 12689
14879 9 28011
12289 9 32414
30111 0 19932
12689 9 5768
11287 11 20160
29608 9 28540
28011 9 19211
22234 11 18580
28011 9 2041
1043 9 19728
6747 11 18269
10741 0 14308
33313 11 31825
28011 9 9823
9340 11 20779
12289 9 16378
27844 0 12247
32594 9 16718
12289 9 3354
33177 9 7910
12689 9 25220
28011 9 11778
6678 0 33235
23257 4 10720
28650 11 19482
6971 0 291
15682 0 9243
6870 11 27852
7276 0 16147
8177 0 5465
11294 0 25682
18507 0 21782
1335 9 3245
1988 11 17611
23397 0 3709
17814 11 20631
9144 9 17934
2375 9 12841
9602 9 9754
10478 9 21875
18567 9 17698
18929 9 4847
3972 9 6913
1409 11 21824
1556 5 1594
24547 0 1915
12383 9 29793
19276 9 25196
14267 9 19211
11186 10 31191
32550 0 12226
23148 0 29288
12689 9 1067
6686 5 10993
14480 0 16857
4917 9 9419
31304 9 18018
6467 9 22068
32892 9 10796
21575 9 12689
14485 9 13314
10225 9 9634
906 9 9149
28011 9 8414
7391 11 18135
31196 7 20494
28011 9 12689
28011 9 4905
12905 11 3953
3868 3 21712
18899 11 6165
28587 5 17263
2007 9 7651
17351 11 11727
25315 9 10135
20434 9 19050
18265 0 24003
13635 0 10891
4801 9 28011
17611 0 3169
12689 9 9634
31335 11 22615
8466 9 12689
28540 9 8277
19804 9 28011
720 6 2202
13714 0 7525
18228 0 9285
21273 9 12689
8657 9 28011
28011 9 12289
6578 9 17950
11785 11 15598
29864 9 12689
3375 0 3547
31337 11 18860
12689 9 12689
32636 0 30219
28011 9 18714
7064 0 28750
27965 7 10893
12689 9 20942
6274 5 1556
20226 2 19499
9149 0 18951
7677 11 11187
16044 0 29987
25084 9 29796
13384 9 10509
3959 9 32429
12689 9 19315
31970 9 9515
30382 11 11097
13372 10 6578
18379 11 22031
9289 11 8260
27797 9 538
14927 5 22951
1691 0 12142
22018 9 1112
20192 8 24316
21388 9 14878
15453 0 7463
28011 9 14884
5465 11 22615
16287 9 906
8774 8 30380
12289 9 28011
26875 9 29821
9660 0 587
8466 9 29750
32587 0 6080
4039 9 1115
19398 1 15512
12689 9 17254
31756 9 7519
9181 0 16636
26983 11 29528
20745 9 12689
4801 9 10706
4801 9 12289
28011 9 29966
9834 9 2377
12689 9 25893
14662 0 5075
9634 9 12362
5764 10 2886
6445 7 9830
32636 0 283
19533 0 13499
20770 9 22257
3697 9 23832
12893 7 25350
30841 11 4525
12390 9 19204
18479 11 19560
31129 0 5737
20226 2 24222
13810 11 18178
21896 10 18304
31477 11 27649
16656 0 10445
21770 9 28777
17826 11 27443
12689 9 26008
13420 8 20247
19864 3 14456
22406 2 31053
6351 11 5799
3697 9 4647
30301 2 5313
12777 11 6118
14214 9 28011
12689 9 19276
12689 9 29318
10225 9 21984
12689 9 14319
16684 9 13469
8240 9 14858
6644 11 29456
8936 9 27028
28777 9 31908
14668 8 18805
6954 9 10177
12689 9 15273
32252 9 23185
4309 6 16495
4182 0 2997
22251 9 15579
2680 9 9756
18714 9 2792
28449 2 9380
611 0 8372
404 0 1426
2795 6 315
12362 9 28011
4874 9 6578
25051 9 17259
31278 7 15393
6841 0 24434
30917 0 22986
12689 9 19986
27821 9 26982
33319 9 10644
33253 11 22724
12689 9 18929
6617 9 28011
7306 9 28011
9756 9 28011
32357 0 28084
2435 10 11828
21273 9 9634
12289 9 7792
31946 9 7436
30981 5 13032
15510 9 20894
6413 0 21610
1620 11 31092
32235 4 9849
29559 9 27519
5785 0 9858
27187 9 28011
19351 9 28011
22919 9 16093
18614 9 5463
18105 9 29413
23877 9 17789
9285 0 24158
410 9 16121
12689 9 5360
28011 9 15579
31656 5 15117
30760 2 2254
13372 9 29656
2933 9 16287
17698 9 7808
4890 11 20212
12689 9 21437
32204 9 3954
5157 9 13313
8973 8 21600
8187 9 12362
12689 9 29653
25147 7 23452
25070 0 11887
3943 7 10067
11799 9 12383
30674 9 12689
3814 3 16019
10061 3 13493
17539 9 25315
17729 9 29367
15685 0 25560
9239 11 26911
7611 11 20844
16888 9 20597
6597 7 9740
599 3 28618
3067 11 32440
24749 3 6635
4801 9 12689
24299 8 31014
21544 0 12688
28699 0 6714
4182 0 10142
32863 0 3685
24079 8 716
13679 0 11709
12689 9 5465
32400 11 1988
20914 0 24615
28651 0 13089
28764 9 21574
8930 5 20192
13236 9 27028
28600 9 13874
32454 11 14839
8595 9 19542
21273 9 12689
22463 6 9535
23855 9 12689
30125 0 25021
22627 11 32440
18475 0 20838
21634 7 21839
18758 0 32196
297 8 3100
12289 9 866
29383 8 6922
5273 9 587
26442 9 12289
12362 9 1201
20496 5 24583
33120 11 15331
28011 9 12689
12289 9 17704
23781 0 5469
3368 0 16700
12689 9 28011
12689 9 18567
4177 11 16315
9769 9 28011
7131 9 28011
98 9 4249
4469 0 2351
10220 9 28011
31393 9 12689
1648 8 29744
21454 9 12689
13384 9 906
8523 9 9557
28011 9 28011
10360 0 30736
28011 9 29205
14363 9 6118
25794 6 26187
12030 9 28011
8466 9 28849
369 0 26331
13603 0 32220
10183 9 21257
24829 9 31922
6908 9 20652
20770 9 18507
5583 5 15084
17816 9 28011
3697 9 28061
1636 9 12689
20166 5 23799
21587 11 31500
7473 11 15016
1944 9 6696
26036 9 8968
28744 9 16968
16309 9 12689
3374 9 27013
18165 11 32005
30360 9 18013
5427 9 12689
16556 11 14001
30258 9 14241
9832 11 11132
12362 9 28777
28011 9 24629
21592 0 25209
2375 9 15984
23781 9 28011
834 3 31564
27669 9 8904
28807 5 17415
12362 9 520
24163 0 14794
8579 11 29198
16351 0 10513
12689 9 12689
9144 9 12689
12689 9 12689
22196 8 8417
28011 9 20814
6414 0 21006
14184 9 25222
18567 9 4014
4562 9 33319
27660 9 12689
28694 7 21331
20813 0 395
16646 0 16589
18885 9 8041
28412 9 9973
12689 9 16121
8473 9 12689
7947 9 13384
20232 11 8315
4249 0 33102
21983 8 19926
568 0 14351
1084 9 24795
2776 11 27015
18633 6 11319
24942 9 17805
7178 0 31568
30135 0 30096
10135 0 22339
28011 9 21057
4801 9 31017
25874 0 14795
11462 9 12689
23677 5 8765
16044 0 16349
27984 8 31892
25417 6 32820
28011 9 20908
3337 5 54
28777 9 16309
20226 2 5954
28011 9 23877
3448 9 28011
23422 5 10040
4637 9 12689
19722 9 25315
33046 0 16463
28011 9 24696
9634 0 15115
21045 11 20160
12689 9 29038
6100 9 8187
13186 10 33022
28689 8 4463
1463 11 29861
5084 0 17315
30301 2 32915
25575 9 12689
5662 11 20410
28011 9 24860
20130 3 13493
2375 9 32673
14897 11 32440
12689 9 29385
27512 9 4801
9220 3 28400
17393 8 737
371 5 25227
8033 0 16071
2978 7 12427
4562 9 10213
595 0 24934
14469 11 31061
25489 0 28831
6100 9 12115
28011 9 28011
32252 9 9634
27425 9 12791
6205 3 9839
12511 11 15316
353 9 28011
30049 9 5273
16309 9 10917
13493 0 22096
5127 9 2296
1162 0 2377
26008 9 12689
27168 10 125
7593 7 23144
10793 11 30425
6149 10 29106
15869 10 9766
26202 0 4193
12003 9 12289
5624 9 20805
12046 9 12689
5440 9 28011
4185 9 28011
20787 6 22039
19885 0 11824
22969 0 12265
31782 9 6617
22843 10 6008
329 0 11800
688 11 779
12036 0 17010
29232 0 21346
9309 9 26880
28543 10 22811
21262 11 2498
33305 0 172
3808 2 32661
26088 7 9754
30726 9 1523
28011 9 8240
12689 9 16224
15067 7 12080
24977 11 23703
27892 9 4039
32902 9 28011
19033 9 13131
27110 9 14214
6950 9 12689
17907 9 10644
5358 11 6822
5202 11 22724
21027 5 10481
14059 9 10509
27069 7 19500
11417 8 21113
23962 11 24898
21574 9 11426
22103 11 5983
31343 9 16121
6954 9 18326
24517 9 12689
3720 0 1067
12689 9 5276
2033 0 25538
2487 9 27844
27 11 31143
18261 0 18476
9370 11 24839
6118 9 9669
3336 9 11807
25835 0 24019
227 9 6989
28172 9 28011
9509 9 6297
30499 5 31605
3620 7 15913
9823 9 28011
15039 0 25826
12723 7 29454
12689 9 385
25224 5 5518
28011 9 12289
12775 0 6733
10541 11 16046
9698 8 26836
23449 9 12689
28462 2 22591
21574 9 18567
21273 9 10796
3972 9 6818
27060 11 24126
29171 11 25710
3402 9 28011
31293 9 12689
24114 11 23148
204 0 32833
12289 9 22354
26530 11 14049
28011 9 10200
7974 5 24941
19297 9 7009
1587 11 32388
353 9 13667
12689 9 18929
14795 10 32029
4014 9 5157
9225 9 2375
27015 9 230
32108 9 18013
4435 0 24265
12689 9 28926
16255 9 12689
17046 5 29921
21042 8 22995
11554 0 28456
2350 0 22252
18641 9 10509
22547 0 16655
858 9 13048
20513 9 13484
23776 9 19059
11094 9 12689
24845 7 6440
20110 7 4282
105 9 9624
16684 9 12689
28462 2 9996
12689 9 2941
22660 11 14480
25315 9 28011
12046 9 12362
6503 9 4185
9634 9 12689
16684 9 10876
26442 9 12689
24851 0 11544
28011 9 9688
8900 11 23282
24877 0 11505
32281 9 15107
4249 9 25196
14537 6 28858
24547 0 25256
4801 9 22990
18331 9 9464
16321 9 19732
25715 9 12689
26591 3 26786
4801 9 15584
14003 10 25417
268 0 8538
31599 9 1173
20160 0 10761
6993 0 2030
19334 2 3708
